3.96914089e-06
2.65448924e-06
1.32476415e-06
-3.28722273e-09
-1.31257730e-06
-2.58582101e-06
-3.80579711e-06
-4.95570821e-06
-6.01965635e-06
-6.98320703e-06
-7.83399268e-06
-8.56227252e-06
-9.16142079e-06
-9.62830688e-06
-9.96349031e-06
-1.01711850e-05
-1.02590075e-05
-1.02375607e-05
-1.01198925e-05
-9.92084957e-06
-9.65635745e-06
-9.34269273e-06
-8.99576527e-06
-8.63040689e-06
-8.25966475e-06
-7.89414098e-06
-7.54140118e-06
-7.20550861e-06
-6.88677044e-06
-6.58177978e-06
-6.28374897e-06
-5.98302885e-06
-5.66777492e-06
-5.32476834e-06
-4.94031205e-06
-4.50109126e-06
-3.99499449e-06
-3.41188730e-06
-2.74427524e-06
-1.98784385e-06
-1.14190811e-06
-2.09755547e-07
8.01223765e-07
1.87969509e-06
3.01081524e-06
4.17684865e-06
5.35786469e-06
6.53249174e-06
7.67869245e-06
8.77446351e-06
9.79843092e-06
1.07304251e-05
1.15520956e-05
1.22475058e-05
1.28036089e-05
1.32105559e-05
1.34618122e-05
1.35540914e-05
1.34871432e-05
1.32634764e-05
1.28890616e-05
1.23769353e-05
1.17395593e-05
1.09581851e-05
9.95857220e-06
8.63170007e-06
6.88208910e-06
4.64231083e-06
1.82561173e-06
-1.67965477e-06
-6.03293180e-06
-1.14018507e-05
-1.78084944e-05
-2.49995295e-05
-3.24415403e-05
-3.93984420e-05
-4.50266952e-05
-4.84626010e-05
-4.89181426e-05
-4.57721546e-05
-3.86481888e-05
-2.74391054e-05
-1.22999168e-05
6.36030021e-06
2.78654917e-05
5.12883493e-05
7.54982443e-05
9.92133945e-05
1.21046243e-04
1.39563444e-04
1.53388266e-04
1.61294939e-04
1.62228390e-04
1.55387272e-04
1.40325666e-04
1.17014774e-04
8.59100948e-05
4.79677309e-05
4.55820611e-06
-4.26828714e-05
-9.19981235e-05
-1.41565380e-04
-1.89618408e-04
-2.34552732e-04
-2.74871797e-04
-3.09312901e-04
-3.37039173e-04
-3.57713007e-04
-3.71428408e-04
-3.78305869e-04
-3.78132749e-04
-3.70085483e-04
-3.52725259e-04
-3.24161909e-04
-2.82282974e-04
-2.25048487e-04
-1.50756529e-04
-5.84441964e-05
5.16123041e-05
1.77632778e-04
3.16375669e-04
4.63171326e-04
6.12098998e-04
7.56280111e-04
8.88246918e-04
1.00032281e-03
1.08501748e-03
1.13549884e-03
1.14607879e-03
1.11251666e-03
1.03225506e-03
9.04809889e-04
7.32023033e-04
5.18022112e-04
2.69027647e-04
-6.82558331e-06
-2.99720720e-04
-5.98605573e-04
-8.91767204e-04
-1.16745951e-03
-1.41443130e-03
-1.62239001e-03
-1.78243531e-03
-1.88739630e-03
-1.93217702e-03
-1.91403357e-03
-1.83275895e-03
-1.69074776e-03
-1.49281342e-03
-1.24586848e-03
-9.58602235e-04
-6.41124638e-04
-3.04489323e-04
3.98657605e-05
3.80537333e-04
7.06515187e-04
1.00760199e-03
1.27484919e-03
1.50089331e-03
1.68015602e-03
1.80896353e-03
1.88560931e-03
1.91034476e-03
1.88527162e-03
1.81409039e-03
1.70183682e-03
1.55461606e-03
1.37924313e-03
1.18286089e-03
9.72576127e-04
7.55222261e-04
5.37111145e-04
3.23742654e-04
1.19747238e-04
-7.10160687e-05
-2.45529245e-04
-4.01752065e-04
-5.38600989e-04
-6.55784786e-04
-7.53609205e-04
-8.32877865e-04
-8.94813665e-04
-9.40848734e-04
-9.72429764e-04
-9.90953481e-04
-9.97813685e-04
-9.94363774e-04
-9.81812642e-04
-9.61175051e-04
-9.33296906e-04
-8.98867448e-04
-8.58348008e-04
-8.11915087e-04
-7.59540093e-04
-7.01100266e-04
-6.36467767e-04
-5.65567519e-04
-4.88416437e-04
-4.05212614e-04
-3.16416266e-04
-2.22799466e-04
-1.25460598e-04
-2.58067038e-05
7.44793926e-05
1.73534399e-04
2.69427582e-04
3.60233213e-04
4.44043838e-04
5.19005788e-04
5.83426152e-04
6.35864731e-04
6.75229309e-04
7.00836783e-04
7.12438096e-04
7.10266807e-04
6.95037765e-04
6.67844335e-04
6.30061539e-04
5.83326407e-04
5.29514199e-04
4.70612615e-04
4.08559296e-04
3.45173417e-04
2.82150914e-04
2.21035404e-04
1.63161906e-04
1.09603715e-04
6.11522550e-05
1.83165241e-05
-1.86703226e-05
-4.98512841e-05
-7.55448918e-05
-9.62945169e-05
-1.12796773e-04
-1.25816004e-04
-1.36108699e-04
-1.44397849e-04
-1.51347047e-04
-1.57511226e-04
-1.63308823e-04
-1.68989425e-04
-1.74596379e-04
-1.79949757e-04
-1.84697274e-04
-1.88429423e-04
-1.90749120e-04
-1.91315397e-04
-1.89904105e-04
-1.86450043e-04
-1.81035670e-04
-1.73844045e-04
-1.65135762e-04
-1.55207760e-04
-1.44344724e-04
-1.32804693e-04
-1.20801542e-04
-1.08523057e-04
-9.61775058e-05
-8.40076707e-05
-7.22732666e-05
-6.11929586e-05
-5.09070212e-05
-4.14637852e-05
-3.28067709e-05
-2.47967316e-05
-1.72817511e-05
-1.01669237e-05
-3.41739342e-06
2.98860500e-06
9.07563007e-06
1.48598306e-05
2.03472080e-05
2.55606942e-05
3.05594646e-05
3.54199108e-05
4.02139485e-05
4.50179295e-05
4.99003607e-05
5.48884166e-05
5.99775029e-05
6.51653216e-05
7.04571779e-05
7.58480057e-05
8.12909056e-05
8.66641854e-05
9.17694679e-05
9.63803597e-05
1.00280455e-04
1.03271189e-04
1.05170979e-04
1.05798111e-04
1.04966167e-04
1.02495832e-04
9.82282851e-05
9.20468029e-05
8.39157894e-05
7.39209688e-05
6.22692812e-05
4.92575375e-05
3.52463887e-05
2.06319430e-05
5.82426285e-06
-8.74458292e-06
-2.26111531e-05
-3.53086721e-05
-4.64178539e-05
-5.56245393e-05
-6.27738511e-05
-6.78812501e-05
-7.11034522e-05
-7.26691249e-05
-7.28039147e-05
-7.17062144e-05
-6.95648333e-05
-6.65833817e-05
-6.30074024e-05
-5.91074996e-05
-5.51262375e-05
-5.12636128e-05
-4.76888699e-05
-4.45461485e-05
-4.19489781e-05
-3.99476282e-05
-3.84984408e-05
-3.74775595e-05
-3.67176288e-05
-3.60304660e-05
-3.52262158e-05
-3.41527114e-05
-3.27355701e-05
-3.09830433e-05
-2.89486909e-05
-2.66817363e-05
-2.41908976e-05
-2.14290601e-05
-1.83173851e-05
-1.47781320e-05
-1.07666179e-05
-6.28766392e-06
-1.37335600e-06
3.94302730e-06
9.62239159e-06
1.55997765e-05
2.17770449e-05
2.80574686e-05
3.43844643e-05
4.07469021e-05
4.71526162e-05
5.36035593e-05
6.00876764e-05
6.65506570e-05
7.28673204e-05
7.88390733e-05
8.41988346e-05
8.85981052e-05
9.16185643e-05
9.28417994e-05
9.19378792e-05
8.87226388e-05
8.31480193e-05
7.52480431e-05
6.51043318e-05
5.28337817e-05
3.86029156e-05
2.26701325e-05
5.41796274e-06
-1.26607196e-05
-3.09958052e-05
-4.89711755e-05
-6.59454775e-05
-8.12745698e-05
-9.43549390e-05
-1.04662660e-04
-1.11786370e-04
-1.15464966e-04
-1.15608005e-04
-1.12283574e-04
-1.05680746e-04
-9.60670792e-05
-8.37704353e-05
-6.91827872e-05
-5.27775398e-05
-3.51311813e-05
-1.69025451e-05
1.23565135e-06
1.86538508e-05
3.48024396e-05
4.92316976e-05
6.15764988e-05
7.15361048e-05
7.88794084e-05
8.34637386e-05
8.52426527e-05
8.42614596e-05
8.06507288e-05
7.46226613e-05
6.64640761e-05
5.65193850e-05
4.51739843e-05
3.28391838e-05
1.99392580e-05
6.89761046e-06
-5.87185227e-06
-1.79680117e-05
-2.90218534e-05
-3.87251147e-05
-4.68365114e-05
-5.31560306e-05
-5.75147159e-05
-5.97989616e-05
-5.99918600e-05
-5.82037699e-05
-5.46617482e-05
-4.96699569e-05
-4.35777370e-05
-3.67466930e-05
-2.95156620e-05
-2.21849880e-05
-1.50094063e-05
-8.19235215e-06
-1.88144309e-06
3.82587251e-06
8.86120811e-06
1.31886317e-05
1.68290824e-05
1.98621008e-05
2.24061825e-05
2.45942169e-05
2.65479621e-05
2.83566609e-05
3.00695562e-05
3.17048454e-05
3.32447122e-05
3.46166505e-05
3.56954302e-05
3.63262581e-05
3.63558351e-05
3.56466620e-05
3.40752473e-05
3.15412589e-05
2.79894114e-05
2.34267086e-05
1.79293259e-05
1.16342601e-05
4.72095512e-06
-2.59187218e-06
-1.00454873e-05
-1.73440879e-05
-2.41615701e-05
-3.01527978e-05
-3.49920012e-05
-3.84339704e-05
-4.03452877e-05
-4.07110997e-05
-3.96171422e-05
-3.72081527e-05
-3.36630612e-05
-2.91906899e-05
-2.40274558e-05
-1.84270103e-05
-1.26450703e-05
-6.92630930e-06
-1.49256878e-06
3.46848821e-06
7.80920411e-06
1.14218066e-05
1.42247667e-05
1.61616057e-05
1.72065903e-05
1.73689011e-05
1.67081368e-05
1.53357870e-05
1.33830824e-05
1.09712124e-05
8.20451753e-06
5.16841096e-06
1.92586116e-06
-1.47297947e-06
-4.97868207e-06
-8.53825215e-06
-1.20882119e-05
-1.55514919e-05
-1.88288604e-05
-2.17808975e-05
-2.42297968e-05
-2.59854458e-05
-2.68761167e-05
-2.67643824e-05
-2.55516296e-05
-2.31825191e-05
-1.96538745e-05
-1.50277299e-05
-9.44707279e-06
-3.13291241e-06
3.63888781e-06
1.05647144e-05
1.73427774e-05
2.37102650e-05
2.94718833e-05
3.45061052e-05
3.87585730e-05
4.22376445e-05
4.50018668e-05
4.71278435e-05
4.86832373e-05
4.97169171e-05
5.02538479e-05
5.03006255e-05
4.98565792e-05
4.89126552e-05
4.74249060e-05
4.52878520e-05
0.00000000e+00
0.00000000e+00
0.00000000e+00
0.00000000e+00
0.00000000e+00
0.00000000e+00
0.00000000e+00
0.00000000e+00
0.00000000e+00
0.00000000e+00
0.00000000e+00
0.00000000e+00
0.00000000e+00
0.00000000e+00
0.00000000e+00
0.00000000e+00
0.00000000e+00
0.00000000e+00
0.00000000e+00
0.00000000e+00
0.00000000e+00
0.00000000e+00
0.00000000e+00
0.00000000e+00
0.00000000e+00
0.00000000e+00
0.00000000e+00
0.00000000e+00
0.00000000e+00
0.00000000e+00
0.00000000e+00
0.00000000e+00
0.00000000e+00
0.00000000e+00
0.00000000e+00
0.00000000e+00
0.00000000e+00
0.00000000e+00
0.00000000e+00
0.00000000e+00
0.00000000e+00
0.00000000e+00
0.00000000e+00
0.00000000e+00
0.00000000e+00
0.00000000e+00
0.00000000e+00
0.00000000e+00
0.00000000e+00
0.00000000e+00
0.00000000e+00
0.00000000e+00
0.00000000e+00
0.00000000e+00
0.00000000e+00
0.00000000e+00
0.00000000e+00
0.00000000e+00
0.00000000e+00
0.00000000e+00
0.00000000e+00
0.00000000e+00
0.00000000e+00
0.00000000e+00
0.00000000e+00
0.00000000e+00
0.00000000e+00
0.00000000e+00
0.00000000e+00
0.00000000e+00
0.00000000e+00
0.00000000e+00
0.00000000e+00
0.00000000e+00
0.00000000e+00
0.00000000e+00
0.00000000e+00
0.00000000e+00
0.00000000e+00
0.00000000e+00
0.00000000e+00
0.00000000e+00
0.00000000e+00
0.00000000e+00
0.00000000e+00
0.00000000e+00
0.00000000e+00
0.00000000e+00
0.00000000e+00
-1.33074304e-11
-4.01203133e-10
-2.81379334e-09
-1.08175630e-08
-2.98153266e-08
-6.64048945e-08
-1.27394608e-07
-2.18679827e-07
-3.44166547e-07
-5.04868552e-07
-6.98261403e-07
-9.17982118e-07
-1.15391326e-06
-1.39258036e-06
-1.61781825e-06
-1.81167160e-06
-1.95547733e-06
-2.03105637e-06
-2.02190583e-06
-1.91431114e-06
-1.69834171e-06
-1.36869016e-06
-9.25298537e-07
-3.73730339e-07
2.74737383e-07
1.00330477e-06
1.79014171e-06
2.60917371e-06
3.43115537e-06
4.22495081e-06
4.95892539e-06
5.60237106e-06
6.12688104e-06
6.50760753e-06
6.72436069e-06
6.76250700e-06
6.61362399e-06
6.27586854e-06
5.75405931e-06
5.05949688e-06
4.20953993e-06
3.22696417e-06
2.13912607e-06
9.76948885e-07
-2.26259740e-07
-1.43612331e-06
-2.61855784e-06
-3.74110076e-06
-4.77414266e-06
-5.69199115e-06
-6.47370975e-06
-7.10368677e-06
-7.57194551e-06
-7.87421177e-06
-8.01172924e-06
-7.99084160e-06
-7.82239628e-06
-7.52101474e-06
-7.10427442e-06
-6.59185456e-06
-6.00466905e-06
-5.36397845e-06
-4.69053741e-06
-4.00382980e-06
-3.32138918e-06
-2.65824548e-06
-2.02653707e-06
-1.43529913e-06
-8.90402120e-07
-3.94604914e-07
5.22644118e-08
4.52994541e-07
8.12550405e-07
1.13753537e-06
1.43559767e-06
1.71480478e-06
1.98301500e-06
2.24729865e-06
2.51346101e-06
2.78568681e-06
3.06631567e-06
3.35572226e-06
3.65228153e-06
3.95243778e-06
4.25088266e-06
4.54082243e-06
4.81431319e-06
5.06266044e-06
5.27684698e-06
5.44794845e-06
5.56753051e-06
5.62803351e-06
5.62314475e-06
5.54818059e-06
5.40107162e-06
5.18402250e-06
4.90404078e-06
4.56992073e-06
4.19147845e-06
3.78165224e-06
3.35903435e-06
2.95057596e-06
2.58522164e-06
2.28908904e-06
2.08149269e-06
1.96649528e-06
1.93445328e-06
1.96166540e-06
2.01095265e-06
2.02801790e-06
1.93723334e-06
1.65483438e-06
1.10227924e-06
2.04981313e-07
-1.09975768e-06
-2.85086268e-06
-5.05294889e-06
-7.67341233e-06
-1.06456087e-05
-1.38688926e-05
-1.72102218e-05
-2.05125110e-05
-2.36021882e-05
-2.62966157e-05
-2.84138510e-05
-2.97806713e-05
-3.02426805e-05
-2.96796470e-05
-2.80090995e-05
-2.51884926e-05
-2.12234962e-05
-1.61726013e-05
-1.01415806e-05
-3.27705046e-06
4.23934598e-06
1.21912128e-05
2.03401233e-05
2.84346300e-05
3.62157386e-05
4.34313005e-05
4.98419303e-05
5.52260520e-05
5.93880880e-05
6.21655925e-05
6.34327476e-05
6.31001224e-05
6.11181235e-05
5.74815905e-05
5.22291508e-05
4.54471290e-05
3.72718638e-05
2.78813478e-05
1.74888763e-05
6.33900879e-06
-5.29683113e-06
-1.71278811e-05
-2.88520678e-05
-4.01649446e-05
-5.07684770e-05
-6.03759475e-05
-6.87179184e-05
-7.55584032e-05
-8.07079677e-05
-8.40224526e-05
-8.54009653e-05
-8.47918866e-05
-8.21956097e-05
-7.76620205e-05
-7.12959813e-05
-6.32592846e-05
-5.37659932e-05
-4.30751301e-05
-3.14818281e-05
-1.93103888e-05
-6.90200533e-06
5.39781152e-06
1.72513602e-05
2.83392474e-05
3.83733444e-05
4.71075523e-05
5.43507547e-05
5.99767924e-05
6.39296086e-05
6.62268902e-05
6.69524925e-05
6.62379473e-05
6.42446578e-05
6.11554331e-05
5.71700212e-05
5.24985138e-05
4.73412357e-05
4.18443686e-05
3.60686783e-05
3.00076252e-05
2.36247881e-05
1.68771346e-05
9.74210306e-06
2.25723444e-06
-5.48975252e-06
-1.33945917e-05
-2.13248431e-05
-2.90835376e-05
-3.64269501e-05
-4.31019376e-05
-4.88433415e-05
-5.33680443e-05
-5.64015096e-05
-5.77134991e-05
-5.71354642e-05
-5.45545122e-05
-4.99104852e-05
-4.32216476e-05
-3.45963450e-05
-2.42296053e-05
-1.23900394e-05
5.84855480e-07
1.42986736e-05
2.83151093e-05
4.21778040e-05
5.54333110e-05
6.76418779e-05
7.83856641e-05
8.72754190e-05
9.39624274e-05
9.81479634e-05
9.95748481e-05
9.80358811e-05
9.33820212e-05
8.55283640e-05
7.44761243e-05
6.03173504e-05
4.32444217e-05
2.35589552e-05
1.66826614e-06
-2.19191432e-05
-4.65957395e-05
-7.16517805e-05
-9.62922211e-05
-1.19680481e-04
-1.40980877e-04
-1.59400272e-04
-1.74239083e-04
-1.84936988e-04
-1.91077754e-04
-1.92366339e-04
-1.88622578e-04
-1.79769814e-04
-1.65860120e-04
-1.47104056e-04
-1.23868048e-04
-9.66715901e-05
-6.61761663e-05
-3.31803388e-05
1.40016294e-06
3.65526691e-05
7.12162697e-05
1.04342477e-04
1.34932445e-04
1.62048194e-04
1.84846136e-04
2.02616002e-04
2.14827815e-04
2.21162017e-04
2.21525341e-04
2.16037937e-04
2.04999274e-04
1.88887300e-04
1.68347865e-04
1.44168440e-04
1.17224371e-04
8.84675950e-05
5.88993547e-05
2.95049608e-05
1.22164694e-06
-2.50939250e-05
-4.86930530e-05
-6.89560631e-05
-8.54172320e-05
-9.77802663e-05
-1.05913791e-04
-1.09859751e-04
-1.09821385e-04
-1.06172166e-04
-9.94583827e-05
-9.03616955e-05
-7.96549344e-05
-6.81159419e-05
-5.64849586e-05
-4.54418963e-05
-3.55658551e-05
-2.73290375e-05
-2.10599730e-05
-1.69132328e-05
-1.49154879e-05
-1.49904877e-05
-1.69684645e-05
-2.05861087e-05
-2.54992127e-05
-3.13067052e-05
-3.75541124e-05
-4.37607297e-05
-4.94468154e-05
-5.41387758e-05
-5.73818794e-05
-5.87792806e-05
-5.80455014e-05
-5.49422518e-05
-4.92441435e-05
-4.07987272e-05
-2.95619351e-05
-1.56311959e-05
7.51579742e-07
1.91875469e-05
3.91185305e-05
5.98829661e-05
8.07529521e-05
1.00976631e-04
1.19781896e-04
1.36356920e-04
1.49880707e-04
1.59560436e-04
1.64667341e-04
1.64589991e-04
1.58905292e-04
1.47439733e-04
1.30260239e-04
1.07659146e-04
8.01464175e-05
4.84611864e-05
1.35526920e-05
-2.34722867e-05
-6.13745258e-05
-9.88170239e-05
-1.34434115e-04
-1.66851193e-04
-1.94721414e-04
-2.16799103e-04
-2.32020292e-04
-2.39568470e-04
-2.38905738e-04
-2.29808111e-04
-2.12432866e-04
-1.87331930e-04
-1.55410853e-04
-1.17916675e-04
-7.63924371e-05
-3.26109359e-05
1.14991831e-05
5.40003252e-05
9.31034606e-05
1.27284216e-04
1.55350133e-04
1.76454504e-04
1.90091641e-04
1.96128535e-04
1.94816437e-04
1.86750812e-04
1.72825330e-04
1.54172647e-04
1.32115794e-04
1.08068546e-04
8.34444246e-05
5.96042778e-05
3.77779183e-05
1.89808269e-05
3.95131497e-06
-6.87742454e-06
-1.33917356e-05
-1.58110917e-05
-1.46506009e-05
-1.06252442e-05
-4.58589841e-06
2.50741040e-06
9.63813957e-06
1.58054895e-05
2.01107926e-05
2.18374302e-05
2.04930888e-05
1.58314366e-05
7.84564666e-06
-3.25120402e-06
-1.70300162e-05
-3.28551941e-05
-4.99015388e-05
-6.71903445e-05
-8.36461846e-05
-9.81967278e-05
-1.09871328e-04
-1.17891049e-04
-1.21722366e-04
-1.21109173e-04
-1.16077493e-04
-1.06892796e-04
-9.40139323e-05
-7.80747623e-05
-5.98657329e-05
-4.02775420e-05
-2.02252032e-05
-6.01325633e-07
1.77733895e-05
3.41850348e-05
4.80440739e-05
5.89066147e-05
6.64912516e-05
7.07103482e-05
7.16573915e-05
6.95599182e-05
6.47617732e-05
5.77097619e-05
4.89199967e-05
3.89329500e-05
2.82743103e-05
1.74104330e-05
6.72588131e-06
-3.45268099e-06
-1.28358768e-05
-2.11872818e-05
-2.83363201e-05
-3.41654023e-05
-3.86110785e-05
-4.16681371e-05
-4.33750903e-05
-4.37937215e-05
-2.38402871e-06
1.16638582e-06
4.60243307e-06
7.89630383e-06
1.10229448e-05
1.39601434e-05
1.66885748e-05
1.91917864e-05
2.14561407e-05
2.34707640e-05
2.52274864e-05
2.67207604e-05
2.79475295e-05
2.89070427e-05
2.96006243e-05
3.00314249e-05
3.02041820e-05
3.01250166e-05
2.98012691e-05
2.92413660e-05
2.84547029e-05
2.74515523e-05
2.62430080e-05
2.48409426e-05
2.32579623e-05
2.15073577e-05
1.96030470e-05
1.75595165e-05
1.53918119e-05
1.31155981e-05
1.07472786e-05
8.30414767e-06
5.80453928e-06
3.26791788e-06
7.14906307e-07
-1.83273701e-06
-4.35220208e-06
-6.81976494e-06
-9.21100137e-06
-1.15011114e-05
-1.36653049e-05
-1.56792264e-05
-1.75194294e-05
-1.91639004e-05
-2.05926093e-05
-2.17880206e-05
-2.27355321e-05
-2.34238461e-05
-2.38452851e-05
-2.39960205e-05
-2.38761948e-05
-2.34899008e-05
-2.28450171e-05
-2.19529461e-05
-2.08282648e-05
-1.94882932e-05
-1.79526389e-05
-1.62427579e-05
-1.43815096e-05
-1.23927217e-05
-1.03008061e-05
-8.13042468e-06
-5.90621061e-06
-3.65251647e-06
-1.39319303e-06
8.48566045e-07
3.05028715e-06
5.19026165e-06
7.24764150e-06
9.20253913e-06
1.10361080e-05
1.27306262e-05
1.42695802e-05
1.56377563e-05
1.68213920e-05
1.78084067e-05
1.85886494e-05
1.91541366e-05
1.94992820e-05
1.96211216e-05
1.95195300e-05
1.91973930e-05
1.86606821e-05
1.79184234e-05
1.69826008e-05
1.58680241e-05
1.45921575e-05
1.31749129e-05
1.16384300e-05
1.00067895e-05
8.30557699e-06
6.56130275e-06
4.80075912e-06
3.05034132e-06
1.33533798e-06
-3.20782086e-07
-1.89703123e-06
-3.37545808e-06
-4.74154679e-06
-5.98443030e-06
-7.09692976e-06
-8.07543182e-06
-8.91961429e-06
-9.63204873e-06
-1.02177222e-05
-1.06835089e-05
-1.10376303e-05
-1.12891101e-05
-1.14472362e-05
-1.15210463e-05
-1.15188546e-05
-1.14478257e-05
-1.13136503e-05
-1.11203673e-05
-1.08702771e-05
-1.05639278e-05
-1.02002238e-05
-9.77668555e-06
-9.28982753e-06
-8.73563827e-06
-8.11014256e-06
-7.40998831e-06
-6.63302330e-06
-5.77883517e-06
-4.84923275e-06
-3.84859977e-06
-2.78343676e-06
-1.65730263e-06
-4.71803928e-07
7.52002889e-07
1.99479878e-06
3.26713199e-06
4.62446328e-06
6.14233686e-06
7.85456529e-06
9.76520837e-06
1.18669772e-05
1.41146373e-05
1.64239579e-05
1.86769239e-05
2.07044268e-05
2.22778441e-05
2.31218490e-05
2.29357715e-05
2.14040826e-05
1.82345101e-05
1.32346998e-05
6.36032590e-06
-2.25582334e-06
-1.23025075e-05
-2.33167265e-05
-3.47064224e-05
-4.57741767e-05
-5.57753221e-05
-6.39541128e-05
-6.95619631e-05
-7.19216109e-05
-7.04903660e-05
-6.49233006e-05
-5.51095727e-05
-4.12013610e-05
-2.36211497e-05
-3.04146321e-06
1.96566218e-05
4.34329743e-05
6.71480045e-05
8.96105955e-05
1.09631437e-04
1.26105494e-04
1.38086289e-04
1.44839310e-04
1.45881289e-04
1.41012444e-04
1.30329741e-04
1.14208261e-04
9.32749639e-05
6.83818247e-05
4.05530094e-05
1.09282568e-05
-1.92870839e-05
-4.88827203e-05
-7.67055939e-05
-1.01710190e-04
-1.23005168e-04
-1.39886144e-04
-1.51854477e-04
-1.58634296e-04
-1.60168513e-04
-1.56611914e-04
-1.48324287e-04
-1.35846193e-04
-1.19864598e-04
-1.01165476e-04
-8.05997512e-05
-5.90511146e-05
-3.73800351e-05
-1.63734205e-05
3.28963023e-06
2.10640518e-05
3.65578974e-05
4.95490754e-05
5.99947497e-05
6.80220770e-05
7.38806679e-05
7.78548007e-05
8.02405119e-05
8.13309950e-05
8.13365304e-05
8.03144086e-05
7.81572411e-05
7.46026664e-05
6.92438081e-05
6.16002865e-05
5.12402438e-05
3.78679345e-05
2.14147193e-05
2.12667114e-06
-1.94344198e-05
-4.24114559e-05
-6.56415918e-05
-8.76816315e-05
-1.06914094e-04
-1.21740801e-04
-1.30741689e-04
-1.32769471e-04
-1.27005178e-04
-1.13021110e-04
-9.07154889e-05
-6.02338478e-05
-2.19869214e-05
2.31818222e-05
7.39005579e-05
1.28312729e-04
1.84213810e-04
2.39214299e-04
2.90810054e-04
3.36443050e-04
3.73576038e-04
3.99875754e-04
4.13309782e-04
4.12182682e-04
3.95297130e-04
3.62044876e-04
3.12509218e-04
2.47550361e-04
1.68782785e-04
7.84636976e-05
-2.06450389e-05
-1.25320951e-04
-2.31986647e-04
-3.36911554e-04
-4.36359321e-04
-5.26763988e-04
-6.04854617e-04
-6.67808277e-04
-7.13368676e-04
-7.39940110e-04
-7.46638418e-04
-7.33246617e-04
-7.00151052e-04
-6.48305122e-04
-5.79231063e-04
-4.94984866e-04
-3.98051312e-04
-2.91311941e-04
-1.77880489e-04
-6.09532566e-05
5.62875549e-05
1.70818228e-04
2.79860245e-04
3.80923506e-04
4.71873933e-04
5.50963497e-04
6.16852655e-04
6.68661190e-04
7.06014446e-04
7.28978030e-04
7.37945845e-04
7.33518749e-04
7.16458133e-04
6.87682435e-04
6.48248524e-04
5.99318371e-04
5.42067608e-04
4.77630675e-04
4.07116473e-04
3.31578466e-04
2.52006362e-04
1.69399281e-04
8.48311677e-05
-5.71587758e-07
-8.56865819e-05
-1.69385755e-04
-2.50531994e-04
-3.27958040e-04
-4.00441146e-04
-4.66694389e-04
-5.25344737e-04
-5.74988734e-04
-6.14279307e-04
-6.42009048e-04
-6.57184009e-04
-6.59016106e-04
-6.46982786e-04
-6.20966677e-04
-5.81328949e-04
-5.28905576e-04
-4.64945874e-04
-3.91062064e-04
-3.09257178e-04
-2.21893852e-04
-1.31567900e-04
-4.09995542e-05
4.70241896e-05
1.29733276e-04
2.04544884e-04
2.69239449e-04
3.22063973e-04
3.61821305e-04
3.87887336e-04
4.00184069e-04
3.99189163e-04
3.85913327e-04
3.61799697e-04
3.28664580e-04
2.88642379e-04
2.44131279e-04
1.97708432e-04
1.51917485e-04
1.09072958e-04
7.11177235e-05
3.95032891e-05
1.51907787e-05
-1.32285035e-06
-9.99090231e-06
-1.12249021e-05
-5.92334906e-06
4.59625864e-06
1.87645980e-05
3.49110996e-05
5.13371042e-05
6.63918648e-05
7.85452125e-05
8.64992164e-05
8.92871117e-05
8.63109585e-05
7.73360522e-05
6.24610378e-05
4.21014947e-05
1.69774014e-05
-1.19389277e-05
-4.35121002e-05
-7.65204330e-05
-1.09685288e-04
-1.41700230e-04
-1.71301800e-04
-1.97330042e-04
-2.18784764e-04
-2.34891362e-04
-2.45112346e-04
-2.49092767e-04
-2.46642664e-04
-2.37820398e-04
-2.23005687e-04
-2.02867738e-04
-1.78245009e-04
-1.50042069e-04
-1.19208684e-04
-8.67699385e-05
-5.37658852e-05
-2.11539206e-05
1.02313489e-05
3.96791450e-05
6.66314220e-05
9.07072136e-05
1.11649868e-04
1.29282508e-04
1.43551541e-04
1.54548664e-04
1.62458972e-04
1.67475640e-04
1.69771290e-04
1.69506059e-04
1.66831599e-04
1.61914245e-04
1.54937423e-04
1.46100385e-04
1.35613813e-04
1.23726683e-04
1.10708583e-04
9.68110802e-05
8.22843147e-05
6.74133246e-05
5.25232282e-05
3.79559243e-05
2.40577774e-05
1.11434555e-05
-5.27853873e-07
-1.07741788e-05
-1.95071916e-05
-2.67420036e-05
-3.25897295e-05
-3.72249431e-05
-4.08682643e-05
-4.37681720e-05
-4.61910295e-05
-4.84107421e-05
-5.06720446e-05
-5.31402178e-05
-5.58818287e-05
-5.88753113e-05
-6.20260579e-05
-6.51817007e-05
-6.81590686e-05
-7.07632833e-05
-7.27783397e-05
-7.39879763e-05
-7.42219578e-05
-7.33800835e-05
-7.14194793e-05
-6.83354363e-05
-6.41610806e-05
-5.90009280e-05
-5.30531115e-05
-4.65887066e-05
-3.99151352e-05
-3.33225706e-05
-2.70381876e-05
-2.12107593e-05
-1.59058650e-05
-1.11136949e-05
-6.77020422e-06
-2.78241219e-06
9.65350682e-07
4.61962948e-06
8.34109692e-06
1.22743928e-05
1.65414037e-05
2.12454324e-05
2.64466129e-05
3.21336213e-05
3.82241655e-05
4.45746381e-05
5.10012423e-05
5.72832210e-05
6.31681426e-05
6.83699122e-05
7.25734789e-05
7.54588670e-05
7.67228407e-05
7.61083246e-05
7.34435773e-05
6.86596139e-05
6.17991372e-05
5.30156207e-05
4.25777643e-05
3.08734539e-05
1.83893542e-05
5.66503045e-06
-6.75038318e-06
-1.83406458e-05
-2.86591826e-05
-3.73363638e-05
-4.40872188e-05
-4.87277861e-05
-5.11844926e-05
-5.14850218e-05
-4.97487371e-05
-4.61723661e-05
-4.10188213e-05
-3.46241294e-05
-2.73887421e-05
-1.97451245e-05
-1.21448171e-05
-5.05174852e-06
1.07671302e-06
5.81778210e-06
8.80872790e-06
9.78228229e-06
8.60969707e-06
5.33553746e-06
1.70978085e-07
-6.55082752e-06
-1.44166064e-05
-2.29561794e-05
-3.16776119e-05
-4.00857372e-05
-4.76722978e-05
-5.39247774e-05
-5.83632698e-05
-6.05798762e-05
-6.02578126e-05
-5.71973387e-05
-5.13359728e-05
-4.27546838e-05
-3.16989423e-05
-1.85980981e-05
-4.04510448e-06
1.12655167e-05
2.66028517e-05
4.12515142e-05
5.45499771e-05
6.59176758e-05
7.48691999e-05
8.10520187e-05
8.42910776e-05
8.45879947e-05
8.20774396e-05
7.69730265e-05
6.95391137e-05
6.01099797e-05
4.90930188e-05
3.15614606e-06
3.74776319e-06
4.26473084e-06
4.69330208e-06
5.02207980e-06
5.24246240e-06
5.34893208e-06
5.33921559e-06
5.21435898e-06
4.97871973e-06
4.63987659e-06
4.20844505e-06
3.69777331e-06
3.12351449e-06
2.50309752e-06
1.85511176e-06
1.19863914e-06
5.52564738e-07
-6.51311621e-08
-6.38069348e-07
-1.15212356e-06
-1.59600128e-06
-1.96170711e-06
-2.24483813e-06
-2.44467513e-06
-2.56405795e-06
-2.60909127e-06
-2.58869881e-06
-2.51402418e-06
-2.39772991e-06
-2.25323044e-06
-2.09387936e-06
-1.93218955e-06
-1.77917739e-06
-1.64386249e-06
-1.53293362e-06
-1.45059019e-06
-1.39856605e-06
-1.37631210e-06
-1.38128013e-06
-1.40926514e-06
-1.45480006e-06
-1.51155930e-06
-1.57272941e-06
-1.63133515e-06
-1.68054159e-06
-1.71397201e-06
-1.72603095e-06
-1.71218916e-06
-1.66921114e-06
-1.59529292e-06
-1.49006992e-06
-1.35452964e-06
-1.19086851e-06
-1.00229742e-06
-7.92822271e-07
-5.67008760e-07
-3.29711313e-07
-8.57903411e-08
1.60161108e-07
4.04073440e-07
6.42421685e-07
8.61917607e-07
1.01270191e-06
1.02133318e-06
7.58942735e-07
-2.49666095e-08
-1.64556982e-06
-4.47067076e-06
-8.88409820e-06
-1.51368213e-05
-2.32079837e-05
-3.27771735e-05
-4.33271801e-05
-5.41355061e-05
-6.42183570e-05
-7.23638330e-05
-7.71886530e-05
-7.71896349e-05
-7.09479796e-05
-5.72882041e-05
-3.53983983e-05
-4.95866095e-06
3.37393426e-05
7.96667689e-05
1.31065971e-04
1.85565095e-04
2.40249522e-04
2.91834245e-04
3.36883852e-04
3.71960403e-04
3.93871441e-04
3.99908011e-04
3.88004276e-04
3.56893578e-04
3.06224670e-04
2.36670183e-04
1.49981973e-04
4.89132599e-05
-6.29172353e-05
-1.81166586e-04
-3.00960922e-04
-4.17207957e-04
-5.24889766e-04
-6.19340749e-04
-6.96531239e-04
-7.53325827e-04
-7.87716230e-04
-7.98881028e-04
-7.86762984e-04
-7.51828216e-04
-6.95109687e-04
-6.18315431e-04
-5.23831644e-04
-4.14482889e-04
-2.93347641e-04
-1.63545204e-04
-2.77673667e-05
1.11858580e-04
2.53724920e-04
3.96276037e-04
5.37694551e-04
6.75690539e-04
8.07353335e-04
9.29095381e-04
1.03669406e-03
1.12545185e-03
1.19045171e-03
1.22684344e-03
1.23017907e-03
1.19678183e-03
1.12418695e-03
1.01150079e-03
8.59617713e-04
6.71254923e-04
4.50953002e-04
2.04949271e-04
-5.90093353e-05
-3.31957923e-04
-6.04125316e-04
-8.65342197e-04
-1.10547383e-03
-1.31480784e-03
-1.48457812e-03
-1.60744492e-03
-1.67792886e-03
-1.69275960e-03
-1.65103700e-03
-1.55417079e-03
-1.40575853e-03
-1.21134867e-03
-9.78153830e-04
-7.14760577e-04
-4.30777559e-04
-1.36383667e-04
1.58208504e-04
4.43145306e-04
7.09232741e-04
9.48241949e-04
1.15320629e-03
1.31864906e-03
1.44069561e-03
1.51714999e-03
1.54752120e-03
1.53300409e-03
1.47635715e-03
1.38169236e-03
1.25424461e-03
1.09997872e-03
9.25274505e-04
7.36682030e-04
5.40702982e-04
3.43560821e-04
1.50972656e-04
-3.19852585e-05
-2.00955664e-04
-3.52419168e-04
-4.83770413e-04
-5.93363684e-04
-6.80571958e-04
-7.45706809e-04
-7.89850729e-04
-8.14691610e-04
-8.22335964e-04
-8.15182931e-04
-7.95742686e-04
-7.66492289e-04
-7.29798577e-04
-6.87840643e-04
-6.42481867e-04
-5.95185775e-04
-5.47044654e-04
-4.98830957e-04
-4.51095772e-04
-4.04289177e-04
-3.58730107e-04
-3.14569907e-04
-2.71816192e-04
-2.30362762e-04
-1.90047742e-04
-1.50713436e-04
-1.12191274e-04
-7.43422280e-05
-3.71643594e-05
-7.17773317e-07
3.50679833e-05
7.03642186e-05
1.05279723e-04
1.39869156e-04
1.74208477e-04
2.08342636e-04
2.42228138e-04
2.75770293e-04
3.08862915e-04
3.41378398e-04
3.73126758e-04
4.03861651e-04
4.33296420e-04
4.61077085e-04
4.86723200e-04
5.09627669e-04
5.29075049e-04
5.44294310e-04
5.54515326e-04
5.59005132e-04
5.57111700e-04
5.48314004e-04
5.32204917e-04
5.08507256e-04
4.77128090e-04
4.38127009e-04
3.91643607e-04
3.37869671e-04
2.77053602e-04
2.09625698e-04
1.36276163e-04
5.79878000e-05
-2.39503085e-05
-1.07968143e-04
-1.92288277e-04
-2.75018648e-04
-3.54240166e-04
-4.28064158e-04
-4.94653962e-04
-5.52230200e-04
-5.99123023e-04
-6.33843515e-04
-6.55190914e-04
-6.62347849e-04
-6.54984144e-04
-6.33316271e-04
-5.98080910e-04
-5.50466665e-04
-4.92035814e-04
-4.24645277e-04
-3.50396610e-04
-2.71652067e-04
-1.91013980e-04
-1.11187464e-04
-3.47531849e-05
3.59962374e-05
9.91047602e-05
1.52992756e-04
1.96528624e-04
2.29103020e-04
2.50632882e-04
2.61526049e-04
2.62652374e-04
2.55314408e-04
2.41190852e-04
2.22205115e-04
2.00329359e-04
1.77411722e-04
1.55072642e-04
1.34670594e-04
1.17298859e-04
1.03768752e-04
9.45959974e-05
8.99859470e-05
8.98357538e-05
9.37583361e-05
1.01097859e-04
1.10954849e-04
1.22249106e-04
1.33813983e-04
1.44489936e-04
1.53188101e-04
1.58956226e-04
1.61012701e-04
1.58744478e-04
1.51725463e-04
1.39759839e-04
1.22934763e-04
1.01633089e-04
7.65025250e-05
4.84036234e-05
1.83610087e-05
-1.25116773e-05
-4.31206929e-05
-7.24751427e-05
-9.97233861e-05
-1.24149187e-04
-1.45185801e-04
-1.62439500e-04
-1.75660734e-04
-1.84708345e-04
-1.89531892e-04
-1.90176293e-04
-1.86784221e-04
-1.79611010e-04
-1.69038599e-04
-1.55546991e-04
-1.39683158e-04
-1.22040239e-04
-1.03248131e-04
-8.39499845e-05
-6.47918612e-05
-4.64324697e-05
-2.95077476e-05
-1.45541558e-05
-1.95095796e-06
8.09137606e-06
1.55127799e-05
2.03819704e-05
2.28641742e-05
2.32057087e-05
2.17572085e-05
1.89772150e-05
1.53977944e-05
1.15588114e-05
7.91468399e-06
4.75893270e-06
2.21790450e-06
3.09465855e-07
-9.87706250e-07
-1.68768390e-06
-1.75804097e-06
-1.09729175e-06
4.32916290e-07
2.96702394e-06
6.59563412e-06
1.13285539e-05
1.70815576e-05
2.37020986e-05
3.10311590e-05
3.88963001e-05
4.70651295e-05
5.52318558e-05
6.30639407e-05
7.02692963e-05
7.66057340e-05
8.18442101e-05
8.57596515e-05
8.81681628e-05
8.89439652e-05
8.79958389e-05
8.52562988e-05
8.06934065e-05
7.43166541e-05
6.61988437e-05
5.65125388e-05
4.55618958e-05
3.37838780e-05
2.17114275e-05
9.90353950e-06
-1.09741361e-06
-1.07863218e-05
-1.87234602e-05
-2.45877775e-05
-2.82395120e-05
-2.97367360e-05
-2.93195257e-05
-2.73669702e-05
-2.43422232e-05
-2.07599574e-05
-1.71544955e-05
-1.40488111e-05
-1.19319100e-05
-1.12240341e-05
-1.22453753e-05
-1.52088778e-05
-2.02252857e-05
-2.73067054e-05
-3.63594030e-05
-4.71687191e-05
-5.93776342e-05
-7.24799373e-05
-8.58552301e-05
-9.88178335e-05
-1.10650651e-04
-1.20648565e-04
-1.28151459e-04
-1.32558591e-04
-1.33340789e-04
-1.30071677e-04
-1.22466637e-04
-1.10427205e-04
-9.40629932e-05
-7.36998017e-05
-4.98768429e-05
-2.33111600e-05
5.14615217e-06
3.45695749e-05
6.40291078e-05
9.26362440e-05
1.19552406e-04
1.43978776e-04
1.65175518e-04
1.82493859e-04
1.95398028e-04
2.03473188e-04
2.06431070e-04
2.04132102e-04
1.96618792e-04
1.84131240e-04
1.67085758e-04
1.46024847e-04
1.21579035e-04
9.44551735e-05
6.54294609e-05
3.53351186e-05
5.03553772e-06
-2.46072479e-05
-5.27661169e-05
-7.86729398e-05
-1.01636962e-04
-1.21070985e-04
-1.36522230e-04
-1.47703484e-04
-1.54513208e-04
-1.57023664e-04
-1.55444616e-04
-1.50085452e-04
-1.41343648e-04
-1.29690398e-04
-1.15641849e-04
-9.97441541e-05
-8.25548266e-05
-6.46243986e-05
-4.64897536e-05
-2.86737720e-05
-1.16713259e-05
4.06603667e-06
1.81462850e-05
3.02493175e-05
4.01425073e-05
4.76992505e-05
5.29076590e-05
5.58755615e-05
5.68228195e-05
5.60549104e-05
5.39434822e-05
5.09125621e-05
4.73943371e-05
4.37621360e-05
4.02824832e-05
3.71092197e-05
3.42867043e-05
3.17714267e-05
2.94679824e-05
2.72573389e-05
2.50152630e-05
2.26238888e-05
1.99853307e-05
1.70252561e-05
1.36883533e-05
9.93048670e-06
5.71753725e-06
1.05004969e-06
-4.00590485e-06
-9.31135824e-06
-1.46581847e-05
-1.97930157e-05
-2.44346433e-05
-2.83003112e-05
-3.11252562e-05
-3.26858637e-05
-3.28359992e-05
-3.15085134e-05
-2.86951597e-05
-2.44477276e-05
-1.88930313e-05
-1.22533379e-05
-4.85162475e-06
2.89988369e-06
1.05331168e-05
1.75707741e-05
2.35726955e-05
2.81791871e-05
3.11367572e-05
3.22914121e-05
3.15770604e-05
2.90080506e-05
2.46744931e-05
1.87421122e-05
1.14609703e-05
3.16227315e-06
-5.76142560e-06
-1.48832705e-05
-2.37703514e-05
-3.20061557e-05
-3.92102590e-05
-4.50555275e-05
-4.92763164e-05
-5.16625721e-05
-5.20536944e-05
-5.03446429e-05
-4.64923583e-05
-4.05253423e-05
-3.25586897e-05
-2.28057869e-05
-1.15833660e-05
4.11122697e-06
4.65351164e-06
5.13784373e-06
5.55913132e-06
5.91324740e-06
6.19716212e-06
6.40903547e-06
6.54824186e-06
6.61529246e-06
6.61167213e-06
6.53962263e-06
6.40191457e-06
6.20164341e-06
5.94204942e-06
5.62639376e-06
5.25790564e-06
4.83977352e-06
4.37515174e-06
3.86717133e-06
3.31894963e-06
2.73362438e-06
2.11444814e-06
1.46493857e-06
7.89077265e-07
9.15302413e-08
-6.22135088e-07
-1.34527616e-06
-2.07007727e-06
-2.78752805e-06
-3.48749077e-06
-4.15889070e-06
-4.79001591e-06
-5.36888983e-06
-5.88369317e-06
-6.32321625e-06
-6.67734221e-06
-6.93750004e-06
-7.09704326e-06
-7.15155063e-06
-7.09903443e-06
-6.94004217e-06
-6.67764009e-06
-6.31728735e-06
-5.86661641e-06
-5.33512659e-06
-4.73383527e-06
-4.07491023e-06
-3.37128853e-06
-2.63628177e-06
-1.88316757e-06
-1.12477495e-06
-3.73095274e-07
3.61050707e-07
1.06826150e-06
1.74067857e-06
2.37195750e-06
2.95712318e-06
3.49238604e-06
3.97494095e-06
4.40273482e-06
4.77422520e-06
5.08816654e-06
5.34345830e-06
5.53908091e-06
5.67408452e-06
5.74378790e-06
5.72230518e-06
5.56477384e-06
5.21027366e-06
4.54897926e-06
3.42328209e-06
1.60333503e-06
-1.23964981e-06
-5.38037419e-06
-1.09098001e-05
-1.77003430e-05
-2.54111201e-05
-3.35561199e-05
-4.15118217e-05
-4.85858905e-05
-5.40384868e-05
-5.70025055e-05
-5.65316220e-05
-5.16601973e-05
-4.15386028e-05
-2.55853553e-05
-3.59012550e-06
2.41946948e-05
5.70076106e-05
9.35995453e-05
1.32245170e-04
1.70825271e-04
2.06958192e-04
2.38147900e-04
2.61951240e-04
2.76128609e-04
2.78839839e-04
2.68782235e-04
2.45221732e-04
2.08079711e-04
1.58008739e-04
9.63783168e-05
2.52172970e-05
-5.28587231e-05
-1.34741427e-04
-2.17021788e-04
-2.96184609e-04
-3.68798175e-04
-4.31693846e-04
-4.82153431e-04
-5.18045220e-04
-5.38013122e-04
-5.41744203e-04
-5.30122401e-04
-5.04971123e-04
-4.68483102e-04
-4.22837943e-04
-3.70073533e-04
-3.11846872e-04
-2.49421755e-04
-1.83866652e-04
-1.16027339e-04
-4.64467682e-05
2.48237012e-05
9.83232098e-05
1.75036228e-04
2.56179221e-04
3.42876927e-04
4.35782486e-04
5.34677853e-04
6.38248687e-04
7.43907221e-04
8.47682904e-04
9.44383701e-04
1.02802124e-03
1.09219801e-03
1.13055426e-03
1.13726249e-03
1.10752839e-03
1.03796282e-03
9.26835460e-04
7.74317885e-04
5.82601438e-04
3.56016148e-04
1.00979923e-04
-1.74332899e-04
-4.60317441e-04
-7.46370940e-04
-1.02145031e-03
-1.27466030e-03
-1.49581784e-03
-1.67594748e-03
-1.80763744e-03
-1.88538808e-03
-1.90592168e-03
-1.86821095e-03
-1.77335036e-03
-1.62452917e-03
-1.42693661e-03
-1.18753432e-03
-9.14718804e-04
-6.17920290e-04
-3.07232804e-04
7.01929572e-06
3.14742722e-04
6.06561275e-04
8.74114701e-04
1.11018584e-03
1.30896988e-03
1.46624857e-03
1.57935727e-03
1.64721543e-03
1.67025535e-03
1.65030143e-03
1.59042893e-03
1.49478724e-03
1.36844032e-03
1.21710208e-03
1.04687148e-03
8.63958246e-04
6.74445359e-04
4.84088753e-04
2.98112667e-04
1.21118711e-04
-4.29735895e-05
-1.91026843e-04
-3.20790749e-04
-4.30973863e-04
-5.21223093e-04
-5.91927189e-04
-6.43979512e-04
-6.78591213e-04
-6.97286479e-04
-7.01991668e-04
-6.94921710e-04
-6.78437523e-04
-6.55017800e-04
-6.27070549e-04
-5.96608088e-04
-5.65173669e-04
-5.33958684e-04
-5.03892553e-04
-4.75661671e-04
-4.49707057e-04
-4.26191515e-04
-4.04950071e-04
-3.85490619e-04
-3.67082021e-04
-3.48894200e-04
-3.30086410e-04
-3.09823402e-04
-2.87285762e-04
-2.61700513e-04
-2.32426745e-04
-1.99015160e-04
-1.61273931e-04
-1.19271337e-04
-7.33047033e-05
-2.39584217e-05
2.78516223e-05
8.09567406e-05
1.34153369e-04
1.86334586e-04
2.36472644e-04
2.83653861e-04
3.27172512e-04
3.66464728e-04
4.01039600e-04
4.30541771e-04
4.54766895e-04
4.73628550e-04
4.87187115e-04
4.95639204e-04
4.99260295e-04
4.98392495e-04
4.93410127e-04
4.84670732e-04
4.72500175e-04
4.57154812e-04
4.38842349e-04
4.17720332e-04
3.93813469e-04
3.66992526e-04
3.37088899e-04
3.03980844e-04
2.67590558e-04
2.27890105e-04
1.84920160e-04
1.38816217e-04
8.98226172e-05
3.82640036e-05
-1.54896925e-05
-7.09779975e-05
-1.27579182e-04
-1.84463888e-04
-2.40592103e-04
-2.94772639e-04
-3.45749388e-04
-3.92259521e-04
-4.33101691e-04
-4.67232276e-04
-4.93819032e-04
-5.12236696e-04
-5.22052050e-04
-5.23035700e-04
-5.15172906e-04
-4.98685113e-04
-4.74017947e-04
-4.41811641e-04
-4.02881317e-04
-3.58173034e-04
-3.08761450e-04
-2.55856198e-04
-2.00762185e-04
-1.44809818e-04
-8.92535435e-05
-3.52380297e-05
1.62014892e-05
6.41522815e-05
1.07786512e-04
1.46336082e-04
1.79188137e-04
2.05945292e-04
2.26417993e-04
2.40634105e-04
2.48880540e-04
2.51665499e-04
2.49644427e-04
2.43583554e-04
2.34309002e-04
2.22634560e-04
2.09304769e-04
1.94970824e-04
1.80205610e-04
1.65540879e-04
1.51450181e-04
1.38286339e-04
1.26243283e-04
1.15330714e-04
1.05417865e-04
9.62849224e-05
8.76210869e-05
7.90573446e-05
7.02768364e-05
6.11319726e-05
5.16531416e-05
4.19650025e-05
3.22251574e-05
2.26204427e-05
1.33315625e-05
4.47377998e-06
-3.88553028e-06
-1.16785731e-05
-1.88372411e-05
-2.53033276e-05
-3.10366155e-05
-3.60499226e-05
-4.04672114e-05
-4.45346063e-05
-4.85336669e-05
-5.27206530e-05
-5.73237829e-05
-6.25166935e-05
-6.83889370e-05
-7.49507660e-05
-8.21240456e-05
-8.97193945e-05
-9.74128910e-05
-1.04748207e-04
-1.11190731e-04
-1.16239641e-04
-1.19514722e-04
-1.20756082e-04
-1.19790428e-04
-1.16513706e-04
-1.10931434e-04
-1.03195349e-04
-9.36011745e-05
-8.25417251e-05
-7.04506789e-05
-5.77541941e-05
-4.48546076e-05
-3.21267847e-05
-1.99147625e-05
-8.51045931e-06
1.88687608e-06
1.11968649e-05
1.94793828e-05
2.68896742e-05
3.35857995e-05
3.96534993e-05
4.50921477e-05
4.98481505e-05
5.38743217e-05
5.71789062e-05
5.98251346e-05
6.19362117e-05
6.36755228e-05
6.51572235e-05
6.63656824e-05
6.71554249e-05
6.73049166e-05
6.65841657e-05
6.48144605e-05
6.18969724e-05
5.77971600e-05
5.25420050e-05
4.62376432e-05
3.90868402e-05
3.13911938e-05
2.35445097e-05
1.60209599e-05
9.34686154e-06
4.05054122e-06
6.01013071e-07
-6.45339395e-07
5.36151880e-07
4.22500005e-06
1.03295413e-05
1.85660703e-05
2.84794762e-05
3.94838378e-05
5.08974789e-05
6.19566316e-05
7.18546393e-05
7.97838797e-05
8.49735193e-05
8.67528625e-05
8.45987767e-05
7.81588543e-05
6.72753343e-05
5.20010686e-05
3.26103700e-05
9.60270686e-06
-1.63007694e-05
-4.41872599e-05
-7.30089180e-05
-1.01650500e-04
-1.28979561e-04
-1.53881115e-04
-1.75302032e-04
-1.92296737e-04
-2.04084759e-04
-2.10091015e-04
-2.09962812e-04
-2.03596893e-04
-1.91151075e-04
-1.73023615e-04
-1.49823737e-04
-1.22343120e-04
-9.15440890e-05
-5.85438449e-05
-2.45605785e-05
9.17239147e-06
4.14961699e-05
7.13817282e-05
9.79491716e-05
1.20475791e-04
1.38406088e-04
1.51361362e-04
1.59129302e-04
1.61665326e-04
1.59131048e-04
1.51938579e-04
1.40739869e-04
1.26363736e-04
1.09736022e-04
9.17956531e-05
7.34325602e-05
5.54458089e-05
3.85054587e-05
2.31247164e-05
9.65462155e-06
-1.69384359e-06
-1.08329071e-05
-1.77936858e-05
-2.27152061e-05
-2.58273815e-05
-2.74172399e-05
-2.77918731e-05
-2.72426219e-05
-2.60065018e-05
-2.42278665e-05
-2.19423357e-05
-1.91030670e-05
-1.56263055e-05
-1.14391130e-05
-6.51882681e-06
-9.15292028e-07
5.23525390e-06
1.16945145e-05
1.81264843e-05
2.41164527e-05
2.92068543e-05
3.29404616e-05
3.48876840e-05
3.46805983e-05
3.20464731e-05
2.68352533e-05
1.90405165e-05
8.80914207e-06
-3.55941735e-06
-1.76299645e-05
-3.28538754e-05
-4.85881200e-05
-6.41224103e-05
-7.87231191e-05
-9.16720517e-05
-1.02305470e-04
-1.10058417e-04
-1.14507529e-04
-1.15392761e-04
-1.12616278e-04
-1.06226557e-04
-9.64012212e-05
-8.34291775e-05
-6.77027551e-05
-4.97144392e-05
-3.00503657e-05
-9.37230786e-06
1.16108109e-05
3.21778890e-05
5.16256592e-05
6.92890055e-05
8.45621101e-05
9.69129170e-05
1.05897311e-04
1.11182910e-04
1.12572253e-04
1.10024811e-04
1.03670716e-04
9.38125255e-05
8.09218862e-05
6.56254124e-05
4.86690958e-05
3.08622584e-05
1.30165657e-05
-4.09223447e-06
-1.97472296e-05
-3.33123185e-05
-4.42609221e-05
-5.22020834e-05
-5.68980215e-05
-5.82781638e-05
-5.64485466e-05
-5.16944206e-05
-4.44620323e-05
-3.53192301e-05
-2.49007067e-05
-1.38541847e-05
-2.79953084e-06
7.70162340e-06
5.96401417e-06
5.93502243e-06
5.82640196e-06
5.64041769e-06
5.37961056e-06
5.04691559e-06
4.64583227e-06
4.18060139e-06
3.65636968e-06
3.07932162e-06
2.45677185e-06
1.79718867e-06
1.11015362e-06
4.06236636e-07
-3.03242815e-07
-1.00651226e-06
-1.69166270e-06
-2.34697138e-06
-2.96122808e-06
-3.52404783e-06
-4.02613644e-06
-4.45945531e-06
-4.81731341e-06
-5.09443581e-06
-5.28704031e-06
-5.39292634e-06
-5.41153242e-06
-5.34396426e-06
-5.19301081e-06
-4.96312225e-06
-4.66034152e-06
-4.29220242e-06
-3.86756677e-06
-3.39637495e-06
-2.88931918e-06
-2.35745387e-06
-1.81179081e-06
-1.26291565e-06
-7.20630629e-07
-1.93643283e-07
3.10698339e-07
7.86594805e-07
1.22989327e-06
1.63811213e-06
2.01040927e-06
2.34744603e-06
2.65113116e-06
2.92428954e-06
3.17028518e-06
3.39259357e-06
3.59437339e-06
3.77808086e-06
3.94515043e-06
4.09575965e-06
4.22867293e-06
4.34115518e-06
4.42900801e-06
4.48678950e-06
4.50816237e-06
4.48629778e-06
4.41430404e-06
4.28567494e-06
4.09473379e-06
3.83705029e-06
3.50978060e-06
3.11190601e-06
2.64437259e-06
2.11013653e-06
1.51414845e-06
8.63317208e-07
1.66459164e-07
-5.63575855e-07
-1.30463784e-06
-2.03634274e-06
-2.73790380e-06
-3.32440680e-06
-3.66177111e-06
-3.65199426e-06
-3.23541657e-06
-2.38155201e-06
-1.07304143e-06
6.68662423e-07
2.81286383e-06
5.28137888e-06
7.83559823e-06
1.00366158e-05
1.13477387e-05
1.12446365e-05
9.26891447e-06
5.08183809e-06
-1.40902237e-06
-1.00155356e-05
-2.03243907e-05
-3.17515348e-05
-4.35290617e-05
-5.47881663e-05
-6.46845075e-05
-7.23539864e-05
-7.69795008e-05
-7.78856432e-05
-7.45678006e-05
-6.67804222e-05
-5.45929588e-05
-3.83859429e-05
-1.88080446e-05
3.29196052e-06
2.69360256e-05
5.10341141e-05
7.44163920e-05
9.59380408e-05
1.14604213e-04
1.29541314e-04
1.39984809e-04
1.45350458e-04
1.45309202e-04
1.39785240e-04
1.28901248e-04
1.13008526e-04
9.26856438e-05
6.86566550e-05
4.17638673e-05
1.28701697e-05
-1.72819407e-05
-4.81102007e-05
-7.95398776e-05
-1.11611407e-04
-1.44059791e-04
-1.76491677e-04
-2.08095174e-04
-2.37630201e-04
-2.63887728e-04
-2.85256523e-04
-2.99582007e-04
-3.04177262e-04
-2.96127518e-04
-2.72187495e-04
-2.29410936e-04
-1.66201571e-04
-8.24467613e-05
2.05467366e-05
1.39936995e-04
2.71554784e-04
4.09681080e-04
5.47388896e-04
6.76855470e-04
7.89989483e-04
8.79052770e-04
9.36891251e-04
9.57421435e-04
9.36231919e-04
8.71264700e-04
7.62687746e-04
6.12657731e-04
4.25418700e-04
2.07324702e-04
-3.33470342e-05
-2.86998049e-04
-5.43438337e-04
-7.92199045e-04
-1.02297485e-03
-1.22606633e-03
-1.39280416e-03
-1.51612720e-03
-1.59084833e-03
-1.61374096e-03
-1.58376725e-03
-1.50209807e-03
-1.37190256e-03
-1.19815573e-03
-9.87426806e-04
-7.47591572e-04
-4.87436422e-04
-2.16201861e-04
5.67955607e-05
3.22454105e-04
5.72296435e-04
7.98877712e-04
9.96037290e-04
1.15895524e-03
1.28414601e-03
1.36961893e-03
1.41509824e-03
1.42187051e-03
1.39245140e-03
1.33036568e-03
1.24000018e-03
1.12640194e-03
9.95049068e-04
8.51565375e-04
7.01486630e-04
5.50136177e-04
4.02386255e-04
2.62444106e-04
1.33752894e-04
1.89393195e-05
-8.02140951e-05
-1.62922343e-04
-2.29368076e-04
-2.80475498e-04
-3.17716735e-04
-3.43041815e-04
-3.58851470e-04
-3.67756256e-04
-3.72367128e-04
-3.75144985e-04
-3.78219972e-04
-3.83318405e-04
-3.91730153e-04
-4.04229254e-04
-4.20972770e-04
-4.41516615e-04
-4.64899366e-04
-4.89738644e-04
-5.14348779e-04
-5.36839008e-04
-5.55203287e-04
-5.67501447e-04
-5.72051716e-04
-5.67554323e-04
-5.53208128e-04
-5.28725941e-04
-4.94227049e-04
-4.50220420e-04
-3.97544721e-04
-3.37258501e-04
-2.70667422e-04
-1.99344205e-04
-1.25046482e-04
-4.96093241e-05
2.51145863e-05
9.73681764e-05
1.65625254e-04
2.28642724e-04
2.85500408e-04
3.35551159e-04
3.78299928e-04
4.13435718e-04
4.40848534e-04
4.60628680e-04
4.73067108e-04
4.78619727e-04
4.77913277e-04
4.71684374e-04
4.60627813e-04
4.45328483e-04
4.26270532e-04
4.03861227e-04
3.78475422e-04
3.50497026e-04
3.20317196e-04
2.88270550e-04
2.54607192e-04
2.19509713e-04
1.83097643e-04
1.45520305e-04
1.07037844e-04
6.80066910e-05
2.88518078e-05
-9.98351793e-06
-4.80717053e-05
-8.49880925e-05
-1.20271796e-04
-1.53353941e-04
-1.83562805e-04
-2.10256903e-04
-2.32908756e-04
-2.51124000e-04
-2.64648245e-04
-2.73359890e-04
-2.77252004e-04
-2.76421489e-04
-2.71098508e-04
-2.61681197e-04
-2.48705224e-04
-2.32785103e-04
-2.14588170e-04
-1.94761094e-04
-1.73863356e-04
-1.52375810e-04
-1.30715059e-04
-1.09241924e-04
-8.82724009e-05
-6.80796131e-05
-4.88986201e-05
-3.09425095e-05
-1.43765193e-05
7.16929553e-07
1.42859643e-05
2.62446379e-05
3.64792303e-05
4.48945211e-05
5.14811633e-05
5.63498732e-05
5.97122476e-05
6.18436722e-05
6.29964637e-05
6.33423408e-05
6.30108197e-05
6.21682021e-05
6.10245492e-05
5.98058399e-05
5.87258189e-05
5.79402965e-05
5.75400202e-05
5.75760961e-05
5.80443590e-05
5.88377305e-05
5.97593881e-05
6.05756389e-05
6.10624968e-05
6.10103727e-05
6.02473210e-05
5.86766382e-05
5.62671982e-05
5.30721369e-05
4.92572593e-05
4.50642890e-05
4.07678187e-05
3.66377262e-05
3.28993542e-05
2.97276730e-05
2.72644365e-05
2.56401809e-05
2.49787492e-05
2.53445196e-05
2.66978754e-05
2.89014990e-05
3.17239450e-05
3.48664216e-05
3.79909148e-05
4.06986662e-05
4.25563045e-05
4.31607723e-05
4.21999713e-05
3.94794217e-05
3.48916284e-05
2.83910377e-05
1.99906155e-05
9.75000687e-06
-2.21532247e-06
-1.57294807e-05
-3.05607572e-05
-4.63868052e-05
-6.27761650e-05
-7.91961427e-05
-9.50358394e-05
-1.09642187e-04
-1.22381750e-04
-1.32696391e-04
-1.40140386e-04
-1.44414240e-04
-1.45374598e-04
-1.43026111e-04
-1.37486276e-04
-1.28955954e-04
-1.17721971e-04
-1.04130888e-04
-8.85742357e-05
-7.14968404e-05
-5.33788656e-05
-3.47103654e-05
-1.59822307e-05
2.32625914e-06
1.97708892e-05
3.59767784e-05
5.06342183e-05
6.34834067e-05
7.43143405e-05
8.29727777e-05
8.93588117e-05
9.34411870e-05
9.52604311e-05
9.49297642e-05
9.26296945e-05
8.86003308e-05
8.31094632e-05
7.64044677e-05
6.87156173e-05
6.03005393e-05
5.14617632e-05
4.25085184e-05
3.37352702e-05
2.54295499e-05
1.78678676e-05
1.12909950e-05
5.87371215e-06
1.68448187e-06
-1.31722166e-06
-3.25119806e-06
-4.27635713e-06
-4.56023645e-06
-4.27832801e-06
-3.61556258e-06
-2.74706432e-06
-1.80880499e-06
-8.89291524e-07
-5.03823265e-08
6.59966314e-07
1.19631696e-06
1.50639324e-06
1.52726021e-06
1.19250848e-06
4.46276928e-07
-7.39389734e-07
-2.35151699e-06
-4.32923035e-06
-6.56275956e-06
-8.92405157e-06
-1.13035066e-05
-1.36260033e-05
-1.58479894e-05
-1.79494065e-05
-1.99424157e-05
-2.18840079e-05
-2.38665576e-05
-2.59972057e-05
-2.83768074e-05
-3.10731176e-05
-3.40985472e-05
-3.74062922e-05
-4.08958448e-05
-4.44221002e-05
-4.77940704e-05
-5.07817588e-05
-5.31364017e-05
-5.46046558e-05
-5.49428542e-05
-5.39347732e-05
-5.14002087e-05
-4.72028743e-05
-4.12674688e-05
-3.35955755e-05
-2.42774805e-05
-1.34917548e-05
-1.50430841e-06
1.13216026e-05
2.45361282e-05
3.76514373e-05
5.01908617e-05
6.17115765e-05
7.18133256e-05
8.01366104e-05
8.63707226e-05
9.02779507e-05
9.17254532e-05
9.06945761e-05
8.72615559e-05
8.15748069e-05
7.38445053e-05
6.43328360e-05
5.33442857e-05
4.12219579e-05
2.83491664e-05
1.51505824e-05
2.08437280e-06
-1.03826556e-05
-2.17972727e-05
-3.17328774e-05
-3.98054441e-05
-4.57063229e-05
-4.92458311e-05
-5.03795667e-05
-4.92117702e-05
-4.59877361e-05
-4.10652822e-05
-3.48900613e-05
-2.79592303e-05
-2.07843100e-05
-1.38614150e-05
-7.64124339e-06
-2.50273637e-06
1.27048331e-06
3.50601886e-06
4.14981455e-06
3.24973807e-06
9.39612189e-07
-2.56575797e-06
-6.98908310e-06
-1.20117672e-05
-1.72888934e-05
-2.24815461e-05
-2.72894041e-05
-3.14688074e-05
-3.48376479e-05
-3.72723018e-05
-3.86982243e-05
-3.90699172e-05
-3.83476011e-05
-3.64888843e-05
-3.34602223e-05
-2.92537292e-05
-2.39071868e-05
-1.75226150e-05
-1.02626735e-05
-2.32021496e-06
6.11659411e-06
1.48843492e-05
2.38461950e-05
3.28787908e-05
4.18485572e-05
5.05827477e-05
5.88507983e-05
6.63664958e-05
7.28085374e-05
7.78438402e-05
8.11540147e-05
8.24589439e-05
8.15313140e-05
7.82187822e-05
7.24543610e-05
6.42521990e-05
5.37029652e-05
-2.70424203e-06
-1.80334417e-06
-8.40182840e-07
1.81214067e-07
1.25434042e-06
2.36981220e-06
3.51514461e-06
4.67473295e-06
5.83006579e-06
6.96016066e-06
8.04217892e-06
9.05218477e-06
9.96597988e-06
1.07599866e-05
1.14121858e-05
1.19030544e-05
1.22164361e-05
1.23402825e-05
1.22672031e-05
1.19948010e-05
1.15258336e-05
1.08682136e-05
1.00348341e-05
9.04323170e-06
7.91513034e-06
6.67586713e-06
5.35366125e-06
3.97872040e-06
2.58222821e-06
1.19525252e-06
-1.52387571e-07
-1.43322303e-06
-2.62313863e-06
-3.70221488e-06
-4.65535241e-06
-5.47264420e-06
-6.14946130e-06
-6.68625884e-06
-7.08812671e-06
-7.36411840e-06
-7.52640951e-06
-7.58934148e-06
-7.56838987e-06
-7.47911978e-06
-7.33623633e-06
-7.15278658e-06
-6.93951728e-06
-6.70439704e-06
-6.45237583e-06
-6.18542115e-06
-5.90276612e-06
-5.60131466e-06
-5.27618622e-06
-4.92137988e-06
-4.53050765e-06
-4.09754081e-06
-3.61749474e-06
-3.08701122e-06
-2.50483864e-06
-1.87219365e-06
-1.19298457e-06
-4.73918090e-07
2.75532504e-07
1.04335938e-06
1.81548721e-06
2.57640310e-06
3.30983940e-06
3.99947957e-06
4.62964628e-06
5.18593378e-06
5.65578753e-06
6.02902147e-06
6.29824481e-06
6.45916862e-06
6.51077160e-06
6.45530980e-06
6.29976211e-06
6.05908867e-06
5.75616941e-06
5.43257267e-06
5.16310991e-06
5.04707962e-06
5.18160621e-06
5.67775376e-06
6.68929539e-06
8.37968349e-06
1.09157573e-05
1.44687467e-05
1.90976577e-05
2.45971168e-05
3.04427549e-05
3.58640783e-05
3.99638156e-05
4.17795974e-05
4.03685455e-05
3.49366729e-05
2.49743018e-05
1.03102674e-05
-8.89211477e-06
-3.20872350e-05
-5.83302118e-05
-8.63268268e-05
-1.14546351e-04
-1.41253070e-04
-1.64505537e-04
-1.82351443e-04
-1.93088127e-04
-1.95426442e-04
-1.88459591e-04
-1.71698992e-04
-1.45277758e-04
-1.09951691e-04
-6.69337345e-05
-1.77844438e-05
3.56284433e-05
9.11181130e-05
1.46275879e-04
1.98639677e-04
2.45833345e-04
2.85695935e-04
3.16388262e-04
3.36495764e-04
3.45066795e-04
3.41628667e-04
3.26184840e-04
2.99229736e-04
2.61741857e-04
2.15103310e-04
1.61002115e-04
1.01374983e-04
3.83293656e-05
-2.59722056e-05
-8.93820874e-05
-1.49855868e-04
-2.05484171e-04
-2.54531997e-04
-2.95516061e-04
-3.27252587e-04
-3.48940138e-04
-3.60271740e-04
-3.61468515e-04
-3.53381898e-04
-3.37144811e-04
-3.13905255e-04
-2.84787332e-04
-2.50801530e-04
-2.12843319e-04
-1.71573625e-04
-1.27305143e-04
-8.01218071e-05
-3.01129466e-05
2.23324444e-05
7.65725058e-05
1.31847412e-04
1.87322971e-04
2.42017702e-04
2.94692617e-04
3.43898187e-04
3.88110868e-04
4.25745928e-04
4.55167298e-04
4.74686085e-04
4.82602467e-04
4.77346954e-04
4.57670073e-04
4.22856050e-04
3.72851780e-04
3.08214370e-04
2.30053160e-04
1.40036096e-04
4.04154591e-05
-6.59669822e-05
-1.75715372e-04
-2.85033458e-04
-3.89951166e-04
-4.86522192e-04
-5.71031640e-04
-6.40246607e-04
-6.91536515e-04
-7.22916273e-04
-7.33161425e-04
-7.21832759e-04
-6.89186866e-04
-6.36121421e-04
-5.64130991e-04
-4.75263784e-04
-3.72105443e-04
-2.57743320e-04
-1.35676972e-04
-9.65739106e-06
1.16431382e-04
2.38654808e-04
3.53241317e-04
4.56739706e-04
5.46101609e-04
6.18723505e-04
6.72528703e-04
7.06139904e-04
7.19015232e-04
7.11367775e-04
6.84059216e-04
6.38673815e-04
5.77430719e-04
5.03024917e-04
4.18531747e-04
3.27206500e-04
2.32329217e-04
1.37156489e-04
4.47721591e-05
-4.20448157e-05
-1.20923135e-04
-1.89955204e-04
-2.47690743e-04
-2.93198358e-04
-3.26096630e-04
-3.46450104e-04
-3.54698435e-04
-3.51696522e-04
-3.38723238e-04
-3.17323026e-04
-2.89164955e-04
-2.55994245e-04
-2.19591991e-04
-1.81729243e-04
-1.44109190e-04
-1.08292133e-04
-7.55955586e-05
-4.69957327e-05
-2.31294162e-05
-4.35713857e-06
9.19428359e-06
1.76040532e-05
2.11820103e-05
2.04729866e-05
1.61716813e-05
9.03644927e-06
-9.89798281e-08
-1.02947819e-05
-2.06056471e-05
-3.01744667e-05
-3.82607345e-05
-4.42926030e-05
-4.79226204e-05
-4.89896408e-05
-4.74385606e-05
-4.32989042e-05
-3.67156875e-05
-2.79895439e-05
-1.75997321e-05
-6.15730310e-06
5.69866764e-06
1.73887043e-05
2.84132344e-05
3.83378083e-05
4.68097115e-05
5.35869316e-05
5.85278651e-05
6.15587526e-05
6.26991555e-05
6.21217134e-05
6.00976944e-05
5.68947199e-05
5.27743243e-05
4.80158924e-05
4.29044886e-05
3.77374078e-05
3.28154731e-05
2.84024833e-05
2.47059846e-05
2.18760531e-05
2.00096783e-05
1.91811178e-05
1.94475072e-05
2.08053906e-05
2.31388837e-05
2.62307879e-05
2.98231014e-05
3.36607931e-05
3.74989926e-05
4.10957744e-05
4.42231401e-05
4.66641245e-05
4.81966669e-05
4.86395952e-05
4.78901946e-05
4.59104815e-05
4.26833986e-05
3.81974173e-05
3.24709305e-05
2.55427974e-05
1.74670152e-05
8.34240442e-06
-1.67393993e-06
-1.23618106e-05
-2.34245306e-05
-3.45216978e-05
-4.53226315e-05
-5.55188185e-05
-6.48133899e-05
-7.28999941e-05
-7.94548008e-05
-8.41801225e-05
-8.68686981e-05
-8.74444881e-05
-8.59514114e-05
-8.25032001e-05
-7.72450347e-05
-7.03478109e-05
-6.20125576e-05
-5.24607170e-05
-4.19158885e-05
-3.06128353e-05
-1.87990694e-05
-6.73989388e-06
5.25040331e-06
1.68156424e-05
2.76027596e-05
3.73080391e-05
4.57187342e-05
5.27232895e-05
5.82830971e-05
6.23922254e-05
6.50468471e-05
6.62256077e-05
6.59078012e-05
6.41184090e-05
6.09394278e-05
5.64879299e-05
5.08976050e-05
4.43226775e-05
3.69532993e-05
2.90122517e-05
2.07371691e-05
1.23561637e-05
4.06154159e-06
-4.00222758e-06
-1.17674027e-05
-1.92403308e-05
-2.64447612e-05
-3.33463727e-05
-3.98347612e-05
-4.57612224e-05
-5.09643381e-05
-5.52766351e-05
-5.85125080e-05
-6.04801849e-05
-6.10272513e-05
-6.00536497e-05
-5.74990624e-05
-5.33447012e-05
-4.76327034e-05
-4.04680919e-05
-3.20295205e-05
-2.25944410e-05
-1.25210014e-05
-2.19165668e-06
8.05257369e-06
1.79464831e-05
2.72874046e-05
3.59005180e-05
4.35985781e-05
5.01669026e-05
5.53853594e-05
5.90573810e-05
6.10328744e-05
6.12284597e-05
5.96365041e-05
5.63147354e-05
5.13588123e-05
4.48794834e-05
3.70131714e-05
2.79453568e-05
1.79131089e-05
7.19420898e-06
-3.89990767e-06
-1.50225667e-05
-2.57967495e-05
-3.58507958e-05
-4.48658555e-05
-5.25998746e-05
-5.88773980e-05
-6.35687456e-05
-6.65852137e-05
-6.78792861e-05
-6.74226570e-05
-6.51798056e-05
-6.11151635e-05
-5.52092631e-05
-4.74578476e-05
-3.78869578e-05
-2.65875998e-05
-1.37533832e-05
2.99371143e-07
1.51268674e-05
3.01840447e-05
4.48811611e-05
5.86265506e-05
7.08433038e-05
8.09720959e-05
8.84910760e-05
9.29661965e-05
9.40928048e-05
9.17104176e-05
8.58240854e-05
7.66301651e-05
6.45200216e-05
5.00658274e-05
3.39932722e-05
1.71329501e-05
3.49079961e-07
-1.55294313e-05
-2.97585108e-05
-4.17149855e-05
-5.09386185e-05
-5.71631032e-05
-6.03172241e-05
-6.05037003e-05
-5.79852184e-05
-5.31663265e-05
-4.65503391e-05
-3.86809546e-05
-3.01031768e-05
-2.13458772e-05
-1.29141321e-05
-5.26527215e-06
1.23011533e-06
6.31328496e-06
9.85588774e-06
1.18785740e-05
1.25337855e-05
1.20518303e-05
1.06931545e-05
8.70880703e-06
6.30773384e-06
3.63795633e-06
7.93083160e-07
-2.16591147e-06
-5.20074841e-06
-8.29363537e-06
-1.14389053e-05
-1.46260308e-05
-1.78083573e-05
-2.08957438e-05
-2.37756594e-05
-2.63332822e-05
-2.84584317e-05
-3.00464094e-05
-3.10004317e-05
-3.12194027e-05
-3.05844177e-05
-2.89700251e-05
-2.62849927e-05
-2.25123820e-05
-1.77203522e-05
-1.20416115e-05
-5.63839833e-06
1.32462119e-06
8.68657267e-06
1.62876273e-05
2.39674940e-05
3.15682791e-05
3.89309240e-05
4.58953724e-05
5.23175598e-05
5.80817878e-05
6.30861837e-05
6.72182319e-05
7.03382871e-05
7.22802055e-05
7.28636419e-05
7.19103008e-05
6.92651908e-05
6.48154735e-05
5.85058573e-05
5.03532862e-05
4.04675627e-05
2.90684055e-05
1.64751646e-05
3.07161390e-06
-1.07216571e-05
-2.44485897e-05
-3.76175257e-05
-4.97187991e-05
-6.02581096e-05
-6.88038964e-05
-7.50361993e-05
-7.87709626e-05
-7.99580780e-05
-7.86679199e-05
-7.50808011e-05
-6.94777058e-05
-6.22270790e-05
-5.37671568e-05
-4.45753617e-05
-3.51336204e-05
-2.58977239e-05
-1.72724530e-05
-9.58800257e-06
-3.08541321e-06
2.09597368e-06
5.92956436e-06
8.49108975e-06
9.93683209e-06
1.04765029e-05
1.03526451e-05
9.83085781e-06
9.19169791e-06
8.70897889e-06
8.62090393e-06
9.10949156e-06
1.02836935e-05
1.21701186e-05
-5.59856858e-07
-2.30867280e-07
8.44119646e-08
3.81432198e-07
6.56551009e-07
9.06995267e-07
1.13082756e-06
1.32689154e-06
1.49472329e-06
1.63445116e-06
1.74668342e-06
1.83239827e-06
1.89283578e-06
1.92940710e-06
1.94361948e-06
1.93705114e-06
1.91139105e-06
1.86849623e-06
1.81041047e-06
1.73933626e-06
1.65758443e-06
1.56748723e-06
1.47126235e-06
1.37085168e-06
1.26780610e-06
1.16322950e-06
1.05778732e-06
9.51746650e-07
8.45026903e-07
7.37274941e-07
6.27942501e-07
5.16343205e-07
4.01718312e-07
2.83342053e-07
1.60663198e-07
3.34536202e-08
-9.80891662e-08
-2.33301667e-07
-3.71048615e-07
-5.09737460e-07
-6.47349273e-07
-7.81513738e-07
-9.09576401e-07
-1.02863071e-06
-1.13556256e-06
-1.22712894e-06
-1.30005923e-06
-1.35118741e-06
-1.37759453e-06
-1.37673837e-06
-1.34660281e-06
-1.28585106e-06
-1.19395462e-06
-1.07125478e-06
-9.18944019e-07
-7.39010903e-07
-5.34179122e-07
-3.07840294e-07
-6.38693604e-08
1.93413355e-07
4.59669511e-07
7.32708892e-07
1.02262224e-06
1.36449010e-06
1.82050275e-06
2.47669295e-06
3.45541730e-06
4.89678617e-06
6.94030448e-06
9.72353426e-06
1.33161794e-05
1.76356256e-05
2.23643502e-05
2.69499321e-05
3.06872036e-05
3.28215914e-05
3.25906547e-05
2.93079180e-05
2.25141520e-05
1.20611698e-05
-1.87529234e-06
-1.87705156e-05
-3.77014940e-05
-5.74415571e-05
-7.66073094e-05
-9.37258692e-05
-1.07303369e-04
-1.16055898e-04
-1.19048844e-04
-1.15723120e-04
-1.05913902e-04
-8.98218235e-05
-6.80013835e-05
-4.13776700e-05
-1.11733867e-05
2.11954890e-05
5.41532426e-05
8.60182238e-05
1.15134170e-04
1.39927594e-04
1.58950661e-04
1.70975817e-04
1.75095580e-04
1.70744574e-04
1.57674536e-04
1.35755681e-04
1.04912768e-04
6.51224580e-05
1.65241133e-05
-3.97343983e-05
-1.00956446e-04
-1.63064075e-04
-2.20822960e-04
-2.68453061e-04
-3.00529404e-04
-3.12498266e-04
-3.01054667e-04
-2.64433711e-04
-2.02549061e-04
-1.17080624e-04
-1.14735184e-05
1.09346179e-04
2.39271176e-04
3.71323221e-04
4.97964718e-04
6.11579284e-04
7.05051269e-04
7.72070832e-04
8.07480340e-04
8.07533461e-04
7.69998091e-04
6.94336509e-04
5.81840546e-04
4.35568186e-04
2.60090769e-04
6.12241045e-05
-1.54060537e-04
-3.77733369e-04
-6.01059845e-04
-8.15042355e-04
-1.01082756e-03
-1.18010046e-03
-1.31556247e-03
-1.41130370e-03
-1.46298186e-03
-1.46806867e-03
-1.42587223e-03
-1.33755026e-03
-1.20618594e-03
-1.03661964e-03
-8.35143539e-04
-6.09130245e-04
-3.66599346e-04
-1.15886819e-04
1.34662378e-04
3.77106918e-04
6.04283621e-04
8.09974612e-04
9.88953277e-04
1.13710874e-03
1.25164927e-03
1.33117024e-03
1.37549215e-03
1.38546779e-03
1.36288930e-03
1.31042677e-03
1.23155113e-03
1.13031380e-03
1.01113946e-03
8.78646123e-04
7.37493928e-04
5.92235333e-04
4.47039538e-04
3.05453835e-04
1.70331465e-04
4.39657643e-05
-7.17519735e-05
-1.75349763e-04
-2.65860619e-04
-3.42877983e-04
-4.06503528e-04
-4.57327450e-04
-4.96368872e-04
-5.24959618e-04
-5.44609946e-04
-5.56835560e-04
-5.63046992e-04
-5.64550044e-04
-5.62572226e-04
-5.58229310e-04
-5.52427713e-04
-5.45776749e-04
-5.38567537e-04
-5.30830640e-04
-5.22306391e-04
-5.12416037e-04
-5.00312215e-04
-4.84959701e-04
-4.65297654e-04
-4.40412202e-04
-4.09658418e-04
-3.72692620e-04
-3.29471938e-04
-2.80283033e-04
-2.25781953e-04
-1.67004327e-04
-1.05196989e-04
-4.16629558e-05
2.22400978e-05
8.51576312e-05
1.45791490e-04
2.02868138e-04
2.55179320e-04
3.01671894e-04
3.41502202e-04
3.74050635e-04
3.98907963e-04
4.15796173e-04
4.24552862e-04
4.25187870e-04
4.17929362e-04
4.03218901e-04
3.81716469e-04
3.54356953e-04
3.22328602e-04
2.86958636e-04
2.49599518e-04
2.11567200e-04
1.74119049e-04
1.38388821e-04
1.05328081e-04
7.57184577e-05
5.01631493e-05
2.90535722e-05
1.25510477e-05
5.29016293e-07
-7.42682823e-06
-1.19081577e-05
-1.35557929e-05
-1.29523739e-05
-1.06492486e-05
-7.25045449e-06
-3.41079274e-06
2.46621262e-07
3.20223642e-06
5.04883814e-06
5.45716961e-06
4.17536807e-06
1.05359960e-06
-3.94918115e-06
-1.08086217e-05
-1.94838561e-05
-2.99138635e-05
-4.20132162e-05
-5.56780192e-05
-7.07557424e-05
-8.70012898e-05
-1.04051296e-04
-1.21407981e-04
-1.38461161e-04
-1.54561485e-04
-1.69061771e-04
-1.81335199e-04
-1.90812116e-04
-1.97008500e-04
-1.99529650e-04
-1.98098271e-04
-1.92608597e-04
-1.83125185e-04
-1.69861306e-04
-1.53155509e-04
-1.33435657e-04
-1.11203365e-04
-8.70199142e-05
-6.14807765e-05
-3.51820207e-05
-8.71424258e-06
1.73266672e-05
4.23500241e-05
6.57973937e-05
8.71416276e-05
1.05890345e-04
1.21626210e-04
1.34049672e-04
1.42993584e-04
1.48415765e-04
1.50386281e-04
1.49080078e-04
1.44745810e-04
1.37667489e-04
1.28148264e-04
1.16511156e-04
1.03126942e-04
8.84601209e-05
7.30693419e-05
5.75862368e-05
4.26670163e-05
2.89339558e-05
1.69254361e-05
7.06078980e-06
-3.72407195e-07
-5.23438830e-06
-7.55298420e-06
-7.52992848e-06
-5.48877944e-06
-1.81562145e-06
3.07082876e-06
8.71280512e-06
1.45898412e-05
2.01157288e-05
2.46794478e-05
2.76987292e-05
2.86810610e-05
2.72772176e-05
2.33081975e-05
1.67555298e-05
7.73409954e-06
-3.52395305e-06
-1.66728842e-05
-3.12545874e-05
-4.67090494e-05
-6.23880223e-05
-7.75961568e-05
-9.16569090e-05
-1.03963634e-04
-1.14000241e-04
-1.21346970e-04
-1.25690298e-04
-1.26823047e-04
-1.24640437e-04
-1.19162706e-04
-1.10548144e-04
-9.90930817e-05
-8.51995658e-05
-6.93180417e-05
-5.19100477e-05
-3.34387749e-05
-1.43809765e-05
4.75782348e-06
2.34425710e-05
4.11289283e-05
5.72981652e-05
7.15096967e-05
8.34353093e-05
9.28640045e-05
9.96906692e-05
1.03899680e-04
1.05563693e-04
1.04836109e-04
1.01927404e-04
9.70700072e-05
9.04994641e-05
8.24521934e-05
7.31761535e-05
6.29447286e-05
5.20599417e-05
4.08447092e-05
2.96138994e-05
1.86383149e-05
8.11722962e-06
-1.81558225e-06
-1.10640444e-05
-1.95322584e-05
-2.71079457e-05
-3.36937525e-05
-3.92543394e-05
-4.38408137e-05
-4.75844114e-05
-5.06656485e-05
-5.32643197e-05
-5.55022844e-05
-5.74181258e-05
-5.89752356e-05
-6.00746419e-05
-6.05686129e-05
-6.02954173e-05
-5.91177770e-05
-5.69489749e-05
-5.37683244e-05
-4.96149961e-05
-4.45509411e-05
-3.86202341e-05
-3.18240631e-05
-2.41265386e-05
-1.54854579e-05
-5.88636207e-06
4.64715595e-06
1.60326161e-05
2.81006027e-05
4.05851798e-05
5.31276510e-05
6.53006122e-05
7.66381636e-05
8.66556764e-05
9.48674040e-05
1.00814644e-04
1.04113519e-04
1.04493597e-04
1.01799704e-04
9.59919895e-05
8.71584573e-05
7.55238398e-05
6.14383263e-05
4.53506359e-05
2.77940009e-05
9.38662000e-06
-9.18706355e-06
-2.72156992e-05
-4.40254373e-05
-5.90294466e-05
-7.17497929e-05
-8.18365337e-05
-8.90675092e-05
-9.33301575e-05
-9.46188244e-05
-9.30436495e-05
-8.88439267e-05
-8.23922280e-05
-7.41673818e-05
-6.47013936e-05
-5.45366001e-05
-4.41935221e-05
-3.41446384e-05
-2.47962744e-05
-1.64794525e-05
-9.44592952e-06
-3.85713139e-06
2.30339108e-07
2.87312660e-06
4.24491786e-06
4.62039626e-06
4.33579906e-06
3.74035071e-06
3.15430176e-06
2.84702774e-06
3.03780550e-06
3.91587743e-06
5.65396630e-06
8.39859735e-06
1.22478073e-05
1.72148057e-05
2.32027042e-05
3.00016537e-05
3.73050428e-05
4.47322849e-05
5.18634807e-05
5.82811218e-05
6.36017781e-05
6.74893462e-05
6.96574888e-05
6.98790084e-05
6.80108780e-05
6.40174884e-05
5.79802736e-05
5.00951485e-05
4.06620871e-05
3.00701415e-05
1.87807742e-05
7.31616560e-06
-3.75606145e-06
-1.38575505e-05
-2.24577767e-05
-2.91296348e-05
-3.35881562e-05
-3.57165949e-05
-3.55684327e-05
-3.33488401e-05
-2.93869121e-05
-2.41059875e-05
-1.79941016e-05
-1.15802518e-05
-5.40576780e-06
4.95954827e-09
4.16216309e-06
6.63790066e-06
7.10487349e-06
5.35867423e-06
1.30706951e-06
-5.04731304e-06
-1.35905767e-05
-2.40658763e-05
-3.60558041e-05
-4.89914791e-05
-6.21921609e-05
-7.49066296e-05
-8.63492310e-05
-9.57383867e-05
-1.02331717e-04
-1.05479358e-04
-1.04679604e-04
-9.96150243e-05
-9.01792298e-05
-7.64922788e-05
-5.89029006e-05
-3.79786029e-05
-1.44796813e-05
1.06792672e-05
3.64664995e-05
6.17710954e-05
8.54535844e-05
1.06413471e-04
1.23659874e-04
1.36367516e-04
1.43933774e-04
1.46032102e-04
1.42634636e-04
1.34000094e-04
1.20638514e-04
1.03272142e-04
8.27976311e-05
6.02397314e-05
3.66910601e-05
9.13969097e-08
3.44869138e-07
5.29977843e-07
6.40129831e-07
6.73170800e-07
6.31312952e-07
5.20798107e-07
3.51362885e-07
1.35557965e-07
-1.12049211e-07
-3.75750268e-07
-6.39605417e-07
-8.88330422e-07
-1.10813522e-06
-1.28747484e-06
-1.41761993e-06
-1.49301095e-06
-1.51141033e-06
-1.47382725e-06
-1.38421541e-06
-1.24898291e-06
-1.07640830e-06
-8.76028642e-07
-6.58010246e-07
-4.32489236e-07
-2.08900599e-07
4.64095712e-09
2.01860582e-07
3.78705944e-07
5.33559684e-07
6.67251626e-07
7.82872398e-07
8.85429824e-07
9.81385198e-07
1.07809140e-06
1.18317233e-06
1.30390260e-06
1.44663972e-06
1.61631966e-06
1.81601512e-06
2.04656621e-06
2.30629460e-06
2.59084385e-06
2.89319321e-06
3.20385124e-06
3.51119985e-06
3.80195601e-06
4.06172584e-06
4.27562139e-06
4.42889811e-06
4.50756869e-06
4.49899604e-06
4.39247918e-06
4.17979729e-06
3.85567481e-06
3.41815780e-06
2.86888087e-06
2.21321192e-06
1.46025332e-06
6.22711772e-07
-2.83357949e-07
-1.23896168e-06
-2.22270988e-06
-3.21146756e-06
-4.18110167e-06
-5.10727343e-06
-5.96621397e-06
-6.73544654e-06
-7.39442624e-06
-7.92509285e-06
-8.31236431e-06
-8.54457458e-06
-8.61382437e-06
-8.51625511e-06
-8.25225501e-06
-7.82659304e-06
-7.24845166e-06
-6.53128516e-06
-5.69248660e-06
-4.75313523e-06
-3.74271953e-06
-2.70621769e-06
-1.69818033e-06
-8.03641240e-07
-1.43361550e-07
1.62633813e-07
-1.04036436e-09
-7.12832283e-07
-1.98381144e-06
-3.75834693e-06
-5.89775557e-06
-8.19275633e-06
-1.03620087e-05
-1.20554602e-05
-1.28897972e-05
-1.25097823e-05
-1.06475285e-05
-7.15084648e-06
-1.95549717e-06
4.92984864e-06
1.33924835e-05
2.31970831e-05
3.39689114e-05
4.51999823e-05
5.62838782e-05
6.65603406e-05
7.53600608e-05
8.20427651e-05
8.60435359e-05
8.69204914e-05
8.43836503e-05
7.82891431e-05
6.86107986e-05
5.54240731e-05
3.89148154e-05
1.93965659e-05
-2.66637562e-06
-2.66485388e-05
-5.17767570e-05
-7.71645439e-05
-1.01846037e-04
-1.24813613e-04
-1.45047001e-04
-1.61584884e-04
-1.73603243e-04
-1.80454580e-04
-1.81685494e-04
-1.77080516e-04
-1.66699494e-04
-1.50873468e-04
-1.30157544e-04
-1.05312639e-04
-7.72726943e-05
-4.70753449e-05
-1.58371302e-05
1.52590119e-05
4.50150637e-05
7.22723305e-05
9.58531489e-05
1.14497549e-04
1.26808204e-04
1.31495049e-04
1.27828904e-04
1.15820781e-04
9.61679429e-05
6.99565420e-05
3.85066439e-05
3.76717770e-06
-3.14181694e-05
-6.35834879e-05
-8.90433544e-05
-1.04084439e-04
-1.05043248e-04
-8.84831997e-05
-5.16007032e-05
7.18652759e-06
8.79244002e-05
1.89040648e-04
3.07147132e-04
4.36859295e-04
5.70927638e-04
7.00789381e-04
8.17177967e-04
9.10673407e-04
9.72211386e-04
9.93759028e-04
9.69013147e-04
8.93916298e-04
7.67002345e-04
5.89575623e-04
3.65838664e-04
1.02860268e-04
-1.89765721e-04
-5.00544811e-04
-8.16795800e-04
-1.12529614e-03
-1.41279373e-03
-1.66657893e-03
-1.87515225e-03
-2.02884864e-03
-2.12026460e-03
-2.14458477e-03
-2.09977859e-03
-1.98664821e-03
-1.80876091e-03
-1.57228064e-03
-1.28568772e-03
-9.59265064e-04
-6.04514201e-04
-2.33603793e-04
1.41180017e-04
5.07891841e-04
8.55332822e-04
1.17337131e-03
1.45323548e-03
1.68781655e-03
1.87194585e-03
2.00254908e-03
2.07862237e-03
2.10114346e-03
2.07279668e-03
1.99764400e-03
1.88086888e-03
1.72852178e-03
1.54727421e-03
1.34413044e-03
1.12611279e-03
8.99961707e-04
6.71917613e-04
4.47563683e-04
2.31803040e-04
2.88812515e-05
-1.57681930e-04
-3.25233432e-04
-4.72053187e-04
-5.97292514e-04
-7.00856956e-04
-7.83263606e-04
-8.45579984e-04
-8.89447358e-04
-9.16952580e-04
-9.30359218e-04
-9.31911014e-04
-9.23756745e-04
-9.07859488e-04
-8.85942145e-04
-8.59510179e-04
-8.29871930e-04
-7.98055122e-04
-7.64704213e-04
-7.30093776e-04
-6.94235070e-04
-6.56891467e-04
-6.17537032e-04
-5.75426550e-04
-5.29739552e-04
-4.79759174e-04
-4.25023114e-04
-3.65325681e-04
-3.00739118e-04
-2.31694113e-04
-1.58988060e-04
-8.36660247e-05
-6.94845232e-06
6.97268725e-05
1.44721926e-04
2.16349562e-04
2.83031398e-04
3.43371078e-04
3.96221588e-04
4.40781676e-04
4.76635826e-04
5.03722640e-04
5.22303491e-04
5.32935327e-04
5.36415109e-04
5.33716376e-04
5.25898198e-04
5.14008814e-04
4.99005378e-04
4.81695841e-04
4.62691388e-04
4.42374761e-04
4.20923425e-04
3.98360858e-04
3.74588549e-04
3.49427828e-04
3.22673861e-04
2.94180537e-04
2.63925968e-04
2.32032892e-04
1.98748637e-04
1.64398154e-04
1.29323537e-04
9.38802381e-05
5.84708243e-05
2.35217189e-05
-1.06078174e-05
-4.36655981e-05
-7.54811890e-05
-1.05962102e-04
-1.35081999e-04
-1.62855013e-04
-1.89324466e-04
-2.14537605e-04
-2.38525831e-04
-2.61253468e-04
-2.82580948e-04
-3.02279001e-04
-3.20102908e-04
-3.35845147e-04
-3.49309765e-04
-3.60228410e-04
-3.68230591e-04
-3.72894788e-04
-3.73829489e-04
-3.70712735e-04
-3.63270680e-04
-3.51278613e-04
-3.34604141e-04
-3.13234937e-04
-2.87255191e-04
-2.56845376e-04
-2.22315058e-04
-1.84147701e-04
-1.43018819e-04
-9.97562132e-05
-5.52585241e-05
-1.04482308e-05
3.38041580e-05
7.67322477e-05
1.17651502e-04
1.55930214e-04
1.90990986e-04
2.22337210e-04
2.49548088e-04
2.72285367e-04
2.90370081e-04
3.03842844e-04
3.12926234e-04
3.17911711e-04
3.19067247e-04
3.16601921e-04
3.10659888e-04
3.01327943e-04
2.88661907e-04
2.72720602e-04
2.53583981e-04
2.31346146e-04
2.06098560e-04
1.77950492e-04
1.47083818e-04
1.13801872e-04
7.85605579e-05
4.19641394e-05
4.73015428e-06
-3.23583389e-05
-6.84946048e-05
-1.02872460e-04
-1.34676884e-04
-1.63113122e-04
-1.87452875e-04
-2.07060362e-04
-2.21398800e-04
-2.30021283e-04
-2.32587960e-04
-2.28932762e-04
-2.19146620e-04
-2.03602849e-04
-1.82957302e-04
-1.58147764e-04
-1.30333425e-04
-1.00769802e-04
-7.07011960e-05
-4.13251932e-05
-1.37672214e-05
1.09671438e-05
3.20243040e-05
4.87306132e-05
6.06320559e-05
6.75239175e-05
6.94581374e-05
6.67352984e-05
5.98745942e-05
4.95891160e-05
3.67560611e-05
2.23457402e-05
7.34581756e-06
-7.30348367e-06
-2.07651085e-05
-3.23457098e-05
-4.15391776e-05
-4.80638563e-05
-5.18500002e-05
-5.30045003e-05
-5.17967625e-05
-4.86318335e-05
-4.39897806e-05
-3.83518992e-05
-3.21573382e-05
-2.57888001e-05
-1.95533297e-05
-1.36661184e-05
-8.23967788e-06
-3.28435454e-06
1.27178494e-06
5.55283254e-06
9.70127772e-06
1.38766728e-05
1.82651907e-05
2.30516422e-05
2.83799134e-05
3.43374885e-05
4.09726416e-05
4.83255669e-05
5.64399717e-05
6.53296113e-05
7.49083190e-05
8.49411546e-05
9.50443013e-05
1.04703063e-04
1.13304370e-04
1.20190067e-04
1.24711338e-04
1.26277824e-04
1.24395580e-04
1.18711214e-04
1.09053553e-04
9.54598340e-05
7.82036492e-05
5.78151672e-05
3.50642692e-05
1.08881825e-05
-1.36938179e-05
-3.76480141e-05
-5.99768480e-05
-7.97729186e-05
-9.62899027e-05
-1.08996768e-04
-1.17597249e-04
-1.22010776e-04
-1.22347393e-04
-1.18896815e-04
-1.12126399e-04
-1.02676555e-04
-9.13255898e-05
-7.89070530e-05
-6.62323993e-05
-5.40414439e-05
-4.29761257e-05
-3.35636254e-05
-2.61863570e-05
-2.10445882e-05
-1.81432647e-05
-1.73149960e-05
-1.82649703e-05
-2.06078535e-05
-2.38968367e-05
-2.76607672e-05
-3.14286373e-05
-3.47441275e-05
-3.71845172e-05
-3.83737874e-05
-3.79992113e-05
-3.58425254e-05
-3.18015866e-05
-2.58767189e-05
-1.81309595e-05
-8.67096013e-06
2.34403780e-06
1.46930523e-05
2.80915231e-05
4.21876868e-05
5.65656139e-05
7.07665602e-05
8.43250938e-05
9.67908464e-05
1.07742880e-04
1.16804735e-04
1.23669010e-04
1.28117791e-04
1.30021513e-04
1.29331981e-04
1.26078442e-04
1.20367748e-04
1.12373033e-04
1.02307889e-04
9.04090889e-05
7.69238390e-05
6.21136720e-05
4.62785971e-05
2.97640527e-05
1.29441663e-05
-3.80400870e-06
-2.01293405e-05
-3.57226275e-05
-5.03132968e-05
-6.36760745e-05
-7.56513091e-05
-8.61479413e-05
-9.51410445e-05
-1.02654348e-04
-1.08739366e-04
-1.13456774e-04
-1.16856589e-04
-1.18970561e-04
-1.19809876e-04
-1.19365819e-04
-1.17618335e-04
-1.14543670e-04
-1.10122385e-04
-1.04352204e-04
-9.72532775e-05
-8.88733060e-05
-7.92895130e-05
-6.86024683e-05
-5.69397722e-05
-4.44605812e-05
-3.13552234e-05
-1.78301285e-05
-4.09112072e-06
9.65830172e-06
2.32079190e-05
3.63391430e-05
4.88352097e-05
6.04844574e-05
7.10822854e-05
8.04364669e-05
8.83728896e-05
9.47528129e-05
9.94832298e-05
1.02517185e-04
