1.84960051e-06
1.76180281e-07
-1.45384399e-06
-3.01379954e-06
-4.47869178e-06
-5.82593122e-06
-7.03607266e-06
-8.09346791e-06
-8.98679238e-06
-9.70941446e-06
-1.02595780e-05
-1.06403842e-05
-1.08595948e-05
-1.09292506e-05
-1.08650922e-05
-1.06857814e-05
-1.04119674e-05
-1.00653036e-05
-9.66749442e-06
-9.23937738e-06
-8.80005022e-06
-8.36610950e-06
-7.95102115e-06
-7.56461536e-06
-7.21270583e-06
-6.89686910e-06
-6.61439382e-06
-6.35844288e-06
-6.11845684e-06
-5.88081500e-06
-5.62972740e-06
-5.34824770e-06
-5.01936290e-06
-4.62714588e-06
-4.15784339e-06
-3.60078896e-06
-2.94912507e-06
-2.20030645e-06
-1.35632442e-06
-4.23657069e-07
5.86983210e-07
1.66107710e-06
2.78091446e-06
3.92638007e-06
5.07588568e-06
6.20734873e-06
7.29911199e-06
8.33077293e-06
9.28387002e-06
1.01423406e-05
1.08927389e-05
1.15243105e-05
1.20290009e-05
1.24013992e-05
1.26385850e-05
1.27398665e-05
1.27064596e-05
1.25411473e-05
1.22478916e-05
1.18314637e-05
1.12972760e-05
1.06518677e-05
9.90326164e-06
9.06023519e-06
8.13351760e-06
7.14296521e-06
6.12290337e-06
5.11802167e-06
4.18022754e-06
3.37617931e-06
2.78496695e-06
2.48066680e-06
2.53045624e-06
3.00005403e-06
3.93812953e-06
5.35072263e-06
7.17705615e-06
9.28821737e-06
1.14962842e-05
1.35352574e-05
1.50844060e-05
1.58282844e-05
1.54601215e-05
1.36608599e-05
1.01548875e-05
4.77165998e-06
-2.55733451e-06
-1.18128709e-05
-2.28578939e-05
-3.54173757e-05
-4.90793027e-05
-6.33110420e-05
-7.74827760e-05
-9.08700555e-05
-1.02687651e-04
-1.12171380e-04
-1.18631020e-04
-1.21463458e-04
-1.20172073e-04
-1.14480094e-04
-1.04397856e-04
-9.01298509e-05
-7.23036280e-05
-5.22452572e-05
-3.17086849e-05
-1.25719409e-05
3.25508473e-06
1.39946961e-05
1.84967459e-05
1.61166920e-05
6.77179413e-06
-8.63826577e-06
-2.82213367e-05
-4.86850611e-05
-6.53348743e-05
-7.28147452e-05
-6.56186310e-05
-3.89105361e-05
1.07552229e-05
8.51488847e-05
1.84027095e-04
3.04791839e-04
4.42583489e-04
5.90627219e-04
7.40600072e-04
8.82998963e-04
1.00762010e-03
1.10422344e-03
1.16319597e-03
1.17613031e-03
1.13646328e-03
1.04001223e-03
8.85380303e-04
6.74074847e-04
4.10529863e-04
1.02217032e-04
-2.40597002e-04
-6.05355482e-04
-9.77771615e-04
-1.34248099e-03
-1.68380765e-03
-1.98654910e-03
-2.23684647e-03
-2.42285035e-03
-2.53521265e-03
-2.56754856e-03
-2.51679535e-03
-2.38336425e-03
-2.17105136e-03
-1.88675988e-03
-1.54009532e-03
-1.14296881e-03
-7.09120621e-04
-2.53548340e-04
2.08206354e-04
6.60775100e-04
1.08957901e-03
1.48143947e-03
1.82512563e-03
2.11173853e-03
2.33492199e-03
2.49089298e-03
2.57836653e-03
2.59838391e-03
2.55410452e-03
2.45049035e-03
2.29401838e-03
2.09238145e-03
1.85411411e-03
1.58820855e-03
1.30377784e-03
1.00974967e-03
7.14487302e-04
4.25447702e-04
1.49054909e-04
-1.09284497e-04
-3.45262650e-04
-5.55785011e-04
-7.38880486e-04
-8.93463925e-04
-1.01919082e-03
-1.11645682e-03
-1.18632586e-03
-1.23035894e-03
-1.25047088e-03
-1.24889339e-03
-1.22821019e-03
-1.19128868e-03
-1.14111142e-03
-1.08068494e-03
-1.01298245e-03
-9.40785714e-04
-8.66470817e-04
-7.91948962e-04
-7.18693678e-04
-6.47761938e-04
-5.79834748e-04
-5.15280090e-04
-4.54194126e-04
-3.96450504e-04
-3.41749492e-04
-2.89613393e-04
-2.39434891e-04
-1.90535432e-04
-1.42168473e-04
-9.35544142e-05
-4.39635368e-05
7.18596544e-06
6.02617199e-05
1.15381776e-04
1.72391220e-04
2.30865342e-04
2.90168422e-04
3.49497574e-04
4.07858827e-04
4.64090047e-04
5.16934958e-04
5.65097903e-04
6.07304745e-04
6.42340411e-04
6.69091532e-04
6.86615929e-04
6.94234265e-04
6.91587601e-04
6.78634409e-04
6.55612160e-04
6.23060187e-04
5.81836232e-04
5.33068369e-04
4.78097224e-04
4.18404705e-04
3.55539639e-04
2.91039275e-04
2.26361779e-04
1.62826165e-04
1.01606508e-04
4.37155981e-05
-1.00498609e-05
-5.91128652e-05
-1.03094433e-04
-1.41818225e-04
-1.75296680e-04
-2.03687780e-04
-2.27281551e-04
-2.46493244e-04
-2.61843258e-04
-2.73916054e-04
-2.83295832e-04
-2.90518719e-04
-2.96036721e-04
-3.00203460e-04
-3.03284866e-04
-3.05471104e-04
-3.06865619e-04
-3.07456508e-04
-3.07103986e-04
-3.05552466e-04
-3.02479559e-04
-2.97559866e-04
-2.90510927e-04
-2.81108348e-04
-2.69178028e-04
-2.54606590e-04
-2.37346716e-04
-2.17413987e-04
-1.94901000e-04
-1.70014991e-04
-1.43088336e-04
-1.14550196e-04
-8.48929072e-05
-5.46410431e-05
-2.43096189e-05
5.62299454e-06
3.47376581e-05
6.26539725e-05
8.90156799e-05
1.13492973e-04
1.35784904e-04
1.55647029e-04
1.72917962e-04
1.87503992e-04
1.99374835e-04
2.08586796e-04
2.15279991e-04
2.19643237e-04
2.21911494e-04
2.22330538e-04
2.21105910e-04
2.18399337e-04
2.14338876e-04
2.09007813e-04
2.02446436e-04
1.94657507e-04
1.85631272e-04
1.75364510e-04
1.63860410e-04
1.51120174e-04
1.37126327e-04
1.21852628e-04
1.05289437e-04
8.74611523e-05
6.84469200e-05
4.83760858e-05
2.74163588e-05
5.80152990e-06
-1.61710085e-05
-3.81765554e-05
-5.98919899e-05
-8.10085390e-05
-1.01250198e-04
-1.20380901e-04
-1.38179548e-04
-1.54413127e-04
-1.68840752e-04
-1.81207657e-04
-1.91248325e-04
-1.98716927e-04
-2.03403521e-04
-2.05129136e-04
-2.03756930e-04
-1.99206694e-04
-1.91472754e-04
-1.80649174e-04
-1.66932442e-04
-1.50602170e-04
-1.32013590e-04
-1.11611466e-04
-8.98964254e-05
-6.73767031e-05
-4.45482096e-05
-2.18963551e-05
1.01917096e-07
2.10014896e-05
4.04063397e-05
5.79786120e-05
7.34552220e-05
8.66567413e-05
9.74639800e-05
1.05766116e-04
1.11441626e-04
1.14386977e-04
1.14561437e-04
1.12024948e-04
1.06932505e-04
9.95228734e-05
9.01178220e-05
7.91239851e-05
6.70161516e-05
5.43033568e-05
4.15078902e-05
2.91592880e-05
1.77737658e-05
7.82217164e-06
-3.04977470e-07
-6.31645486e-06
-1.00285795e-05
-1.13892590e-05
-1.04872890e-05
-7.53453213e-06
-2.84083027e-06
3.22986064e-06
1.02890519e-05
1.79258821e-05
2.57047752e-05
3.31704334e-05
3.98765862e-05
4.54271266e-05
4.95078720e-05
5.19073543e-05
5.25130006e-05
5.13100227e-05
4.83724955e-05
4.38438720e-05
3.79149876e-05
3.08046589e-05
2.27436978e-05
1.39507669e-05
4.61202094e-06
-5.13165869e-06
-1.51842273e-05
-2.54538688e-05
-3.58041362e-05
-4.60362399e-05
-5.59271588e-05
-6.52732504e-05
-7.39034243e-05
-8.16563881e-05
-8.83548397e-05
-9.37991764e-05
-9.77651068e-05
-1.00001482e-04
-1.00245094e-04
-9.82538838e-05
-9.38451726e-05
-8.69474291e-05
-7.76355415e-05
-6.61107274e-05
-5.26637184e-05
-3.76426249e-05
-2.14396506e-05
-4.50510871e-06
1.26490620e-05
2.94669702e-05
4.53842119e-05
5.98866145e-05
7.25515863e-05
8.30584284e-05
9.11766592e-05
9.67673300e-05
9.97930381e-05
1.00302646e-04
9.83923606e-05
9.41854484e-05
8.78310467e-05
7.95156085e-05
6.94853932e-05
5.80647604e-05
4.56411112e-05
3.26218802e-05
1.94016952e-05
6.35606052e-06
-6.16235059e-06
-1.78426359e-05
-2.84328745e-05
-3.77508751e-05
-4.56774168e-05
-5.21317592e-05
-5.70477130e-05
-6.03739849e-05
-6.20820678e-05
-6.21652625e-05
-6.06429935e-05
-5.75612103e-05
-5.29999205e-05
-4.70814001e-05
-3.99709863e-05
-3.18773478e-05
-2.30552594e-05
-1.38067796e-05
-4.47405696e-06
4.57606933e-06
1.29805182e-05
2.04212258e-05
2.66546327e-05
3.15267476e-05
3.49674121e-05
3.69642198e-05
3.75437985e-05
3.67650945e-05
3.47234690e-05
3.15544701e-05
2.74383903e-05
2.25899511e-05
1.72321728e-05
1.15762627e-05
5.80908566e-06
9.48610898e-08
-5.41650003e-06
-1.05871250e-05
-1.53013682e-05
-1.94676660e-05
-2.30026599e-05
-2.58177341e-05
-2.78161023e-05
-2.88936585e-05
-2.89505679e-05
-2.79049036e-05
-2.57022486e-05
-2.23217708e-05
-1.77858170e-05
-1.21636064e-05
-5.57758963e-06
1.78245501e-06
9.65831641e-06
1.77333985e-05
2.56414813e-05
3.29785827e-05
3.93324506e-05
4.43218232e-05
4.76292578e-05
4.90208623e-05
4.83564261e-05
4.55820788e-05
4.07155618e-05
3.38395469e-05
2.51101986e-05
1.47657572e-05
3.13089080e-06
-9.37236260e-06
-2.22364406e-05
-3.48932793e-05
-4.67427956e-05
-5.71925993e-05
-6.57054326e-05
-7.18441304e-05
-7.53052704e-05
-7.59378837e-05
-7.37374009e-05
-6.88273489e-05
-6.14437399e-05
-5.19186769e-05
-4.06662982e-05
-2.81637663e-05
-1.49210401e-05
-1.45270955e-06
1.17427870e-05
2.41963937e-05
3.54843968e-05
4.52559040e-05
5.32506552e-05
5.93129165e-05
6.33984312e-05
0.00000000e+00
0.00000000e+00
0.00000000e+00
0.00000000e+00
0.00000000e+00
0.00000000e+00
0.00000000e+00
0.00000000e+00
0.00000000e+00
0.00000000e+00
0.00000000e+00
0.00000000e+00
0.00000000e+00
0.00000000e+00
0.00000000e+00
0.00000000e+00
0.00000000e+00
0.00000000e+00
0.00000000e+00
0.00000000e+00
0.00000000e+00
0.00000000e+00
0.00000000e+00
0.00000000e+00
0.00000000e+00
0.00000000e+00
0.00000000e+00
0.00000000e+00
0.00000000e+00
0.00000000e+00
0.00000000e+00
0.00000000e+00
0.00000000e+00
0.00000000e+00
0.00000000e+00
0.00000000e+00
0.00000000e+00
0.00000000e+00
0.00000000e+00
0.00000000e+00
0.00000000e+00
0.00000000e+00
0.00000000e+00
0.00000000e+00
0.00000000e+00
0.00000000e+00
0.00000000e+00
0.00000000e+00
0.00000000e+00
0.00000000e+00
0.00000000e+00
0.00000000e+00
0.00000000e+00
0.00000000e+00
0.00000000e+00
0.00000000e+00
0.00000000e+00
0.00000000e+00
0.00000000e+00
0.00000000e+00
0.00000000e+00
0.00000000e+00
0.00000000e+00
0.00000000e+00
0.00000000e+00
0.00000000e+00
0.00000000e+00
0.00000000e+00
0.00000000e+00
0.00000000e+00
0.00000000e+00
0.00000000e+00
0.00000000e+00
0.00000000e+00
0.00000000e+00
0.00000000e+00
0.00000000e+00
0.00000000e+00
0.00000000e+00
0.00000000e+00
0.00000000e+00
0.00000000e+00
0.00000000e+00
0.00000000e+00
0.00000000e+00
0.00000000e+00
0.00000000e+00
0.00000000e+00
0.00000000e+00
-9.12719094e-12
-2.71533594e-10
-1.88525018e-09
-7.19973647e-09
-1.97816399e-08
-4.40277356e-08
-8.45507615e-08
-1.45468631e-07
-2.29680359e-07
-3.38225855e-07
-4.69820416e-07
-6.20602498e-07
-7.84102863e-07
-9.51436380e-07
-1.11170694e-06
-1.25260648e-06
-1.36116484e-06
-1.42459002e-06
-1.43113594e-06
-1.37091053e-06
-1.23656876e-06
-1.02385061e-06
-7.31930148e-07
-3.63581311e-07
7.48169603e-08
5.73420073e-07
1.11917618e-06
1.69618914e-06
2.28619999e-06
2.86920450e-06
3.42417974e-06
3.92987515e-06
4.36565121e-06
4.71236118e-06
4.95324580e-06
5.07473959e-06
5.06714222e-06
4.92512724e-06
4.64806120e-06
4.24009748e-06
3.71005893e-06
3.07114289e-06
2.34045722e-06
1.53835194e-06
6.87554302e-07
-1.87828595e-07
-1.06335210e-06
-1.91523446e-06
-2.72127052e-06
-3.46163720e-06
-4.11954266e-06
-4.68167595e-06
-5.13845711e-06
-5.48412578e-06
-5.71670159e-06
-5.83779355e-06
-5.85227758e-06
-5.76788737e-06
-5.59475548e-06
-5.34490058e-06
-5.03166250e-06
-4.66913485e-06
-4.27164545e-06
-3.85329886e-06
-3.42754788e-06
-3.00677050e-06
-2.60185071e-06
-2.22179265e-06
-1.87339758e-06
-1.56103869e-06
-1.28657944e-06
-1.04944223e-06
-8.46800149e-07
-6.73869574e-07
-5.24289248e-07
-3.90551475e-07
-2.64444757e-07
-1.37493441e-07
-1.37787849e-09
1.51638925e-07
3.28273995e-07
5.33821660e-07
7.71826806e-07
1.04384789e-06
1.34932795e-06
1.68559547e-06
2.04798681e-06
2.43005096e-06
2.82384067e-06
3.22028805e-06
3.60963675e-06
3.98190306e-06
4.32734116e-06
4.63690221e-06
4.90270406e-06
5.11859070e-06
5.28068032e-06
5.38757095e-06
5.43999035e-06
5.44059065e-06
5.39417744e-06
5.30829771e-06
5.19259922e-06
5.05794368e-06
4.91393237e-06
4.76794140e-06
4.62358820e-06
4.47950465e-06
4.32999433e-06
4.16316449e-06
3.96028238e-06
3.69698312e-06
3.34503436e-06
2.87839832e-06
2.27405849e-06
1.51298354e-06
5.85844377e-07
-5.06893847e-07
-1.75243762e-06
-3.12355995e-06
-4.58204177e-06
-6.08069627e-06
-7.56505810e-06
-8.97603453e-06
-1.02494723e-05
-1.13210562e-05
-1.21336597e-05
-1.26388155e-05
-1.28013710e-05
-1.26017055e-05
-1.20323072e-05
-1.10983056e-05
-9.82085470e-06
-8.23901257e-06
-6.40940152e-06
-4.39531851e-06
-2.26310679e-06
-8.57376552e-08
2.06363955e-06
4.11356563e-06
5.99491368e-06
7.64814231e-06
9.02451944e-06
1.00893630e-05
1.08262316e-05
1.12301778e-05
1.13073605e-05
1.10714187e-05
1.05422735e-05
9.75049969e-06
8.73337101e-06
7.53186364e-06
6.18624474e-06
4.72879074e-06
3.19231348e-06
1.61074591e-06
1.38529281e-08
-1.57240571e-06
-3.12709747e-06
-4.62781095e-06
-6.04919563e-06
-7.36715661e-06
-8.55902441e-06
-9.60475290e-06
-1.04870474e-05
-1.11859434e-05
-1.16790571e-05
-1.19422026e-05
-1.19512769e-05
-1.16836171e-05
-1.11196856e-05
-1.02442966e-05
-9.04961038e-06
-7.53801541e-06
-5.72629615e-06
-3.64321223e-06
-1.32580690e-06
1.17466327e-06
3.79192056e-06
6.45107255e-06
9.07198779e-06
1.15710572e-05
1.38661288e-05
1.58827598e-05
1.75592857e-05
1.88423413e-05
1.96849193e-05
2.00507287e-05
1.99160118e-05
1.92694079e-05
1.81106263e-05
1.64482791e-05
1.42997806e-05
1.16819583e-05
8.61143235e-06
5.11581155e-06
1.24304403e-06
-2.93203815e-06
-7.30391261e-06
-1.17392617e-05
-1.60861003e-05
-2.01799578e-05
-2.38461682e-05
-2.69071284e-05
-2.92009735e-05
-3.05925746e-05
-3.09777679e-05
-3.02905979e-05
-2.85159751e-05
-2.56902284e-05
-2.18953973e-05
-1.72591234e-05
-1.19526396e-05
-6.18163747e-06
-1.68443108e-07
5.85810477e-06
1.16787345e-05
1.71035023e-05
2.19719561e-05
2.61447458e-05
2.95092960e-05
3.19968052e-05
3.35807783e-05
3.42629407e-05
3.40547720e-05
3.29723608e-05
3.10471557e-05
2.83267887e-05
2.48892835e-05
2.08492056e-05
1.63321276e-05
1.14486710e-05
6.29196249e-06
9.51715643e-07
-4.45950731e-06
-9.79593173e-06
-1.49165441e-05
-1.97393312e-05
-2.42436679e-05
-2.84451190e-05
-3.23563181e-05
-3.59467748e-05
-3.91238327e-05
-4.17401869e-05
-4.36107300e-05
-4.45759247e-05
-4.45324432e-05
-4.34021120e-05
-4.10965923e-05
-3.75263781e-05
-3.26211051e-05
-2.63526861e-05
-1.87516270e-05
-9.89301607e-06
6.59572808e-08
1.08532082e-05
2.21067525e-05
3.34189702e-05
4.43490148e-05
5.44446988e-05
6.32443206e-05
7.03018671e-05
7.52209454e-05
7.77016951e-05
7.75599679e-05
7.47070455e-05
6.91429020e-05
6.09967508e-05
5.05245512e-05
3.80818633e-05
2.40773532e-05
8.98494671e-06
-6.65643162e-06
-2.23085935e-05
-3.74440488e-05
-5.15349983e-05
-6.40959795e-05
-7.47312134e-05
-8.31326386e-05
-8.90586968e-05
-9.23426694e-05
-9.28909237e-05
-9.07024534e-05
-8.58742944e-05
-7.86105332e-05
-6.92089573e-05
-5.80161323e-05
-4.53973981e-05
-3.16619167e-05
-1.70729291e-05
-1.86854810e-06
1.37174003e-05
2.94047929e-05
4.48667019e-05
5.97397236e-05
7.36037482e-05
8.60066084e-05
9.65052130e-05
1.04680330e-04
1.10161097e-04
1.12642788e-04
1.11907311e-04
1.07782814e-04
1.00176494e-04
8.91325057e-05
7.48594165e-05
5.77102003e-05
3.81385789e-05
1.67197059e-05
-5.80338351e-06
-2.85306105e-05
-5.04700015e-05
-7.06462839e-05
-8.81779950e-05
-1.02284559e-04
-1.12315499e-04
-1.17797203e-04
-1.18460826e-04
-1.14267688e-04
-1.05405417e-04
-9.23209858e-05
-7.57366323e-05
-5.66133460e-05
-3.60965447e-05
-1.54072374e-05
4.30790605e-06
2.20685382e-05
3.70726976e-05
4.87310606e-05
5.67436686e-05
6.11270040e-05
6.21610037e-05
6.03056638e-05
5.61442293e-05
5.03863160e-05
4.37785408e-05
3.69439893e-05
3.03244480e-05
2.42332535e-05
1.88582986e-05
1.42376831e-05
1.02079616e-05
6.46430867e-06
2.67246461e-06
-1.47848089e-06
-6.22701593e-06
-1.17130850e-05
-1.79512419e-05
-2.47705700e-05
-3.18316338e-05
-3.86835029e-05
-4.48647178e-05
-5.00017266e-05
-5.37710126e-05
-5.58874984e-05
-5.61202013e-05
-5.43017476e-05
-5.03264092e-05
-4.41219805e-05
-3.56750785e-05
-2.51000303e-05
-1.26397112e-05
1.32389883e-06
1.62338292e-05
3.13952300e-05
4.60870915e-05
5.96461115e-05
7.14624342e-05
8.09356131e-05
8.75528080e-05
9.09807654e-05
9.10465848e-05
8.77030769e-05
8.10712865e-05
7.14440058e-05
5.92424187e-05
4.49551611e-05
2.91100329e-05
1.23077277e-05
-4.79894172e-06
-2.15492139e-05
-3.72888628e-05
-5.13900434e-05
-6.32761321e-05
-7.24390260e-05
-7.85195929e-05
-8.13460710e-05
-8.09082588e-05
-7.73334345e-05
-7.09127224e-05
-6.21117251e-05
-5.14858313e-05
-3.95983717e-05
-2.70099810e-05
-1.42819393e-05
-1.93423557e-06
9.60401725e-06
1.99982987e-05
2.90058630e-05
3.64886991e-05
4.24198684e-05
4.68265516e-05
4.97234891e-05
5.11029940e-05
5.09676039e-05
4.93419718e-05
4.62549073e-05
4.17619628e-05
3.59282803e-05
2.88166634e-05
2.05275865e-05
1.12280524e-05
1.15411156e-06
-9.37933574e-06
-2.00051235e-05
-3.03051837e-05
-3.98130986e-05
-4.80670772e-05
-5.46563031e-05
-5.92529356e-05
-6.16566217e-05
-6.18179144e-05
-5.98249271e-05
4.45568876e-08
-2.49231373e-06
-4.90435766e-06
-7.17252984e-06
-9.28184095e-06
-1.12213131e-05
-1.29837472e-05
-1.45653398e-05
-1.59651992e-05
-1.71848122e-05
-1.82274968e-05
-1.90978501e-05
-1.98012237e-05
-2.03432464e-05
-2.07294446e-05
-2.09649936e-05
-2.10545800e-05
-2.10023665e-05
-2.08119844e-05
-2.04865197e-05
-2.00285243e-05
-1.94400828e-05
-1.87229614e-05
-1.78788296e-05
-1.69095287e-05
-1.58173811e-05
-1.46055489e-05
-1.32784116e-05
-1.18418916e-05
-1.03036962e-05
-8.67348401e-06
-6.96295144e-06
-5.18580348e-06
-3.35760320e-06
-1.49550726e-06
3.82100364e-07
2.25602414e-06
4.10665952e-06
5.91438477e-06
7.65994732e-06
9.32478565e-06
1.08912625e-05
1.23428583e-05
1.36643366e-05
1.48419016e-05
1.58633497e-05
1.67182003e-05
1.73978057e-05
1.78954186e-05
1.82062028e-05
1.83272227e-05
1.82574372e-05
1.79977006e-05
1.75507905e-05
1.69214428e-05
1.61163364e-05
1.51440316e-05
1.40148753e-05
1.27408760e-05
1.13355750e-05
9.81393282e-06
8.19220619e-06
6.48778345e-06
4.71896878e-06
2.90474268e-06
1.06453617e-06
-7.81986199e-07
-2.61516712e-06
-4.41560489e-06
-6.16435520e-06
-7.84309255e-06
-9.43425932e-06
-1.09212124e-05
-1.22883547e-05
-1.35212489e-05
-1.46067301e-05
-1.55329750e-05
-1.62895372e-05
-1.68673728e-05
-1.72588975e-05
-1.74581293e-05
-1.74608859e-05
-1.72649752e-05
-1.68703526e-05
-1.62792624e-05
-1.54963979e-05
-1.45290640e-05
-1.33873018e-05
-1.20839757e-05
-1.06347687e-05
-9.05805243e-06
-7.37462837e-06
-5.60739243e-06
-3.78094179e-06
-1.92111346e-06
-5.44766463e-08
1.79219306e-06
3.59242978e-06
5.32055179e-06
6.95208195e-06
8.46415594e-06
9.83595867e-06
1.10491603e-05
1.20883094e-05
1.29411452e-05
1.35988410e-05
1.40561687e-05
1.43115654e-05
1.43671096e-05
1.42284028e-05
1.39043358e-05
1.34067441e-05
1.27499796e-05
1.19504286e-05
1.10260144e-05
9.99572609e-06
8.87918414e-06
7.69620629e-06
6.46636407e-06
5.20857743e-06
3.94076937e-06
2.67957506e-06
1.44013618e-06
2.35982668e-07
-9.21020359e-07
-2.02064946e-06
-3.05403242e-06
-4.01178634e-06
-4.88315982e-06
-5.66216146e-06
-6.34389996e-06
-6.91707898e-06
-7.35165413e-06
-7.59938764e-06
-7.61242837e-06
-7.35534770e-06
-6.80866996e-06
-5.97186118e-06
-4.86187828e-06
-3.51567192e-06
-2.00578760e-06
-4.52152181e-07
9.83173081e-07
2.10647710e-06
2.70992409e-06
2.58448185e-06
1.53966946e-06
-5.67626415e-07
-3.80402878e-06
-8.13052554e-06
-1.33918471e-05
-1.93311768e-05
-2.56150579e-05
-3.18493339e-05
-3.75895343e-05
-4.23602160e-05
-4.56931033e-05
-4.71548849e-05
-4.63760659e-05
-4.30902995e-05
-3.71506851e-05
-2.85376182e-05
-1.73779669e-05
-3.95620237e-06
1.12937600e-05
2.78176313e-05
4.49569302e-05
6.19685338e-05
7.80720799e-05
9.24883199e-05
1.04474723e-04
1.13359670e-04
1.18573228e-04
1.19692175e-04
1.16464059e-04
1.08816159e-04
9.68688553e-05
8.09367583e-05
6.15238874e-05
3.92991547e-05
1.50719153e-05
-1.02411191e-05
-3.56636890e-05
-6.02045748e-05
-8.29029192e-05
-1.02873998e-04
-1.19352665e-04
-1.31725468e-04
-1.39558105e-04
-1.42618726e-04
-1.40895672e-04
-1.34594365e-04
-1.24113193e-04
-1.10018535e-04
-9.30147886e-05
-7.39005076e-05
-5.35223375e-05
-3.27313046e-05
-1.23402659e-05
6.92326913e-06
2.44604767e-05
3.98296100e-05
5.27611454e-05
6.31533163e-05
7.10435779e-05
7.65916203e-05
8.00527357e-05
8.17158319e-05
8.18340833e-05
8.05656985e-05
7.79359221e-05
7.38208953e-05
6.79493185e-05
5.99403136e-05
4.93637468e-05
3.58278584e-05
1.90830308e-05
-9.08015265e-07
-2.39528617e-05
-4.95642215e-05
-7.67925040e-05
-1.04155040e-04
-1.29750519e-04
-1.51515222e-04
-1.67337567e-04
-1.75153745e-04
-1.73189382e-04
-1.60086781e-04
-1.35044577e-04
-9.78169399e-05
-4.87719153e-05
1.10087189e-05
7.95844209e-05
1.54175175e-04
2.31408675e-04
3.07412039e-04
3.77987558e-04
4.38876570e-04
4.86142569e-04
5.16420090e-04
5.27008154e-04
5.15998061e-04
4.82405625e-04
4.26281538e-04
3.48753679e-04
2.51948241e-04
1.38932152e-04
1.36127292e-05
-1.19490028e-04
-2.55419141e-04
-3.88962069e-04
-5.14868634e-04
-6.28054861e-04
-7.23852542e-04
-7.98260345e-04
-8.48133615e-04
-8.71278748e-04
-8.66561567e-04
-8.33950455e-04
-7.74575409e-04
-6.90658661e-04
-5.85304797e-04
-4.62388979e-04
-3.26512153e-04
-1.82733690e-04
-3.62445082e-05
1.07839299e-04
2.44678378e-04
3.69940788e-04
4.79927367e-04
5.71656029e-04
6.42965818e-04
6.92644726e-04
7.20472289e-04
7.27121942e-04
7.13989790e-04
6.83036893e-04
6.36696655e-04
5.77771590e-04
5.09290791e-04
4.34376716e-04
3.56128274e-04
2.77495151e-04
2.01095567e-04
1.29154468e-04
6.34650022e-05
5.35930314e-06
-4.42725933e-05
-8.50224969e-05
-1.16942064e-04
-1.40435551e-04
-1.56192909e-04
-1.65119234e-04
-1.68278207e-04
-1.66893718e-04
-1.62366424e-04
-1.56154299e-04
-1.49600230e-04
-1.43830483e-04
-1.39683692e-04
-1.37761405e-04
-1.38498289e-04
-1.42079570e-04
-1.48327813e-04
-1.56742617e-04
-1.66628602e-04
-1.77200491e-04
-1.87630689e-04
-1.97037686e-04
-2.04558785e-04
-2.09447906e-04
-2.11113219e-04
-2.09168369e-04
-2.03418263e-04
-1.93826779e-04
-1.80538248e-04
-1.63894541e-04
-1.44406751e-04
-1.22685180e-04
-9.93932442e-05
-7.52205547e-05
-5.08262836e-05
-2.68396021e-05
-3.83666616e-06
1.77024387e-05
3.73603074e-05
5.47930370e-05
6.97734973e-05
8.22135751e-05
9.21375307e-05
9.97195990e-05
1.05276337e-04
1.09155730e-04
1.11704157e-04
1.13295396e-04
1.14296633e-04
1.15014508e-04
1.15691061e-04
1.16574211e-04
1.17886632e-04
1.19738256e-04
1.22110447e-04
1.24863722e-04
1.27743365e-04
1.30408824e-04
1.32486483e-04
1.33591302e-04
1.33313128e-04
1.31218474e-04
1.26894105e-04
1.20009482e-04
1.10331981e-04
9.77495037e-05
8.22957674e-05
6.41863583e-05
4.38207128e-05
2.17672835e-05
-1.24258609e-06
-2.43394862e-05
-4.65912519e-05
-6.70509600e-05
-8.47841903e-05
-9.89079885e-05
-1.08693592e-04
-1.13683838e-04
-1.13759732e-04
-1.09115467e-04
-1.00184904e-04
-8.76004794e-05
-7.21839642e-05
-5.49004151e-05
-3.68054549e-05
-1.90010865e-05
-2.60444645e-06
1.12861850e-05
2.16923753e-05
2.78706548e-05
2.93748646e-05
2.60490103e-05
1.80256917e-05
5.75804698e-06
-9.98183442e-06
-2.81644336e-05
-4.75906473e-05
-6.69708198e-05
-8.49950932e-05
-1.00451606e-04
-1.12324592e-04
-1.19828155e-04
-1.22443655e-04
-1.19956633e-04
-1.12469731e-04
-1.00398469e-04
-8.44234709e-05
-6.53987671e-05
-4.42968823e-05
-2.21756064e-05
-1.18167402e-07
2.08694218e-05
3.99421147e-05
5.64429069e-05
6.99139393e-05
8.01096805e-05
8.69664055e-05
9.05539830e-05
9.10822236e-05
8.89011020e-05
8.44590106e-05
7.82629551e-05
7.08743882e-05
6.29033169e-05
5.49471880e-05
4.75333422e-05
4.10623854e-05
3.57765762e-05
3.17857728e-05
2.90888895e-05
2.76114463e-05
2.72115656e-05
2.76655251e-05
2.86865126e-05
2.99436842e-05
3.10804207e-05
3.17448783e-05
3.16228002e-05
3.04579175e-05
2.80520110e-05
2.42751493e-05
1.90817695e-05
1.25304529e-05
4.78595508e-06
-3.89882241e-06
-1.32094713e-05
-2.28236870e-05
-3.24501775e-05
-4.18025396e-05
-5.05682171e-05
-5.84346897e-05
-6.51350893e-05
-7.04757685e-05
-7.43438065e-05
-7.66961546e-05
-7.75358423e-05
-7.68914995e-05
-7.47857743e-05
-7.12213381e-05
-6.62228086e-05
-5.98747399e-05
-5.23215740e-05
-4.37578797e-05
-3.44350715e-05
-2.46717207e-05
-1.48258909e-05
-5.25808041e-06
3.68789073e-06
1.16822218e-05
1.83999442e-05
2.35307357e-05
2.68066905e-05
2.80794364e-05
2.73687834e-05
2.48518990e-05
2.08543003e-05
1.58536453e-05
1.04337890e-05
5.19884951e-06
7.18742826e-07
-2.48798085e-06
-3.95066046e-06
-3.26503784e-06
-1.49090878e-07
5.50613194e-06
1.36133674e-05
2.39058548e-05
3.59633483e-05
4.92337214e-05
6.30636220e-05
7.67527620e-05
8.96084072e-05
1.00935841e-04
1.10016127e-04
1.16122547e-04
1.18575258e-04
1.16827866e-04
1.10558362e-04
9.96957258e-05
8.43958589e-05
6.50369996e-05
4.22216097e-05
1.67451339e-05
-1.04490924e-05
-3.83143649e-05
-6.57576537e-05
-9.16867019e-05
-1.15040553e-04
-1.34833543e-04
-1.50212679e-04
-1.60505235e-04
-1.65259008e-04
-1.64279286e-04
-1.57643211e-04
-1.45686065e-04
-1.28941672e-04
-1.08077796e-04
-8.38766493e-05
-5.72321688e-05
-2.91445846e-05
-7.01194229e-07
2.69749792e-05
5.28032290e-05
7.58282179e-05
9.52864377e-05
-1.29529783e-04
-1.43215562e-04
-1.56137038e-04
-1.68008959e-04
-1.78528238e-04
-1.87392687e-04
-1.94320660e-04
-1.99070626e-04
-2.01458615e-04
-2.01371671e-04
-1.98775976e-04
-1.93718779e-04
-1.86324305e-04
-1.76784250e-04
-1.65343749e-04
-1.52284686e-04
-1.37908293e-04
-1.22518176e-04
-1.06404160e-04
-8.98279945e-05
-7.30131815e-05
-5.61400197e-05
-3.93441853e-05
-2.27173700e-05
-6.31064878e-06
9.85935168e-06
2.58043368e-05
4.15591668e-05
5.71767717e-05
7.27235434e-05
8.82750814e-05
1.03910505e-04
1.19703576e-04
1.35710943e-04
1.51958528e-04
1.68428044e-04
1.85045710e-04
2.01673664e-04
2.18104512e-04
2.34060164e-04
2.49196007e-04
2.63109911e-04
2.75355743e-04
2.85460780e-04
2.92945509e-04
2.97344768e-04
2.98229534e-04
2.95228613e-04
2.88048789e-04
2.76492367e-04
2.60471193e-04
2.40016954e-04
2.15287115e-04
1.86564650e-04
1.54251274e-04
1.18855395e-04
8.09755392e-05
4.12796692e-05
4.81414135e-07
-4.06853798e-05
-8.14923584e-05
-1.21241010e-04
-1.59286801e-04
-1.95070555e-04
-2.28121900e-04
-2.58080448e-04
-2.84744672e-04
-3.08044921e-04
-3.28044815e-04
-3.44924419e-04
-3.58893967e-04
-3.70104687e-04
-3.78595163e-04
-3.84304346e-04
-3.87071755e-04
-3.86567391e-04
-3.82290751e-04
-3.73602325e-04
-3.59698854e-04
-3.39726762e-04
-3.12854932e-04
-2.78365110e-04
-2.35815576e-04
-1.85121567e-04
-1.26653653e-04
-6.12784748e-05
9.63142224e-06
8.41705896e-05
1.60044575e-04
2.34663169e-04
3.05216137e-04
3.68865327e-04
4.22913672e-04
4.64935475e-04
4.92894842e-04
5.05309767e-04
5.01375241e-04
4.81019666e-04
4.44888216e-04
3.94345239e-04
3.31454979e-04
2.58866891e-04
1.79673541e-04
9.72640678e-05
1.51664355e-05
-6.29893185e-05
-1.33351213e-04
-1.91983847e-04
-2.35191687e-04
-2.60257341e-04
-2.66050418e-04
-2.52929767e-04
-2.22306292e-04
-1.76269282e-04
-1.17493956e-04
-4.95453571e-05
2.28366810e-05
9.34165795e-05
1.54781900e-04
1.99424579e-04
2.20596269e-04
2.12774960e-04
1.72317468e-04
9.78482765e-05
-9.62500353e-06
-1.46347925e-04
-3.05976174e-04
-4.79925423e-04
-6.57819339e-04
-8.28366151e-04
-9.79969454e-04
-1.10135836e-03
-1.18251627e-03
-1.21505550e-03
-1.19271900e-03
-1.11201228e-03
-9.72535057e-04
-7.76919504e-04
-5.30672593e-04
-2.41915400e-04
7.88418856e-05
4.19187734e-04
7.65569827e-04
1.10411632e-03
1.42124952e-03
1.70409398e-03
1.94105006e-03
2.12244106e-03
2.24086720e-03
2.29150941e-03
2.27225612e-03
2.18378259e-03
2.02956986e-03
1.81572502e-03
1.55051017e-03
1.24384959e-03
9.06883752e-04
5.51531062e-04
1.89868384e-04
-1.66475831e-04
-5.06825353e-04
-8.21683162e-04
-1.10300938e-03
-1.34450397e-03
-1.54162974e-03
-1.69168775e-03
-1.79390603e-03
-1.84931984e-03
-1.86050268e-03
-1.83130379e-03
-1.76654908e-03
-1.67167664e-03
-1.55241295e-03
-1.41451651e-03
-1.26359445e-03
-1.10488997e-03
-9.43178566e-04
-7.82713554e-04
-6.27150391e-04
-4.79445768e-04
-3.41772859e-04
-2.15656890e-04
-1.02087588e-04
-1.47865344e-06
8.63283360e-05
1.62022252e-04
2.26708724e-04
2.81785483e-04
3.28846930e-04
3.69515469e-04
4.05329432e-04
4.37685377e-04
4.67743949e-04
4.96414946e-04
5.24327707e-04
5.51798837e-04
5.78851237e-04
6.05207715e-04
6.30321572e-04
6.53400838e-04
6.73567367e-04
6.89959906e-04
7.01803607e-04
7.08485969e-04
7.09577349e-04
7.04826584e-04
6.94149526e-04
6.77653137e-04
6.55659237e-04
6.28630214e-04
5.97123579e-04
5.61790230e-04
5.23262294e-04
4.82011151e-04
4.38251955e-04
3.91942795e-04
3.42841558e-04
2.90621584e-04
2.34979188e-04
1.75647251e-04
1.12404464e-04
4.51613065e-05
-2.59371014e-05
-1.00488420e-04
-1.77852153e-04
-2.57095000e-04
-3.36989194e-04
-4.16019207e-04
-4.92442078e-04
-5.64482884e-04
-6.30442602e-04
-6.88722102e-04
-7.37806017e-04
-7.76238043e-04
-8.02668509e-04
-8.16016527e-04
-8.15569723e-04
-8.01038442e-04
-7.72558510e-04
-7.30692757e-04
-6.76448521e-04
-6.11197757e-04
-5.36617789e-04
-4.54613702e-04
-3.67224771e-04
-2.76596160e-04
-1.84939996e-04
-9.44153289e-05
-6.96102485e-06
7.57689391e-05
1.52393130e-04
2.21770956e-04
2.83021480e-04
3.35540076e-04
3.78975165e-04
4.13246983e-04
4.38584588e-04
4.55571498e-04
4.65112035e-04
4.68290317e-04
4.66274151e-04
4.60271642e-04
4.51437043e-04
4.40773643e-04
4.29122555e-04
4.17105544e-04
4.05043422e-04
3.92935528e-04
3.80508389e-04
3.67302775e-04
3.52789556e-04
3.36428248e-04
3.17668962e-04
2.95941932e-04
2.70727313e-04
2.41620198e-04
2.08344887e-04
1.70751050e-04
1.28833176e-04
8.27545530e-05
3.28987260e-05
-2.00936458e-05
-7.53647808e-05
-1.31900321e-04
-1.88554709e-04
-2.44107193e-04
-2.97351335e-04
-3.47176698e-04
-3.92632021e-04
-4.32893520e-04
-4.67227896e-04
-4.94996360e-04
-5.15666939e-04
-5.28855032e-04
-5.34392756e-04
-5.32357395e-04
-5.23035937e-04
-5.06841793e-04
-4.84282137e-04
-4.55941973e-04
-4.22462551e-04
-3.84514655e-04
-3.42786417e-04
-2.97993602e-04
-2.50899912e-04
-2.02282001e-04
-1.52919021e-04
-1.03595630e-04
-5.50598731e-05
-7.95514062e-06
3.72213237e-05
8.00762393e-05
1.20259987e-04
1.57418947e-04
1.91177619e-04
2.21211997e-04
2.47319805e-04
2.69419024e-04
2.87526307e-04
3.01770221e-04
3.12420138e-04
3.19866125e-04
3.24540766e-04
3.26833430e-04
3.27064044e-04
3.25505929e-04
3.22392537e-04
3.17941548e-04
3.12379197e-04
3.05906119e-04
2.98648498e-04
2.90636528e-04
2.81828616e-04
2.72168816e-04
2.61608116e-04
2.50084654e-04
2.37503218e-04
2.23684661e-04
2.08381654e-04
1.91313727e-04
1.72169988e-04
1.50639088e-04
1.26423039e-04
9.92384614e-05
6.88492373e-05
3.51382814e-05
-1.83243131e-06
-4.17947431e-05
-8.42703212e-05
-1.28549106e-04
-1.73703893e-04
-2.18650152e-04
-2.62221409e-04
-3.03235487e-04
-3.40539511e-04
-3.73025002e-04
-3.99641968e-04
-4.19447202e-04
-4.31661861e-04
-4.35754992e-04
-4.31514427e-04
-4.19059055e-04
-3.98817214e-04
-3.71470509e-04
-3.37923354e-04
-2.99304904e-04
-2.56924124e-04
-2.12176666e-04
-1.66455658e-04
-1.21076224e-04
-7.72076862e-05
-3.58219358e-05
2.31835921e-06
3.66630504e-05
6.68859138e-05
9.28822881e-05
1.14764577e-04
1.32854074e-04
1.47636492e-04
1.59705313e-04
1.69695879e-04
1.78207700e-04
1.85752510e-04
1.92728029e-04
1.99378851e-04
2.05803448e-04
2.11986778e-04
2.17818642e-04
2.23111295e-04
2.27597910e-04
2.30936280e-04
2.32726914e-04
2.32541212e-04
2.29985669e-04
2.24767162e-04
2.16730219e-04
2.05838349e-04
1.92170707e-04
1.75917226e-04
1.57368446e-04
1.36925733e-04
1.15075700e-04
9.23629613e-05
6.93805494e-05
4.67707025e-05
2.52178309e-05
5.42108847e-06
-1.19778864e-05
-2.64635131e-05
-3.76753096e-05
-4.54390084e-05
-4.97935875e-05
-5.09861983e-05
-4.94322308e-05
-4.56712876e-05
-4.03450664e-05
-3.41810797e-05
-2.79639246e-05
-2.25175623e-05
-1.86660315e-05
-1.71687286e-05
-1.86418320e-05
-2.34936949e-05
-3.18993459e-05
-4.38217257e-05
-5.90353157e-05
-7.71454518e-05
-9.76159597e-05
-1.19800746e-04
-1.42974928e-04
-1.66343108e-04
-1.89057130e-04
-2.10244768e-04
-2.29050413e-04
-2.44690240e-04
-2.56508832e-04
-2.64007952e-04
-2.66856247e-04
-2.64910309e-04
-2.58203470e-04
-2.46924190e-04
-2.31405648e-04
-2.12108514e-04
-1.89575294e-04
-1.64389868e-04
-1.37163149e-04
-1.08553177e-04
-7.92800294e-05
-5.01084258e-05
-2.18069539e-05
4.89784724e-06
2.93606639e-05
5.10637490e-05
6.96597205e-05
8.49961404e-05
9.70937008e-05
1.06109490e-04
1.12309354e-04
1.16059195e-04
1.17821849e-04
1.18130945e-04
1.17543746e-04
1.16591898e-04
1.15746772e-04
1.15396888e-04
1.15825578e-04
1.17207192e-04
1.19614592e-04
1.23010712e-04
1.27258506e-04
1.32135099e-04
1.37337063e-04
1.42511098e-04
1.47304606e-04
1.51400568e-04
1.54534735e-04
1.56502529e-04
1.57163889e-04
1.56435866e-04
1.54282137e-04
1.50693438e-04
1.45678642e-04
1.39261345e-04
1.31492966e-04
1.22469351e-04
1.12330525e-04
1.01236496e-04
8.93417945e-05
7.67809331e-05
6.36678273e-05
5.00965113e-05
3.61324821e-05
2.18116713e-05
7.14675969e-06
-7.85511233e-06
-2.31864646e-05
-3.88522957e-05
-5.48576380e-05
-7.11827184e-05
-8.77793942e-05
-1.04574699e-04
-1.21458935e-04
-1.38262500e-04
-1.54736596e-04
-1.70543208e-04
-1.85262960e-04
-1.98415194e-04
-2.09480162e-04
-2.17925061e-04
-2.23231415e-04
-2.24915450e-04
-2.22559218e-04
-3.59228005e-06
-5.15478091e-07
2.55168484e-06
5.58314336e-06
8.54876691e-06
1.14153159e-05
1.41476615e-05
1.67102112e-05
1.90684581e-05
2.11904257e-05
2.30479361e-05
2.46176905e-05
2.58821051e-05
2.68298639e-05
2.74562260e-05
2.77630703e-05
2.77586542e-05
2.74569747e-05
2.68767518e-05
2.60402054e-05
2.49717645e-05
2.36968140e-05
2.22405647e-05
2.06271087e-05
1.88787466e-05
1.70156254e-05
1.50555752e-05
1.30140976e-05
1.09046209e-05
8.73905823e-06
6.52850123e-06
4.28394660e-06
2.01702734e-06
-2.59274888e-07
-2.53001741e-06
-4.77786976e-06
-6.98288864e-06
-9.12255289e-06
-1.11720985e-05
-1.31050973e-05
-1.48942173e-05
-1.65120701e-05
-1.79320993e-05
-1.91294694e-05
-2.00818879e-05
-2.07702645e-05
-2.11791136e-05
-2.12967178e-05
-2.11151902e-05
-2.06305847e-05
-1.98431235e-05
-1.87575514e-05
-1.73835345e-05
-1.57359968e-05
-1.38353998e-05
-1.17079176e-05
-9.38542755e-06
-6.90522974e-06
-4.30947444e-06
-1.64439282e-06
1.04063431e-06
3.69415930e-06
6.26377369e-06
8.69715424e-06
1.09430963e-05
1.29504217e-05
1.46563468e-05
1.59856097e-05
1.68546109e-05
1.71512408e-05
1.67281707e-05
1.53863203e-05
1.28517389e-05
8.86695868e-06
3.30473334e-06
-3.78387381e-06
-1.21754627e-05
-2.15180665e-05
-3.13357881e-05
-4.10744167e-05
-5.01140089e-05
-5.77020981e-05
-6.29468820e-05
-6.48550501e-05
-6.24542651e-05
-5.49331582e-05
-4.17383321e-05
-2.26687044e-05
2.06705738e-06
3.18540166e-05
6.56518410e-05
1.02031332e-04
1.39242221e-04
1.75315568e-04
2.08160815e-04
2.35700855e-04
2.56037571e-04
2.67550632e-04
2.68946134e-04
2.59366740e-04
2.38474061e-04
2.06471833e-04
1.64138440e-04
1.12786245e-04
5.41791933e-05
-9.58899794e-06
-7.62059439e-05
-1.43218269e-04
-2.08139412e-04
-2.68522167e-04
-3.22103969e-04
-3.66883297e-04
-4.00979718e-04
-4.22344211e-04
-4.28857966e-04
-4.19009757e-04
-3.92322971e-04
-3.49262131e-04
-2.91499899e-04
-2.21976025e-04
-1.44196827e-04
-6.17973943e-05
2.13654053e-05
1.01033019e-04
1.72554535e-04
2.30998663e-04
2.71613690e-04
2.90344002e-04
2.84110898e-04
2.51313425e-04
1.92143750e-04
1.08619314e-04
4.57575459e-06
-1.14364584e-04
-2.41114289e-04
-3.67482507e-04
-4.84702028e-04
-5.83988131e-04
-6.57113032e-04
-6.97006088e-04
-6.98245496e-04
-6.57525522e-04
-5.73937744e-04
-4.48962761e-04
-2.86257629e-04
-9.14418091e-05
1.28117274e-04
3.63627623e-04
6.05255886e-04
8.42604051e-04
1.06528898e-03
1.26342786e-03
1.42808173e-03
1.55168691e-03
1.62845091e-03
1.65463861e-03
1.62862741e-03
1.55089834e-03
1.42409742e-03
1.25284223e-03
1.04330348e-03
8.02896414e-04
5.40053102e-04
2.63816000e-04
-1.65621464e-05
-2.91933272e-04
-5.53611497e-04
-7.93795567e-04
-1.00591166e-03
-1.18477717e-03
-1.32672277e-03
-1.42970190e-03
-1.49333923e-03
-1.51875240e-03
-1.50824821e-03
-1.46515908e-03
-1.39368788e-03
-1.29865895e-03
-1.18527930e-03
-1.05883494e-03
-9.24430575e-04
-7.86782000e-04
-6.50031240e-04
-5.17610964e-04
-3.92249219e-04
-2.75949912e-04
-1.69912553e-04
-7.45206805e-05
1.05011729e-05
8.59128027e-05
1.52783709e-04
2.12351522e-04
2.65879621e-04
3.14468915e-04
3.59088557e-04
4.00631351e-04
4.39812235e-04
4.77018894e-04
5.12277370e-04
5.45359894e-04
5.75786760e-04
6.02847257e-04
6.25681418e-04
6.43393497e-04
6.55150611e-04
6.60168345e-04
6.57758957e-04
6.47495802e-04
6.29283376e-04
6.03325164e-04
5.70048649e-04
5.30084419e-04
4.84210808e-04
4.33281241e-04
3.78277845e-04
3.20368804e-04
2.60858493e-04
2.01045199e-04
1.42180394e-04
8.54401024e-05
3.18429267e-05
-1.77818919e-05
-6.27994345e-05
-1.02803764e-04
-1.37695101e-04
-1.67716454e-04
-1.93385905e-04
-2.15357521e-04
-2.34325800e-04
-2.50993414e-04
-2.66046552e-04
-2.80051185e-04
-2.93442260e-04
-3.06549787e-04
-3.19539392e-04
-3.32360928e-04
-3.44787673e-04
-3.56470537e-04
-3.66990352e-04
-3.75853874e-04
-3.82475496e-04
-3.86179931e-04
-3.86268762e-04
-3.82143037e-04
-3.73347020e-04
-3.59591224e-04
-3.40731684e-04
-3.16785984e-04
-2.87942108e-04
-2.54518309e-04
-2.16923409e-04
-1.75659239e-04
-1.31283778e-04
-8.44083991e-05
-3.57585563e-05
1.38142752e-05
6.34422609e-05
1.12316673e-04
1.59621845e-04
2.04444310e-04
2.45775994e-04
2.82596807e-04
3.14018669e-04
3.39364425e-04
3.58167540e-04
3.70164147e-04
3.75272405e-04
3.73591833e-04
3.65394783e-04
3.51104107e-04
3.31267767e-04
3.06547826e-04
2.77708209e-04
2.45606526e-04
2.11194237e-04
1.75487479e-04
1.39524407e-04
1.04252819e-04
7.04839725e-05
3.89255377e-05
1.01780407e-05
-1.53146160e-05
-3.73182120e-05
-5.58144309e-05
-7.09681175e-05
-8.30577717e-05
-9.24138384e-05
-9.93836223e-05
-1.04305603e-04
-1.07525534e-04
-1.09429275e-04
-1.10408526e-04
-1.10852715e-04
-1.11160393e-04
-1.11686804e-04
-1.12676479e-04
-1.14270375e-04
-1.16506728e-04
-1.19309556e-04
-1.22504431e-04
-1.25837360e-04
-1.28985121e-04
-1.31573122e-04
-1.33164726e-04
-1.33287578e-04
-1.31506619e-04
-1.27527251e-04
-1.21214499e-04
-1.12555048e-04
-1.01647678e-04
-8.86871802e-05
-7.39209930e-05
-5.76042713e-05
-3.99821458e-05
-2.13417619e-05
-2.06388999e-06
1.73969283e-05
3.65453954e-05
5.48598077e-05
7.18058897e-05
8.69142772e-05
9.98280417e-05
1.10280874e-04
1.18062021e-04
1.23002292e-04
1.24971729e-04
1.23897704e-04
1.19772897e-04
1.12665809e-04
1.02739410e-04
9.02605049e-05
7.55960778e-05
5.92311710e-05
4.17975280e-05
2.40719490e-05
6.91306757e-06
-8.83374252e-06
-2.24334101e-05
-3.33283761e-05
-4.11628382e-05
-4.57624254e-05
-4.71007744e-05
-4.52668327e-05
-4.04731415e-05
-3.30940550e-05
-2.36725820e-05
-1.29078055e-05
-1.57946871e-06
9.54610598e-06
1.97819156e-05
2.85639972e-05
3.54833373e-05
4.03075438e-05
4.29555233e-05
4.34609049e-05
4.19749225e-05
3.87643657e-05
3.42003227e-05
2.86974835e-05
2.26621348e-05
1.64833282e-05
1.04949062e-05
4.95175184e-06
2.59439979e-08
-4.21676562e-06
-7.81692563e-06
-1.08886430e-05
-1.35685954e-05
-1.60224569e-05
-1.84470734e-05
-2.10623865e-05
-2.41081179e-05
-2.77846440e-05
-3.21911155e-05
-3.73262257e-05
-4.30983826e-05
-4.93044051e-05
-5.56292790e-05
-6.16988711e-05
-6.71472359e-05
-7.16521544e-05
-7.49201897e-05
-7.66712248e-05
-7.66720918e-05
-7.47905307e-05
-7.09929206e-05
-6.53051661e-05
-5.78052920e-05
-4.86304231e-05
-3.79860822e-05
-2.61525826e-05
-1.34776838e-05
-3.35170902e-07
1.29081461e-05
2.59010416e-05
3.83224341e-05
4.98818033e-05
6.03001266e-05
6.93063292e-05
7.66637949e-05
8.21877842e-05
8.57604777e-05
8.73428743e-05
8.69782883e-05
8.47855730e-05
8.09444771e-05
7.56431726e-05
6.90352794e-05
6.12650598e-05
5.25230134e-05
4.30585425e-05
3.31303013e-05
2.29681063e-05
1.27831844e-05
2.78328334e-06
-6.83295662e-06
-1.58918675e-05
-2.42521295e-05
-3.18029234e-05
-3.84508376e-05
-4.41052119e-05
-4.86803965e-05
-5.20910456e-05
-5.42433492e-05
-5.50286299e-05
-5.43378511e-05
-5.21093162e-05
-4.83538279e-05
-4.31620993e-05
-3.66940654e-05
-2.91601595e-05
-2.08033419e-05
-1.19002220e-05
-2.75874211e-06
6.29302482e-06
1.49099403e-05
2.27172739e-05
2.93054322e-05
3.42618929e-05
3.72440693e-05
3.80297154e-05
3.65123400e-05
3.26848159e-05
2.66413112e-05
1.85964796e-05
8.90861074e-06
-1.92259523e-06
-1.32806735e-05
-2.44704871e-05
-3.47695609e-05
-4.34701319e-05
-4.99217750e-05
-5.35824222e-05
-5.40566156e-05
-5.11150370e-05
-4.47052095e-05
-3.49741055e-05
-2.22815191e-05
-7.18867085e-06
9.57881394e-06
2.71731194e-05
4.46714403e-05
6.11214905e-05
7.55978844e-05
8.72644090e-05
9.54323902e-05
9.95951083e-05
9.94455821e-05
9.48846104e-05
8.60128174e-05
7.31186865e-05
5.66609118e-05
3.72628908e-05
1.57117285e-05
-7.06425970e-06
-3.00457805e-05
-5.21867880e-05
-7.24844971e-05
-9.00354702e-05
-1.04073799e-04
-1.14011529e-04
-1.19467145e-04
-1.20288644e-04
-1.16548661e-04
-1.08514606e-04
-9.66040953e-05
-8.13473387e-05
-6.33764734e-05
-4.34204882e-05
-2.22843805e-05
-8.20496471e-07
2.01131819e-05
3.97123009e-05
5.72751150e-05
7.22333623e-05
8.41649718e-05
9.28007236e-05
9.80223186e-05
9.98515792e-05
9.84354703e-05
9.40277818e-05
8.69766009e-05
7.77026977e-05
6.66679899e-05
5.43408264e-05
4.11786223e-05
2.76178099e-05
1.40520745e-05
8.11112522e-07
-1.18432718e-05
-2.36927980e-05
-3.45344235e-05
2.02634962e-05
2.30744141e-05
2.56343976e-05
2.79358290e-05
2.99729253e-05
3.17412847e-05
3.32374446e-05
3.44584798e-05
3.54016778e-05
3.60643177e-05
3.64435994e-05
3.65367507e-05
3.63412825e-05
3.58553553e-05
3.50781997e-05
3.40105171e-05
3.26548660e-05
3.10160998e-05
2.91018674e-05
2.69231318e-05
2.44946469e-05
2.18353184e-05
1.89684079e-05
1.59215466e-05
1.27265427e-05
9.41898332e-06
6.03763888e-06
2.62372073e-06
-7.79946003e-07
-4.12981147e-06
-7.38254986e-06
-1.04960661e-05
-1.34305513e-05
-1.61495385e-05
-1.86208566e-05
-2.08173898e-05
-2.27176130e-05
-2.43059255e-05
-2.55727776e-05
-2.65145564e-05
-2.71332460e-05
-2.74359003e-05
-2.74339822e-05
-2.71426393e-05
-2.65799606e-05
-2.57662306e-05
-2.47231901e-05
-2.34733302e-05
-2.20392755e-05
-2.04433108e-05
-1.87070744e-05
-1.68514046e-05
-1.48963071e-05
-1.28610221e-05
-1.07641558e-05
-8.62384590e-06
-6.45796051e-06
-4.28432943e-06
-2.12096507e-06
1.37886608e-08
2.10123095e-06
4.12239298e-06
6.05823914e-06
7.88996519e-06
9.59934191e-06
1.11690864e-05
1.25832412e-05
1.38275369e-05
1.48897213e-05
1.57598412e-05
1.64304937e-05
1.68970880e-05
1.71588534e-05
1.72206921e-05
1.70898199e-05
1.67767751e-05
1.63142369e-05
1.57558505e-05
1.51540353e-05
1.45606004e-05
1.40195787e-05
1.35693711e-05
1.32493075e-05
1.30950540e-05
1.31156242e-05
1.32651910e-05
1.34194755e-05
1.33770643e-05
1.29158362e-05
1.18276537e-05
9.93282413e-06
7.11433553e-06
3.33882094e-06
-1.33590358e-06
-6.77672868e-06
-1.27866608e-05
-1.90972241e-05
-2.53785563e-05
-3.12660255e-05
-3.63978931e-05
-4.04516152e-05
-4.31442415e-05
-4.42744750e-05
-4.37726761e-05
-4.16656147e-05
-3.80312452e-05
-3.30282511e-05
-2.68940258e-05
-1.99117486e-05
-1.23946258e-05
-4.69667131e-06
2.81321354e-06
9.81066446e-06
1.59921832e-05
2.10397261e-05
2.46825125e-05
2.67664714e-05
2.72749098e-05
2.63134345e-05
2.41245089e-05
2.11242785e-05
1.76418373e-05
1.39069297e-05
1.03547913e-05
7.40406006e-06
5.39049195e-06
4.16437810e-06
2.86594946e-06
7.34855228e-07
-2.56902692e-06
-6.91268454e-06
-1.16971461e-05
-1.59402332e-05
-1.84392083e-05
-1.80546506e-05
-1.30352633e-05
-2.03646258e-06
1.50262220e-05
3.77428548e-05
6.51607804e-05
9.58389361e-05
1.28330156e-04
1.60571304e-04
1.90397326e-04
2.15598070e-04
2.34007451e-04
2.43411349e-04
2.41937016e-04
2.28269564e-04
2.01481908e-04
1.61343626e-04
1.08243795e-04
4.32891809e-05
-3.15279828e-05
-1.13671983e-04
-2.00164619e-04
-2.87529623e-04
-3.71982005e-04
-4.49897037e-04
-5.18017523e-04
-5.73307545e-04
-6.13011676e-04
-6.34926228e-04
-6.37538464e-04
-6.20237075e-04
-5.83146970e-04
-5.26930713e-04
-4.53010332e-04
-3.63493962e-04
-2.61121551e-04
-1.49105464e-04
-3.08328524e-05
9.01633126e-05
2.10070312e-04
3.25007918e-04
4.31527343e-04
5.26789438e-04
6.08502629e-04
6.74893385e-04
7.24736390e-04
7.57430635e-04
7.72894938e-04
7.71495583e-04
7.54090447e-04
7.21987241e-04
6.76853275e-04
6.20585822e-04
5.55187971e-04
4.82630917e-04
4.04730766e-04
3.23171811e-04
2.39553224e-04
1.55381355e-04
7.20399058e-05
-9.24331162e-06
-8.74166560e-05
-1.61646517e-04
-2.31285531e-04
-2.95802770e-04
-3.54791406e-04
-4.07962329e-04
-4.55048830e-04
-4.95816334e-04
-5.30048921e-04
-5.57519682e-04
-5.78095808e-04
-5.91689877e-04
-5.98243832e-04
-5.97794507e-04
-5.90452797e-04
-5.76362016e-04
-5.55670520e-04
-5.28525143e-04
-4.95073337e-04
-4.55603891e-04
-4.10568559e-04
-3.60557772e-04
-3.06389401e-04
-2.49039591e-04
-1.89489632e-04
-1.28757463e-04
-6.78522783e-05
-7.73659225e-06
5.06285479e-05
1.06302832e-04
1.58406127e-04
2.06173963e-04
2.49006493e-04
2.86456009e-04
3.18206295e-04
3.44059136e-04
3.63938823e-04
3.77915350e-04
3.86151631e-04
3.88889174e-04
3.86514562e-04
3.79573396e-04
3.68737842e-04
3.54731513e-04
3.38248988e-04
3.19968388e-04
3.00566202e-04
2.80649759e-04
2.60740650e-04
2.41315748e-04
2.22798391e-04
2.05514619e-04
1.89613506e-04
1.75067603e-04
1.61724088e-04
1.49351417e-04
1.37672365e-04
1.26370218e-04
1.15103117e-04
1.03474659e-04
9.09948570e-05
7.71444399e-05
6.14388789e-05
4.34410496e-05
2.28563179e-05
-4.10411649e-07
-2.62996455e-05
-5.46794971e-05
-8.52716977e-05
-1.17593634e-04
-1.51005717e-04
-1.84723913e-04
-2.17833291e-04
-2.49367133e-04
-2.78346853e-04
-3.03794305e-04
-3.24768660e-04
-3.40433688e-04
-3.50112621e-04
-3.53295240e-04
-3.49685743e-04
-3.39278561e-04
-3.22354415e-04
-2.99444174e-04
-2.71306031e-04
-2.38879249e-04
-2.03190767e-04
-1.65297327e-04
-1.26312310e-04
-8.73682441e-05
-4.95324635e-05
-1.37684926e-05
1.91172969e-05
4.85027038e-05
7.39768422e-05
9.53849993e-05
1.12771579e-04
1.26311535e-04
1.36289998e-04
1.43076825e-04
1.47142174e-04
1.49029858e-04
1.49264762e-04
1.48323870e-04
1.46665617e-04
1.44717341e-04
1.42805633e-04
1.41116913e-04
1.39723388e-04
1.38616808e-04
1.37711273e-04
1.36865770e-04
1.35913400e-04
1.34687407e-04
1.33008790e-04
1.30637913e-04
1.27284279e-04
1.22660376e-04
1.16524187e-04
1.08670366e-04
9.89177664e-05
8.71301924e-05
7.32464690e-05
5.72651688e-05
3.92406472e-05
1.93287993e-05
-2.20224472e-06
-2.49773294e-05
-4.85017142e-05
-7.21716694e-05
-9.52994642e-05
-1.17147301e-04
-1.36978288e-04
-1.54095574e-04
-1.67856345e-04
-1.77717677e-04
-1.83288324e-04
-1.84348424e-04
-1.80847377e-04
-1.72901989e-04
-1.60819486e-04
-1.45124978e-04
-1.26564054e-04
-1.06031093e-04
-8.44845012e-05
-6.28831397e-05
-4.21184447e-05
-2.29895296e-05
-6.22058264e-06
7.55752115e-06
1.79085712e-05
2.46610074e-05
2.78758137e-05
2.78256204e-05
2.50218076e-05
2.01710610e-05
1.40727974e-05
7.53416541e-06
1.32000909e-06
-3.88706179e-06
-7.51668136e-06
-9.14816106e-06
-8.53127519e-06
-5.58111407e-06
-3.59928631e-07
6.94661273e-06
1.60370466e-05
2.64865909e-05
3.77541720e-05
4.92241543e-05
6.02515375e-05
7.01975624e-05
7.84610005e-05
8.45151699e-05
8.79556626e-05
8.85362131e-05
8.61753451e-05
8.09171130e-05
7.29309073e-05
6.25265293e-05
5.01662534e-05
3.64511219e-05
2.20689217e-05
7.74240274e-06
-5.80202612e-06
-1.78564153e-05
-2.77585295e-05
-3.49504232e-05
-3.90322055e-05
-3.97948277e-05
-3.72565472e-05
-3.16645645e-05
-2.34648777e-05
-1.32683518e-05
-1.79595548e-06
1.01923852e-05
2.19467025e-05
3.27564858e-05
4.19758579e-05
4.90507698e-05
5.35530240e-05
5.52134860e-05
5.39517781e-05
4.98765795e-05
4.32535570e-05
3.44801807e-05
2.40643899e-05
1.25797842e-05
6.10489144e-07
-1.12818485e-05
-2.25877659e-05
-3.28723668e-05
-4.18042104e-05
-4.91481610e-05
-5.47524724e-05
-5.85665737e-05
-6.06276148e-05
-6.10466482e-05
-5.99901129e-05
-5.76525741e-05
-5.42486373e-05
-4.99983013e-05
-4.51186067e-05
-3.98218126e-05
-3.43050830e-05
-2.87431750e-05
-2.32952920e-05
-1.81171148e-05
-1.33549465e-05
-9.12334028e-06
-5.49138229e-06
-2.48547443e-06
-9.89854730e-08
1.71036555e-06
3.02683645e-06
3.97626190e-06
4.72043403e-06
5.44364464e-06
6.34166961e-06
7.60270867e-06
9.38198946e-06
1.17813642e-05
1.48311799e-05
1.85002992e-05
2.27312560e-05
2.74600862e-05
3.26194984e-05
3.81213566e-05
4.38232773e-05
4.95214379e-05
5.49557329e-05
5.98311194e-05
6.38434452e-05
6.67004089e-05
6.81441851e-05
6.79769196e-05
6.60833810e-05
6.24503754e-05
5.71778186e-05
5.04578554e-05
4.25305400e-05
3.36552441e-05
2.40992659e-05
1.41290754e-05
4.00199345e-06
-6.04226946e-06
-1.57869733e-05
-2.50345901e-05
-3.36113797e-05
-4.13769570e-05
-4.82236111e-05
-5.40663832e-05
-5.88409261e-05
-6.25082578e-05
-6.50543151e-05
-6.64933526e-05
-6.68647131e-05
-6.62210127e-05
-6.46280510e-05
-6.21718377e-05
-5.89643700e-05
-5.51565592e-05
-5.09451441e-05
-4.65589254e-05
-4.22204853e-05
-3.80971009e-05
-3.42814765e-05
-3.07922603e-05
-2.75760645e-05
-2.45219260e-05
-2.14710941e-05
-1.82370688e-05
-1.46351285e-05
-1.04937048e-05
-5.66166735e-06
-2.79482952e-08
6.45314089e-06
1.37438465e-05
2.17264420e-05
3.02134372e-05
3.89546338e-05
4.76500796e-05
5.59721325e-05
6.35923460e-05
7.01966540e-05
7.54938727e-05
7.92226785e-05
8.11664827e-05
8.11764207e-05
7.91817651e-05
7.51981838e-05
6.93312975e-05
6.17696058e-05
5.27742453e-05
4.26564559e-05
3.17424554e-05
2.03490985e-05
-2.13030210e-06
-2.09231380e-06
-2.03308482e-06
-1.95522022e-06
-1.86056942e-06
-1.74995862e-06
-1.62302833e-06
-1.47817930e-06
-1.31262618e-06
-1.12254482e-06
-9.03321265e-07
-6.49910997e-07
-3.57265245e-07
-2.07857121e-08
3.63210784e-07
7.97050570e-07
1.28130907e-06
1.81448079e-06
2.39268916e-06
3.00940351e-06
3.65520455e-06
4.31766911e-06
4.98140716e-06
5.62826968e-06
6.23774929e-06
6.78761268e-06
7.25474940e-06
7.61616690e-06
7.85006258e-06
7.93692227e-06
7.86061096e-06
7.60937686e-06
7.17667599e-06
6.56177602e-06
5.77007690e-06
4.81311393e-06
3.70827680e-06
2.47825005e-06
1.15020722e-06
-2.45165404e-07
-1.67476642e-06
-3.10425985e-06
-4.49934009e-06
-5.82702592e-06
-7.05682993e-06
-8.16173962e-06
-9.11902201e-06
-9.91080773e-06
-1.05244033e-05
-1.09523279e-05
-1.11921287e-05
-1.12460548e-05
-1.11206088e-05
-1.08259731e-05
-1.03753307e-05
-9.78416423e-06
-9.06960063e-06
-8.24983498e-06
-7.34362944e-06
-6.36982039e-06
-5.34681420e-06
-4.29209870e-06
-3.22181562e-06
-2.15046197e-06
-1.09078161e-06
-5.38255444e-08
9.50868353e-07
1.91500783e-06
2.83124382e-06
3.69287823e-06
4.49360853e-06
5.22733617e-06
5.88802582e-06
6.46963577e-06
6.96616263e-06
7.37180008e-06
7.68088567e-06
7.88760516e-06
7.98633535e-06
7.96982520e-06
7.82765050e-06
7.54763624e-06
7.11888573e-06
6.52776319e-06
5.75492150e-06
4.78264489e-06
3.59430658e-06
2.17771755e-06
5.44922127e-07
-1.25308716e-06
-3.11371922e-06
-4.88942925e-06
-6.40503877e-06
-7.46027277e-06
-7.85454311e-06
-7.41656347e-06
-6.02408701e-06
-3.60613465e-06
-1.38476563e-07
4.32781666e-06
9.65274078e-06
1.55917874e-05
2.18409935e-05
2.80447141e-05
3.37620494e-05
3.85005167e-05
4.17581272e-05
4.30777472e-05
4.20215296e-05
3.81948008e-05
3.13914944e-05
2.16580894e-05
9.25833867e-06
-5.38557779e-06
-2.17100975e-05
-3.89894393e-05
-5.63691544e-05
-7.29229175e-05
-8.77224766e-05
-9.98974403e-05
-1.08665687e-04
-1.13371830e-04
-1.13519716e-04
-1.08809143e-04
-9.91582692e-05
-8.47247586e-05
-6.59105943e-05
-4.33416017e-05
-1.78049808e-05
9.79639979e-06
3.84089017e-05
6.68433250e-05
9.38690659e-05
1.18335681e-04
1.39304688e-04
1.56013031e-04
1.67729574e-04
1.73541938e-04
1.72489310e-04
1.63669100e-04
1.46141829e-04
1.19514666e-04
8.45232071e-05
4.32352800e-05
-1.08938696e-06
-4.48698643e-05
-8.49328001e-05
-1.18619459e-04
-1.43885268e-04
-1.59444323e-04
-1.64775829e-04
-1.59901925e-04
-1.45221707e-04
-1.21627560e-04
-9.06386243e-05
-5.43683961e-05
-1.52387523e-05
2.42478322e-05
6.15232552e-05
9.41129408e-05
1.19888957e-04
1.37316164e-04
1.45483695e-04
1.44112074e-04
1.33438909e-04
1.13998801e-04
8.66083003e-05
5.23383578e-05
1.25127773e-05
-3.12067427e-05
-7.67953920e-05
-1.21983541e-04
-1.64487937e-04
-2.02184451e-04
-2.33248159e-04
-2.56233460e-04
-2.70045150e-04
-2.73940186e-04
-2.67569070e-04
-2.50994087e-04
-2.24619249e-04
-1.89154416e-04
-1.45667340e-04
-9.55968512e-05
-4.06899079e-05
1.70932996e-05
7.56697299e-05
1.32868961e-04
1.86585201e-04
2.34990075e-04
2.76684503e-04
3.10694138e-04
3.36361967e-04
3.53284550e-04
3.61409676e-04
3.61055738e-04
3.52741285e-04
3.37005278e-04
3.14384754e-04
2.85486743e-04
2.50962224e-04
2.11579884e-04
1.68321752e-04
1.22244325e-04
7.43391738e-05
2.55538346e-05
-2.31571705e-05
-7.08176604e-05
-1.16467037e-04
-1.59180080e-04
-1.98098116e-04
-2.32482202e-04
-2.61742964e-04
-2.85404677e-04
-3.03151222e-04
-3.14855817e-04
-3.20548270e-04
-3.20350958e-04
-3.14469006e-04
-3.03239194e-04
-2.87122059e-04
-2.66580899e-04
-2.42059242e-04
-2.14016791e-04
-1.82932326e-04
-1.49334584e-04
-1.13845774e-04
-7.71643771e-05
-4.00402722e-05
-3.30536069e-06
3.21821803e-05
6.56197409e-05
9.63001740e-05
1.23643292e-04
1.47182581e-04
1.66572181e-04
1.81547586e-04
1.91940412e-04
1.97729889e-04
1.99059153e-04
1.96231202e-04
1.89658409e-04
1.79776591e-04
1.66984498e-04
1.51665396e-04
1.34259307e-04
1.15317362e-04
9.54906037e-05
7.54496504e-05
5.58334327e-05
3.72494410e-05
2.02605717e-05
5.33538171e-06
-7.20607641e-06
-1.71907406e-05
-2.45785620e-05
-2.94684103e-05
-3.20998400e-05
-3.28705241e-05
-3.22685844e-05
-3.07275321e-05
-2.85934080e-05
-2.61397761e-05
-2.35481473e-05
-2.09247962e-05
-1.83572538e-05
-1.59108707e-05
-1.36067563e-05
-1.14442397e-05
-9.42827872e-06
-7.59631250e-06
-6.04813345e-06
-4.93990026e-06
-4.44140373e-06
-4.72071083e-06
-5.94161220e-06
-8.22879858e-06
-1.16406909e-05
-1.61301966e-05
-2.15256599e-05
-2.75597499e-05
-3.38966164e-05
-4.01503156e-05
-4.59325913e-05
-5.08856516e-05
-5.46893391e-05
-5.70587851e-05
-5.77659321e-05
-5.66781580e-05
-5.37996092e-05
-4.92836057e-05
-4.33711707e-05
-3.63062565e-05
-2.82997686e-05
-1.95492486e-05
-1.02535194e-05
-6.28675444e-07
9.05950416e-06
1.85062659e-05
2.73977086e-05
3.54121437e-05
4.22294536e-05
4.75474535e-05
5.10917973e-05
5.26439738e-05
5.20913871e-05
4.94516915e-05
4.48507291e-05
3.84992722e-05
3.06902051e-05
2.18094314e-05
1.23185005e-05
2.71040768e-06
-6.52243635e-06
-1.49226326e-05
-2.20825667e-05
-2.76529252e-05
-3.13638858e-05
-3.30584225e-05
-3.26928908e-05
-3.03035516e-05
-2.60213886e-05
-2.01045826e-05
-1.29310350e-05
-4.97558383e-06
3.24452511e-06
1.12329281e-05
1.85516155e-05
2.48579413e-05
2.99277781e-05
3.36547806e-05
3.60302658e-05
3.71065886e-05
3.69806479e-05
3.58067076e-05
3.38025541e-05
3.12231143e-05
2.83125488e-05
2.52740527e-05
2.22499937e-05
1.93232936e-05
1.65355577e-05
1.39020346e-05
1.13976218e-05
8.93717797e-06
6.38586079e-06
3.57345776e-06
3.07150449e-07
-3.61592580e-06
-8.37682779e-06
-1.40822503e-05
-2.07233895e-05
-2.81704329e-05
-3.62050513e-05
-4.45556843e-05
-5.29150444e-05
-6.09455755e-05
-6.82834901e-05
-7.45369582e-05
-7.92799520e-05
-8.20769986e-05
-8.25394562e-05
-8.03929254e-05
-7.55073117e-05
-6.78962382e-05
-5.77258970e-05
-4.53052703e-05
-3.10548667e-05
-1.54652053e-05
9.43861033e-07
1.76449367e-05
3.41072224e-05
4.97959898e-05
6.41918462e-05
7.68207175e-05
8.72762978e-05
9.52370653e-05
1.00476931e-04
1.02863349e-04
1.02341401e-04
9.89360223e-05
9.27707414e-05
8.40775777e-05
7.31819040e-05
6.04636502e-05
4.63302577e-05
3.12150746e-05
1.55717646e-05
-1.32603905e-07
-1.54110268e-05
-2.97669822e-05
-4.27248968e-05
-5.38456421e-05
-6.27420401e-05
-6.91151233e-05
-7.27698160e-05
-7.35968637e-05
-7.15719094e-05
-6.67627827e-05
-5.93476100e-05
-4.96172816e-05
-3.79678291e-05
-2.48980059e-05
-1.09804503e-05
3.17785378e-06
1.69689388e-05
2.98012895e-05
4.11121238e-05
5.03889734e-05
5.71899291e-05
6.11621124e-05
6.20597174e-05
5.97857618e-05
5.44159620e-05
4.62063272e-05
3.55785589e-05
2.30874466e-05
9.37734998e-06
-4.88279786e-06
-1.90583947e-05
-3.25761477e-05
-4.49255260e-05
-5.56560879e-05
-6.43787319e-05
-7.07725768e-05
-7.46085460e-05
-7.57766836e-05
-7.43032368e-05
-7.03417164e-05
-6.41425423e-05
-5.60330592e-05
-4.64097175e-05
-3.57156274e-05
-2.44043586e-05
-1.29112114e-05
-1.64244465e-06
9.03846870e-06
1.88350647e-05
2.75238304e-05
3.49398571e-05
4.09651729e-05
4.55270044e-05
4.86049932e-05
5.02335315e-05
5.04956289e-05
4.95143568e-05
4.74449011e-05
4.44599694e-05
4.07384238e-05
3.64604193e-05
3.18105402e-05
2.69882929e-05
2.21952397e-05
1.76062497e-05
1.33510105e-05
9.51728681e-06
6.16295049e-06
3.32865720e-06
1.04674641e-06
-6.52629338e-07
-1.74880792e-06
-2.24736846e-06
-2.19965933e-06
-1.70161520e-06
-8.76261030e-07
1.48312851e-07
1.26514655e-06
2.39441822e-06
3.47618022e-06
4.44968844e-06
5.22874077e-06
5.70382737e-06
5.75414230e-06
5.25545230e-06
4.07912136e-06
2.09946071e-06
-7.81864821e-07
-4.60754564e-06
-9.34417416e-06
-1.48824397e-05
-2.10524250e-05
-2.76283167e-05
-3.43280593e-05
-4.08249929e-05
-4.67786432e-05
-5.18638000e-05
-5.57907816e-05
-5.83145048e-05
-5.92384203e-05
-5.84148333e-05
-5.57551543e-05
-5.12438777e-05
-4.49496173e-05
-3.70338520e-05
-2.77489531e-05
-1.74161150e-05
-6.40213896e-06
4.90638964e-06
1.61206928e-05
2.68546139e-05
3.67290386e-05
4.53865905e-05
5.25150900e-05
5.78690849e-05
6.12818349e-05
6.26688663e-05
6.20307094e-05
5.94596226e-05
5.51312709e-05
4.92932695e-05
4.22580333e-05
3.43951547e-05
1.91446025e-06
1.69152614e-06
1.44798653e-06
1.18308489e-06
8.96553512e-07
5.88763299e-07
2.60838786e-07
-8.52684955e-08
-4.46762651e-07
-8.20052313e-07
-1.20088326e-06
-1.58456272e-06
-1.96622133e-06
-2.34105311e-06
-2.70447184e-06
-3.05220804e-06
-3.38038520e-06
-3.68555760e-06
-3.96470261e-06
-4.21515639e-06
-4.43452701e-06
-4.62062042e-06
-4.77139504e-06
-4.88493262e-06
-4.95943523e-06
-4.99322692e-06
-4.98475291e-06
-4.93257361e-06
-4.83534665e-06
-4.69181769e-06
-4.50082333e-06
-4.26133856e-06
-3.97260252e-06
-3.63429938e-06
-3.24678665e-06
-2.81135064e-06
-2.33041603e-06
-1.80764827e-06
-1.24798410e-06
-6.57593406e-07
-4.37478444e-08
5.85399195e-07
1.22104161e-06
1.85390148e-06
2.47436077e-06
3.07257443e-06
3.63859386e-06
4.16251905e-06
4.63469228e-06
5.04591378e-06
5.38767109e-06
5.65236512e-06
5.83355309e-06
5.92618080e-06
5.92675250e-06
5.83346866e-06
5.64634964e-06
5.36734464e-06
5.00038798e-06
4.55149390e-06
4.02881837e-06
3.44260417e-06
2.80408255e-06
2.12321321e-06
1.40803047e-06
6.64577834e-07
-1.05746374e-07
-9.00738654e-07
-1.70823719e-06
-2.49957640e-06
-3.22172914e-06
-3.78159266e-06
-4.03118929e-06
-3.78338874e-06
-2.84911370e-06
-1.07396473e-06
1.65291017e-06
5.38254296e-06
1.00615910e-05
1.55093130e-05
2.14219321e-05
2.73748400e-05
3.28223592e-05
3.71403937e-05
3.96931848e-05
3.98866103e-05
3.72057672e-05
3.12519548e-05
2.17865990e-05
8.76342125e-06
-7.67764080e-06
-2.71984702e-05
-4.91981557e-05
-7.27513452e-05
-9.66335644e-05
-1.19407739e-04
-1.39503568e-04
-1.55335768e-04
-1.65491282e-04
-1.68886374e-04
-1.64865172e-04
-1.53205909e-04
-1.34023837e-04
-1.07743121e-04
-7.52793101e-05
-3.85623350e-05
-6.22898994e-07
3.48351590e-05
6.36788272e-05
8.20955888e-05
8.79618827e-05
8.18316440e-05
6.68678803e-05
4.83250939e-05
3.22370453e-05
2.42109478e-05
2.88719757e-05
4.95298994e-05
8.78449607e-05
1.43742260e-04
2.15412070e-04
2.99344220e-04
3.90788034e-04
4.84106628e-04
5.72936544e-04
6.50681211e-04
7.10975219e-04
7.48036924e-04
7.57063939e-04
7.34471574e-04
6.78074640e-04
5.87151114e-04
4.62507728e-04
3.06422141e-04
1.22713439e-04
-8.31566569e-05
-3.04331788e-04
-5.32931441e-04
-7.60500363e-04
-9.78400690e-04
-1.17813869e-03
-1.35158695e-03
-1.49127344e-03
-1.59087713e-03
-1.64560458e-03
-1.65241181e-03
-1.61018322e-03
-1.51972747e-03
-1.38373556e-03
-1.20662722e-03
-9.94262911e-04
-7.53634269e-04
-4.92471387e-04
-2.18922026e-04
5.86392104e-05
3.31918947e-04
5.93124191e-04
8.35279518e-04
1.05238985e-03
1.23953857e-03
1.39292033e-03
1.50996537e-03
1.58939746e-03
1.63116939e-03
1.63628931e-03
1.60659273e-03
1.54464412e-03
1.45372982e-03
1.33775573e-03
1.20105686e-03
1.04821030e-03
8.83860808e-04
7.12636149e-04
5.39017348e-04
3.67119502e-04
2.00558085e-04
4.23431901e-05
-1.05205278e-04
-2.40507800e-04
-3.62655099e-04
-4.71156921e-04
-5.65769353e-04
-6.46449857e-04
-7.13321105e-04
-7.66656999e-04
-8.06861900e-04
-8.34469767e-04
-8.50160735e-04
-8.54739280e-04
-8.49091995e-04
-8.34135175e-04
-8.10760385e-04
-7.79791533e-04
-7.41948206e-04
-6.97903865e-04
-6.48398359e-04
-5.94305245e-04
-5.36646640e-04
-4.76504791e-04
-4.14943884e-04
-3.52949385e-04
-2.91375991e-04
-2.30925891e-04
-1.72150048e-04
-1.15499644e-04
-6.13991529e-05
-1.02070612e-05
3.79076763e-05
8.29063472e-05
1.24779442e-04
1.63583802e-04
1.99428982e-04
2.32410630e-04
2.62598759e-04
2.90088958e-04
3.15044342e-04
3.37679448e-04
3.58229621e-04
3.76840000e-04
3.93452311e-04
4.07791817e-04
4.19425576e-04
4.27803844e-04
4.32316562e-04
4.32379419e-04
4.27467058e-04
4.17171785e-04
4.01274939e-04
3.79795424e-04
3.53007374e-04
3.21399843e-04
2.85623266e-04
2.46436618e-04
2.04667067e-04
1.61201775e-04
1.17009008e-04
7.30921220e-05
3.04180846e-05
-1.00966899e-05
-4.75832267e-05
-8.12558158e-05
-1.10484470e-04
-1.34846837e-04
-1.54189446e-04
-1.68646543e-04
-1.78562731e-04
-1.84415950e-04
-1.86793373e-04
-1.86373133e-04
-1.83858700e-04
-1.79889007e-04
-1.75023977e-04
-1.69755653e-04
-1.64458994e-04
-1.59389106e-04
-1.54731193e-04
-1.50630010e-04
-1.47185956e-04
-1.44418743e-04
-1.42254135e-04
-1.40548211e-04
-1.39097384e-04
-1.37631883e-04
-1.35819944e-04
-1.33305667e-04
-1.29745031e-04
-1.24831226e-04
-1.18341095e-04
-1.10143667e-04
-1.00193383e-04
-8.85162081e-05
-7.51830292e-05
-6.02920387e-05
-4.39603213e-05
-2.63394579e-05
-7.65445880e-06
1.17946435e-05
3.16337002e-05
5.14204599e-05
7.06644908e-05
8.88525422e-05
1.05502111e-04
1.20191642e-04
1.32568656e-04
1.42354868e-04
1.49347437e-04
1.53436650e-04
1.54604666e-04
1.52906436e-04
1.48478389e-04
1.41561600e-04
1.32492369e-04
1.21655438e-04
1.09446159e-04
9.62731250e-05
8.25479076e-05
6.86627545e-05
5.49720020e-05
4.17759590e-05
2.93199488e-05
1.78113233e-05
7.45439220e-06
-1.54611861e-06
-9.02294532e-06
-1.48807963e-05
-1.91319964e-05
-2.19040167e-05
-2.34058619e-05
-2.39025924e-05
-2.37100583e-05
-2.31706377e-05
-2.26226640e-05
-2.23807614e-05
-2.27120134e-05
-2.38223759e-05
-2.58533890e-05
-2.88724434e-05
-3.28621496e-05
-3.77064668e-05
-4.32024331e-05
-4.90938624e-05
-5.50814245e-05
-6.08029198e-05
-6.58487677e-05
-6.98297386e-05
-7.24349863e-05
-7.34667968e-05
-7.28435886e-05
-7.05839071e-05
-6.67749520e-05
-6.15463614e-05
-5.50730612e-05
-4.75714829e-05
-3.92897766e-05
-3.04933694e-05
-2.14441459e-05
-1.23762346e-05
-3.49423132e-06
5.01229762e-06
1.29588275e-05
2.01633507e-05
2.64506478e-05
3.16651596e-05
3.56801465e-05
3.84042595e-05
3.97974383e-05
3.98819942e-05
3.87304718e-05
3.64477943e-05
3.31765076e-05
2.90960444e-05
2.44284658e-05
1.94393937e-05
1.44324618e-05
9.73408122e-06
5.68052749e-06
2.60770396e-06
8.29482065e-07
6.11184717e-07
2.14621975e-06
5.52135988e-06
1.06862333e-05
1.74452777e-05
2.54823489e-05
3.43985073e-05
4.37277788e-05
5.29513630e-05
6.15243487e-05
6.88840814e-05
7.44678918e-05
7.77617776e-05
7.83510637e-05
7.59441366e-05
7.03850330e-05
6.16720774e-05
4.99601508e-05
3.55561762e-05
1.88859546e-05
4.55369664e-07
-1.91557421e-05
-3.92963777e-05
-5.92633562e-05
-7.83172700e-05
-9.57133861e-05
-1.10753799e-04
-1.22835789e-04
-1.31475163e-04
-1.36315713e-04
-1.37136045e-04
-1.33844431e-04
-1.26479753e-04
-1.15207921e-04
-1.00317858e-04
-8.22007962e-05
-6.13225195e-05
-3.82176024e-05
-1.34945241e-05
1.21512350e-05
3.79175784e-05
6.28975063e-05
8.61234527e-05
1.06632737e-04
1.23523148e-04
1.35994294e-04
1.43391975e-04
1.45252437e-04
1.41349261e-04
1.31729234e-04
1.16717117e-04
9.69097184e-05
7.31496106e-05
4.64713248e-05
1.80400101e-05
-1.08981230e-05
-3.90494304e-05
-6.51191861e-05
-8.78795338e-05
-1.06258673e-04
-1.19422201e-04
-1.26818150e-04
-1.28198177e-04
-1.23613944e-04
-1.13405740e-04
-9.81880615e-05
-7.87951893e-05
-5.62148470e-05
-3.15503427e-05
-5.98367479e-06
1.92851621e-05
4.30981280e-05
6.43922228e-05
8.22432061e-05
9.58933078e-05
1.04786044e-04
1.08609829e-04
1.07304794e-04
1.01041307e-04
9.02105181e-05
7.54107854e-05
5.74204848e-05
3.71585769e-05
1.56451919e-05
-6.04374718e-06
-2.68399104e-05
-4.57470033e-05
-6.19014470e-05
-7.46199765e-05
-8.34294168e-05
-8.80739264e-05
-8.85079229e-05
-8.48883728e-05
-7.75628248e-05
-6.70484338e-05
-5.40042347e-05
-3.91940921e-05
-2.34472155e-05
-7.61655619e-06
7.46814288e-06
2.10481581e-05
3.24897179e-05
4.13260563e-05
4.72815556e-05
5.02930426e-05
5.05069163e-05
4.82492932e-05
4.39772060e-05
3.82376734e-05
3.16355688e-05
2.47975930e-05
1.83295134e-05
1.27675050e-05
8.52656084e-06
5.86698598e-06
4.88487526e-06
5.52065241e-06
7.57795074e-06
1.07558247e-05
1.46781289e-05
1.89129104e-05
2.29898339e-05
2.64249820e-05
2.87659696e-05
2.96397834e-05
2.87786131e-05
2.60164634e-05
2.12759859e-05
1.45534422e-05
5.92219019e-06
-4.44962518e-06
-1.62923238e-05
-2.92312774e-05
-4.27853477e-05
-5.63779691e-05
-6.93653953e-05
-8.10753760e-05
-9.08508026e-05
-9.81043078e-05
-1.02362554e-04
-1.03290922e-04
-1.00708721e-04
-9.45958367e-05
-8.50889736e-05
-7.24736366e-05
-5.71755787e-05
-3.97383787e-05
-2.07828663e-05
-9.65859628e-07
1.90449968e-05
3.85824057e-05
5.69926470e-05
7.36672200e-05
8.80741047e-05
-7.31035377e-06
-4.77988209e-06
-2.28257818e-06
1.60135237e-07
2.52902156e-06
4.80700973e-06
6.97903707e-06
9.03179520e-06
1.09534674e-05
1.27334915e-05
1.43623683e-05
1.58315283e-05
1.71332372e-05
1.82605436e-05
1.92072885e-05
1.99681677e-05
2.05388496e-05
2.09161623e-05
2.10983243e-05
2.10851750e-05
2.08783750e-05
2.04815440e-05
1.99003270e-05
1.91423818e-05
1.82172814e-05
1.71363468e-05
1.59124406e-05
1.45597496e-05
1.30935817e-05
1.15301828e-05
9.88654058e-06
8.18020438e-06
6.42912809e-06
4.65152077e-06
2.86570819e-06
1.09000093e-06
-6.57440085e-07
-2.35877152e-06
-3.99667723e-06
-5.55461418e-06
-7.01708859e-06
-8.36992233e-06
-9.60050409e-06
-1.06980333e-05
-1.16537505e-05
-1.24611378e-05
-1.31160834e-05
-1.36169925e-05
-1.39647929e-05
-1.41628353e-05
-1.42167029e-05
-1.41339412e-05
-1.39237369e-05
-1.35965729e-05
-1.31638519e-05
-1.26374997e-05
-1.20295607e-05
-1.13518164e-05
-1.06154540e-05
-9.83080194e-06
-9.00712826e-06
-8.15246843e-06
-7.27349297e-06
-6.37545278e-06
-5.46220451e-06
-4.53634561e-06
-3.59946195e-06
-2.65243865e-06
-1.69579986e-06
-7.30080184e-07
2.43785553e-07
1.22408569e-06
2.20798021e-06
3.19118450e-06
4.16772175e-06
5.12977009e-06
6.06759888e-06
6.96962696e-06
7.82266127e-06
8.61220133e-06
9.31956660e-06
9.91549045e-06
1.03633599e-05
1.06052480e-05
1.05517874e-05
1.01054821e-05
9.16432684e-06
7.64604628e-06
5.50984094e-06
2.76373461e-06
-5.18923352e-07
-4.20065164e-06
-8.07677781e-06
-1.18755422e-05
-1.52741931e-05
-1.79407456e-05
-1.95698123e-05
-1.99124399e-05
-1.87606136e-05
-1.59438495e-05
-1.13578655e-05
-4.98806497e-06
3.06172667e-06
1.25620932e-05
2.31722640e-05
3.44680107e-05
4.59631892e-05
5.71271472e-05
6.74016398e-05
7.62356259e-05
8.31150734e-05
8.75738517e-05
8.91943798e-05
8.76072163e-05
8.25217962e-05
7.37632548e-05
6.13060455e-05
4.53073903e-05
2.61151700e-05
4.25705277e-06
-1.95658588e-05
-4.45111633e-05
-6.96207153e-05
-9.38768771e-05
-1.16290865e-04
-1.35969198e-04
-1.52140790e-04
-1.64183236e-04
-1.71661855e-04
-1.74352221e-04
-1.72231841e-04
-1.65464492e-04
-1.54410673e-04
-1.39599615e-04
-1.21678462e-04
-1.01376709e-04
-7.94516199e-05
-5.65243764e-05
-3.27998769e-05
-8.16772689e-06
1.76340476e-05
4.46044890e-05
7.22292009e-05
9.97533388e-05
1.26473709e-04
1.52160724e-04
1.76921265e-04
2.00191586e-04
2.20605081e-04
2.36356732e-04
2.45640668e-04
2.46686882e-04
2.37798444e-04
2.17568841e-04
1.85221067e-04
1.40841674e-04
8.56008898e-05
2.17547154e-05
-4.76408910e-05
-1.18994334e-04
-1.88354790e-04
-2.51636741e-04
-3.04868580e-04
-3.44457429e-04
-3.67592876e-04
-3.72428466e-04
-3.58205008e-04
-3.25323333e-04
-2.75199058e-04
-2.10207139e-04
-1.33599824e-04
-4.92766992e-05
3.85262655e-05
1.25599446e-04
2.08046960e-04
2.82271457e-04
3.45097741e-04
3.93944313e-04
4.26936524e-04
4.43047904e-04
4.42170600e-04
4.25079034e-04
3.93346811e-04
3.49168101e-04
2.95149846e-04
2.34044640e-04
1.68590409e-04
1.01447825e-04
3.50960976e-05
-2.82290255e-05
-8.65400794e-05
-1.38170942e-04
-1.81905385e-04
-2.16943322e-04
-2.42803340e-04
-2.59298288e-04
-2.66667089e-04
-2.65660956e-04
-2.57432277e-04
-2.43368339e-04
-2.24954696e-04
-2.03702666e-04
-1.81104288e-04
-1.58581242e-04
-1.37418103e-04
-1.18712466e-04
-1.03285915e-04
-9.15571874e-05
-8.35183131e-05
-7.88182435e-05
-7.68455983e-05
-7.67927775e-05
-7.77401611e-05
-7.87552816e-05
-7.89577760e-05
-7.75734249e-05
-7.40268159e-05
-6.79960088e-05
-5.94128938e-05
-4.84433605e-05
-3.53889505e-05
-2.06524043e-05
-4.77087572e-06
1.16446838e-05
2.79279275e-05
4.33943322e-05
5.74025668e-05
6.93947930e-05
7.89225272e-05
8.57311521e-05
8.98113328e-05
9.13716274e-05
9.07291352e-05
8.82484786e-05
8.43579551e-05
7.96097810e-05
7.46832726e-05
7.02334843e-05
6.67739888e-05
6.46826829e-05
6.42233879e-05
6.55521555e-05
6.86698490e-05
7.34166456e-05
7.95128204e-05
8.65453523e-05
9.39736682e-05
1.01258576e-04
1.07958173e-04
1.13661361e-04
1.17886795e-04
1.20105694e-04
1.19906393e-04
1.17107871e-04
1.11654829e-04
1.03465344e-04
9.24515858e-05
7.86293905e-05
6.21246517e-05
4.31136733e-05
2.18683623e-05
-1.17642557e-06
-2.54229517e-05
-5.01408416e-05
-7.44917065e-05
-9.75685384e-05
-1.18464598e-04
-1.36316837e-04
-1.50315222e-04
-1.59776981e-04
-1.64245304e-04
-1.63534718e-04
-1.57665956e-04
-1.46822716e-04
-1.31359539e-04
-1.11825973e-04
-8.89865348e-05
-6.37850931e-05
-3.72685013e-05
-1.05522125e-05
1.51956406e-05
3.87836148e-05
5.90656029e-05
7.50467465e-05
8.60019958e-05
9.15253332e-05
9.15112972e-05
8.61029207e-05
7.56791337e-05
6.08740331e-05
4.25924603e-05
2.19395344e-05
9.79824233e-08
-2.17497750e-05
-4.24734581e-05
-6.10280668e-05
-7.64908432e-05
-8.80961776e-05
-9.52509922e-05
-9.75960180e-05
-9.50822131e-05
-8.79614773e-05
-7.67265515e-05
-6.20460529e-05
-4.47165703e-05
-2.56045953e-05
-5.57939429e-06
1.45183914e-05
3.38718672e-05
5.17034372e-05
6.73224461e-05
8.01678530e-05
8.98283895e-05
9.60641491e-05
9.88256512e-05
9.82552347e-05
9.46371967e-05
8.83318166e-05
7.97593602e-05
6.93613865e-05
5.75898474e-05
4.49199939e-05
3.18547275e-05
1.88857967e-05
6.44169718e-06
-5.13393765e-06
-1.55688008e-05
-2.46258305e-05
-3.20852996e-05
-3.77649010e-05
-4.15485932e-05
-4.34175323e-05
-4.34531970e-05
-4.18414815e-05
-3.88592200e-05
-3.48302709e-05
-3.00854231e-05
-2.49357914e-05
-1.96778073e-05
-1.46370596e-05
-1.01719140e-05
-6.63596236e-06
-4.34417482e-06
-3.53825861e-06
-4.36655270e-06
-6.85907177e-06
-1.09032554e-05
-1.62375977e-05
-2.24443502e-05
-2.89721224e-05
-3.52004478e-05
-4.05170139e-05
-4.43780214e-05
-4.63604818e-05
-4.61987371e-05
-4.37653410e-05
-3.90146271e-05
-3.19859729e-05
-2.28623911e-05
-1.20028717e-05
6.72122738e-08
1.27083830e-05
2.52388489e-05
3.69867510e-05
4.73023139e-05
5.55910940e-05
6.13506170e-05
6.42108648e-05
6.39966625e-05
6.07426324e-05
5.46411916e-05
4.59802861e-05
3.51084479e-05
2.24423892e-05
8.47076174e-06
-6.26089837e-06
-2.11523077e-05
-3.55607936e-05
-4.88283346e-05
-6.03056641e-05
-6.93766231e-05
-7.55025690e-05
-7.83076441e-05
-7.76391045e-05
-7.35663071e-05
-6.63357012e-05
-5.63224423e-05
-4.40018669e-05
-2.99158737e-05
-1.46373453e-05
1.24261806e-06
1.71178320e-05
3.23641006e-05
4.63417917e-05
5.84358195e-05
6.81029871e-05
7.49277812e-05
7.86627017e-05
7.92246629e-05
7.66845068e-05
7.12726329e-05
6.33797938e-05
5.35541987e-05
4.24740731e-05
3.08871196e-05
1.95271288e-05
9.05390233e-06
3.45682761e-08
-7.06550844e-06
-1.19017241e-05
-1.42726810e-05
-1.41446789e-05
-1.16538633e-05
-7.08641690e-06
-8.52220512e-07
6.54826931e-06
1.45504199e-05
2.25622509e-05
3.00050999e-05
3.63405463e-05
4.10910097e-05
4.38742803e-05
4.44374598e-05
4.26590846e-05
3.85383039e-05
3.21764694e-05
2.37489158e-05
1.34878340e-05
1.66408122e-06
-1.14115691e-05
-2.53594833e-05
-3.97201175e-05
-5.39702910e-05
-6.75518466e-05
-7.98927364e-05
-9.04267932e-05
-9.86403081e-05
-1.04133639e-04
-1.06657028e-04
-1.06130662e-04
-1.02646351e-04
-9.64345381e-05
-8.78248496e-05
-7.72143781e-05
-6.50456434e-05
-5.17962799e-05
-3.79664520e-05
-2.40505709e-05
-1.04991800e-05
2.31232266e-06
1.40943930e-05
2.46333803e-05
3.37880919e-05
4.15007982e-05
4.78122077e-05
5.28564569e-05
5.68355986e-05
5.99866546e-05
6.25511550e-05
6.47273759e-05
6.66434984e-05
6.83625757e-05
6.98917042e-05
7.11849348e-05
7.21463429e-05
7.26429359e-05
7.25163413e-05
7.15960312e-05
6.97265418e-05
6.68036151e-05
6.27957804e-05
5.77420618e-05
5.17436489e-05
4.49403609e-05
3.74856425e-05
2.95297956e-05
2.12110686e-05
1.26559961e-05
3.98437323e-06
-4.69072638e-06
-1.32422769e-05
-2.15178407e-05
-2.93590127e-05
-3.66204795e-05
-4.31828806e-05
-4.89633054e-05
-5.39307905e-05
-5.81128210e-05
-6.15745120e-05
-6.43982164e-05
-6.66723550e-05
-6.84686638e-05
-6.98155805e-05
-7.06884464e-05
-7.10143596e-05
-7.07048697e-05
-6.96707056e-05
-6.78318557e-05
-6.51401071e-05
-6.15848040e-05
-5.71931458e-05
-5.20244232e-05
-4.61569796e-05
-3.96800108e-05
-3.26940764e-05
-2.53012862e-05
-1.75871824e-05
-9.62576664e-06
-1.50205385e-06
6.68308171e-06
1.48279314e-05
2.28399098e-05
