7.16537935e-06
4.12243473e-06
1.06596486e-06
-1.95417897e-06
-4.89070768e-06
-7.69985341e-06
-1.03422116e-05
-1.27834249e-05
-1.49946936e-05
-1.69530545e-05
-1.86414444e-05
-2.00486344e-05
-2.11690982e-05
-2.20028049e-05
-2.25548833e-05
-2.28351394e-05
-2.28575083e-05
-2.26395048e-05
-2.22016464e-05
-2.15668272e-05
-2.07596382e-05
-1.98056361e-05
-1.87306056e-05
-1.75598159e-05
-1.63172756e-05
-1.50250364e-05
-1.37025494e-05
-1.23661460e-05
-1.10287364e-05
-9.69972941e-06
-8.38508611e-06
-7.08745198e-06
-5.80638806e-06
-4.53870852e-06
-3.27888206e-06
-2.01955175e-06
-7.52236359e-07
5.31816042e-07
1.84074052e-06
3.18117374e-06
4.55738086e-06
5.97045390e-06
7.41770597e-06
8.89237096e-06
1.03836610e-05
1.18771465e-05
1.33553726e-05
1.47986240e-05
1.61857483e-05
1.74949414e-05
1.87044436e-05
1.97932037e-05
2.07415092e-05
2.15315283e-05
2.21477242e-05
2.25771334e-05
2.28095209e-05
2.28374282e-05
2.26561313e-05
2.22635486e-05
2.16604899e-05
2.08521005e-05
1.98440958e-05
1.86267385e-05
1.71567647e-05
1.53602642e-05
1.31536474e-05
1.04536581e-05
7.15401330e-06
3.12222054e-06
-1.81173198e-06
-7.83765910e-06
-1.50836730e-05
-2.35250718e-05
-3.29584666e-05
-4.29917431e-05
-5.30552730e-05
-6.24331612e-05
-7.03069022e-05
-7.58121013e-05
-7.81125051e-05
-7.64626991e-05
-7.02451736e-05
-5.90133230e-05
-4.25384519e-05
-2.08564962e-05
5.69400340e-06
3.64625052e-05
7.04976603e-05
1.06536992e-04
1.43039541e-04
1.78252748e-04
2.10251199e-04
2.37019082e-04
2.56560674e-04
2.67059320e-04
2.67047902e-04
2.55523647e-04
2.32005026e-04
1.96629522e-04
1.50236073e-04
9.42981455e-05
3.09454039e-05
-3.69653532e-05
-1.06226909e-04
-1.73504041e-04
-2.35145244e-04
-2.86991724e-04
-3.24593294e-04
-3.43894536e-04
-3.42005844e-04
-3.18029910e-04
-2.73824348e-04
-2.13928764e-04
-1.45003512e-04
-7.53539002e-05
-1.41914737e-05
2.92545576e-05
4.68269844e-05
3.25158570e-05
-1.67004515e-05
-1.00488241e-04
-2.15400100e-04
-3.55008976e-04
-5.10270832e-04
-6.70256436e-04
-8.22938382e-04
-9.55887325e-04
-1.05695726e-03
-1.11512156e-03
-1.12124863e-03
-1.06872465e-03
-9.53978014e-04
-7.76802948e-04
-5.40436567e-04
-2.51468060e-04
8.03987504e-05
4.42735108e-04
8.21034712e-04
1.19958013e-03
1.56224858e-03
1.89328508e-03
2.17809571e-03
2.40401830e-03
2.56084108e-03
2.64109653e-03
2.64033967e-03
2.55734961e-03
2.39421307e-03
2.15626678e-03
1.85180465e-03
1.49158242e-03
1.08827607e-03
6.55902621e-04
2.09128253e-04
-2.37408268e-04
-6.69682086e-04
-1.07483093e-03
-1.44160468e-03
-1.76067704e-03
-2.02486056e-03
-2.22921353e-03
-2.37109950e-03
-2.45013514e-03
-2.46804982e-03
-2.42848039e-03
-2.33669007e-03
-2.19922873e-03
-2.02363927e-03
-1.81811972e-03
-1.59102561e-03
-1.35041040e-03
-1.10370824e-03
-8.57531707e-04
-6.17478576e-04
-3.88053749e-04
-1.72777033e-04
2.56830169e-05
2.05488637e-04
3.65583724e-04
5.05528253e-04
6.25416322e-04
7.25846713e-04
8.07844876e-04
8.72773204e-04
9.22235078e-04
9.57954517e-04
9.81646598e-04
9.94911515e-04
9.99162519e-04
9.95586115e-04
9.85126625e-04
9.68492108e-04
9.46136341e-04
9.18224675e-04
8.84670654e-04
8.45277165e-04
7.99866493e-04
7.48358352e-04
6.90850907e-04
6.27687686e-04
5.59456307e-04
4.86948876e-04
4.11091215e-04
3.32901318e-04
2.53493641e-04
1.74056130e-04
9.58031296e-05
1.99158930e-05
-5.25052154e-05
-1.20500193e-04
-1.83296068e-04
-2.40298378e-04
-2.91041472e-04
-3.35194081e-04
-3.72614707e-04
-4.03366950e-04
-4.27647096e-04
-4.45716012e-04
-4.57908094e-04
-4.64661724e-04
-4.66489007e-04
-4.63910709e-04
-4.57411268e-04
-4.47453846e-04
-4.34508237e-04
-4.19022026e-04
-4.01379407e-04
-3.81921723e-04
-3.60990827e-04
-3.38970096e-04
-3.16284764e-04
-2.93338804e-04
-2.70455136e-04
-2.47846158e-04
-2.25640618e-04
-2.03892156e-04
-1.82584574e-04
-1.61658123e-04
-1.41029421e-04
-1.20581674e-04
-1.00118963e-04
-7.93609230e-05
-5.79598276e-05
-3.55490821e-05
-1.18137194e-05
1.34753895e-05
4.04297117e-05
6.90182061e-05
9.90742579e-05
1.30314270e-04
1.62341813e-04
1.94660891e-04
2.26678132e-04
2.57719582e-04
2.87038828e-04
3.13832195e-04
3.37297435e-04
3.56720639e-04
3.71518194e-04
3.81239604e-04
3.85561866e-04
3.84307861e-04
3.77438465e-04
3.65023254e-04
3.47205383e-04
3.24221913e-04
2.96432246e-04
2.64318524e-04
2.28476106e-04
1.89572482e-04
1.48327664e-04
1.05528083e-04
6.20163996e-05
1.86464079e-05
-2.37640397e-05
-6.44714814e-05
-1.02816464e-04
-1.38212463e-04
-1.70134232e-04
-1.98122878e-04
-2.21821894e-04
-2.41008608e-04
-2.55608044e-04
-2.65680254e-04
-2.71375402e-04
-2.72889549e-04
-2.70440471e-04
-2.64272896e-04
-2.54701171e-04
-2.42148896e-04
-2.27151777e-04
-2.10313383e-04
-1.92252204e-04
-1.73561844e-04
-1.54791613e-04
-1.36448405e-04
-1.18974468e-04
-1.02717738e-04
-8.79175760e-05
-7.46890238e-05
-6.30135869e-05
-5.27428839e-05
-4.36175823e-05
-3.53044814e-05
-2.74262173e-05
-1.95765460e-05
-1.13527571e-05
-2.40303342e-06
7.54489725e-06
1.86685613e-05
3.10410924e-05
4.46319823e-05
5.93176863e-05
7.48790920e-05
9.09968608e-05
1.07278952e-04
1.23297742e-04
1.38603779e-04
1.52727222e-04
1.65205466e-04
1.75636014e-04
1.83702438e-04
1.89148705e-04
1.91756368e-04
1.91345797e-04
1.87778038e-04
1.80960520e-04
1.70865027e-04
1.57574235e-04
1.41324075e-04
1.22485532e-04
1.01530657e-04
7.90046945e-05
5.54988168e-05
3.16316982e-05
8.03420370e-06
-1.46495789e-05
-3.58017311e-05
-5.48956016e-05
-7.15381566e-05
-8.54859948e-05
-9.66307973e-05
-1.04966801e-04
-1.10563529e-04
-1.13550618e-04
-1.14105705e-04
-1.12444959e-04
-1.08829105e-04
-1.03577645e-04
-9.70624054e-05
-8.96776238e-05
-8.18163808e-05
-7.38633135e-05
-6.61879290e-05
-5.91091704e-05
-5.28520741e-05
-4.75154779e-05
-4.30667843e-05
-3.93732661e-05
-3.62516315e-05
-3.35121572e-05
-3.09730318e-05
-2.84595812e-05
-2.57965599e-05
-2.28077618e-05
-1.93414120e-05
-1.52843336e-05
-1.05663211e-05
-5.16465006e-06
8.91487865e-07
7.50566755e-06
1.45108923e-05
2.16837023e-05
2.87679428e-05
3.55124070e-05
4.17162427e-05
4.72474067e-05
5.20168664e-05
5.59355522e-05
5.89009715e-05
6.08226102e-05
6.16384147e-05
6.13099043e-05
5.98229120e-05
5.72082715e-05
5.35573723e-05
4.90067683e-05
4.36977430e-05
3.77554576e-05
3.12928695e-05
2.44210525e-05
1.72562419e-05
9.93530729e-06
2.62108868e-06
-4.51088979e-06
-1.12868221e-05
-1.75462261e-05
-2.31365249e-05
-2.78926860e-05
-3.16481504e-05
-3.42689300e-05
-3.56764793e-05
-3.58566833e-05
-3.48611327e-05
-3.27885206e-05
-2.97539574e-05
-2.58726257e-05
-2.12613831e-05
-1.60350846e-05
-1.03003702e-05
-4.16674737e-06
2.24911077e-06
8.82525483e-06
1.54256160e-05
2.18879195e-05
2.80099734e-05
3.35405283e-05
3.81924495e-05
4.16721455e-05
4.37098599e-05
4.40800916e-05
4.26229592e-05
3.92597554e-05
3.39864165e-05
2.68636824e-05
1.80205551e-05
7.66843029e-06
-3.88981132e-06
-1.62687391e-05
-2.90150693e-05
-4.16223511e-05
-5.35429175e-05
-6.42071480e-05
-7.30506123e-05
-7.95570167e-05
-8.33183177e-05
-8.40887204e-05
-8.18021853e-05
-7.65508047e-05
-6.85481226e-05
-5.81132952e-05
-4.56768164e-05
-3.17748800e-05
-1.70181275e-05
-2.04821741e-06
1.24997825e-05
2.60291194e-05
3.80089146e-05
4.80030601e-05
5.56929573e-05
6.08874034e-05
6.35203216e-05
6.36403637e-05
6.13940824e-05
5.70164295e-05
5.08228229e-05
4.31892269e-05
3.45284261e-05
2.52810575e-05
1.59138859e-05
6.91243636e-06
-1.24064049e-06
-8.09828005e-06
-1.32815926e-05
-1.65186636e-05
-1.76780435e-05
-1.67868262e-05
-1.40313362e-05
-9.72948051e-06
-4.28279874e-06
1.86641121e-06
8.26550771e-06
1.44739865e-05
2.00932005e-05
2.47901972e-05
2.83092917e-05
3.04688400e-05
3.11507453e-05
3.02849456e-05
2.78441348e-05
2.38630322e-05
1.84679559e-05
1.18858910e-05
4.41980984e-06
-3.58475492e-06
-1.17756007e-05
-1.98302751e-05
-2.74761698e-05
-3.44935352e-05
-4.07128865e-05
-4.59966291e-05
-5.02137827e-05
-5.32392117e-05
-5.49686705e-05
-5.53244866e-05
-5.42578977e-05
-5.17564327e-05
-4.78557353e-05
-4.26504987e-05
-3.62930277e-05
-2.89909818e-05
-2.10009012e-05
-1.26097537e-05
-4.10783953e-06
4.23605829e-06
1.21872437e-05
1.95451101e-05
2.61369090e-05
3.18140337e-05
3.64525706e-05
3.99604863e-05
0.00000000e+00
0.00000000e+00
0.00000000e+00
0.00000000e+00
0.00000000e+00
0.00000000e+00
0.00000000e+00
0.00000000e+00
0.00000000e+00
0.00000000e+00
0.00000000e+00
0.00000000e+00
0.00000000e+00
0.00000000e+00
0.00000000e+00
0.00000000e+00
0.00000000e+00
0.00000000e+00
0.00000000e+00
0.00000000e+00
0.00000000e+00
0.00000000e+00
0.00000000e+00
0.00000000e+00
0.00000000e+00
0.00000000e+00
0.00000000e+00
0.00000000e+00
0.00000000e+00
0.00000000e+00
0.00000000e+00
0.00000000e+00
0.00000000e+00
0.00000000e+00
0.00000000e+00
0.00000000e+00
0.00000000e+00
0.00000000e+00
0.00000000e+00
0.00000000e+00
0.00000000e+00
0.00000000e+00
0.00000000e+00
0.00000000e+00
0.00000000e+00
0.00000000e+00
0.00000000e+00
0.00000000e+00
0.00000000e+00
0.00000000e+00
0.00000000e+00
0.00000000e+00
0.00000000e+00
0.00000000e+00
0.00000000e+00
0.00000000e+00
0.00000000e+00
0.00000000e+00
0.00000000e+00
0.00000000e+00
0.00000000e+00
0.00000000e+00
0.00000000e+00
0.00000000e+00
0.00000000e+00
0.00000000e+00
0.00000000e+00
0.00000000e+00
0.00000000e+00
0.00000000e+00
0.00000000e+00
0.00000000e+00
0.00000000e+00
0.00000000e+00
0.00000000e+00
0.00000000e+00
0.00000000e+00
0.00000000e+00
0.00000000e+00
0.00000000e+00
0.00000000e+00
0.00000000e+00
0.00000000e+00
0.00000000e+00
0.00000000e+00
0.00000000e+00
0.00000000e+00
0.00000000e+00
0.00000000e+00
-2.52240757e-11
-7.37072959e-10
-5.09685297e-09
-1.94833392e-08
-5.37088319e-08
-1.20109242e-07
-2.31958354e-07
-4.01511457e-07
-6.37970971e-07
-9.45604843e-07
-1.32221389e-06
-1.75812585e-06
-2.23583661e-06
-2.73035012e-06
-3.21022131e-06
-3.63924259e-06
-3.97862353e-06
-4.18948685e-06
-4.23551462e-06
-4.08557676e-06
-3.71615463e-06
-3.11335681e-06
-2.27438184e-06
-1.20837622e-06
6.33621257e-08
1.50786305e-06
3.08163443e-06
4.73243092e-06
6.40151776e-06
8.02627670e-06
9.54302200e-06
1.08899094e-05
1.20097719e-05
1.28527194e-05
1.33783789e-05
1.35576614e-05
1.33739583e-05
1.28236997e-05
1.19162597e-05
1.06732393e-05
9.12723200e-06
7.32023869e-06
5.30186561e-06
3.12734633e-06
8.55414153e-07
-1.45389268e-06
-3.74136348e-06
-5.95058638e-06
-8.02970978e-06
-9.93290270e-06
-1.16214446e-05
-1.30644586e-05
-1.42393096e-05
-1.51316904e-05
-1.57354249e-05
-1.60520080e-05
-1.60898907e-05
-1.58635655e-05
-1.53925163e-05
-1.47000614e-05
-1.38121389e-05
-1.27561477e-05
-1.15599460e-05
-1.02510406e-05
-8.85597851e-06
-7.39994416e-06
-5.90651954e-06
-4.39758292e-06
-2.89332527e-06
-1.41235399e-06
2.81725988e-08
1.41244650e-06
2.72596857e-06
3.95556684e-06
5.08947294e-06
6.11744065e-06
7.03086013e-06
7.82285597e-06
8.48839767e-06
9.02442936e-06
9.43002026e-06
9.70650140e-06
9.85751343e-06
9.88894459e-06
9.80878590e-06
9.62690514e-06
9.35471494e-06
9.00471607e-06
8.58997105e-06
8.12354248e-06
7.61791274e-06
7.08444089e-06
6.53294470e-06
5.97144874e-06
5.40644974e-06
4.84423836e-06
4.29194699e-06
3.75630186e-06
3.24217024e-06
2.75473888e-06
2.30155748e-06
1.89700726e-06
1.56011344e-06
1.30988919e-06
1.16436881e-06
1.13338485e-06
1.21535077e-06
1.39528388e-06
1.64154032e-06
1.90554410e-06
2.11808470e-06
2.19333350e-06
2.04160171e-06
1.56955348e-06
6.84824690e-07
-6.91545361e-07
-2.61338286e-06
-5.09515942e-06
-8.11301431e-06
-1.16074604e-05
-1.54777157e-05
-1.95742086e-05
-2.37085864e-05
-2.76694040e-05
-3.12329629e-05
-3.41707444e-05
-3.62543327e-05
-3.72745055e-05
-3.70534368e-05
-3.54438411e-05
-3.23445572e-05
-2.77179181e-05
-2.15892719e-05
-1.40443719e-05
-5.22940890e-06
4.63888024e-06
1.52807621e-05
2.63725282e-05
3.75435171e-05
4.83900058e-05
5.84997661e-05
6.74726659e-05
7.49330755e-05
8.05448937e-05
8.40284196e-05
8.51673527e-05
8.38173241e-05
7.99205920e-05
7.35094173e-05
6.47003739e-05
5.36967923e-05
4.07821040e-05
2.63109662e-05
1.06946138e-05
-5.61314160e-06
-2.21301933e-05
-3.83648245e-05
-5.38317379e-05
-6.80701417e-05
-8.06621584e-05
-9.12427478e-05
-9.95135593e-05
-1.05259202e-04
-1.08349338e-04
-1.08736647e-04
-1.06453511e-04
-1.01611605e-04
-9.43913479e-05
-8.50290567e-05
-7.38107075e-05
-6.10628429e-05
-4.71455688e-05
-3.24396436e-05
-1.73363434e-05
-2.23060426e-06
1.24914839e-05
2.64703469e-05
3.93827060e-05
5.09443815e-05
6.09184788e-05
6.91211867e-05
7.54308276e-05
7.97897832e-05
8.22061152e-05
8.27537066e-05
8.15629484e-05
7.87998503e-05
7.46495435e-05
6.93160353e-05
6.30230966e-05
5.60005694e-05
4.84447141e-05
4.04822185e-05
3.21642732e-05
2.34852622e-05
1.44079431e-05
4.88672431e-06
-5.08805631e-06
-1.54684764e-05
-2.61616624e-05
-3.70326468e-05
-4.78846807e-05
-5.84625544e-05
-6.84671373e-05
-7.75658031e-05
-8.53891431e-05
-9.15283851e-05
-9.55609015e-05
-9.71067306e-05
-9.58547854e-05
-9.15456010e-05
-8.39874871e-05
-7.30989246e-05
-5.89328400e-05
-4.16850607e-05
-2.16768902e-05
6.58208867e-07
2.47782316e-05
5.00441965e-05
7.57637249e-05
1.01218486e-04
1.25663073e-04
1.48331236e-04
1.68468531e-04
1.85353911e-04
1.98298861e-04
2.06672672e-04
2.09922648e-04
2.07588404e-04
1.99323247e-04
1.84903953e-04
1.64263162e-04
1.37530737e-04
1.05040137e-04
6.73584960e-05
2.53139102e-05
-2.00307012e-05
-6.74388494e-05
-1.15526252e-04
-1.62769958e-04
-2.07543393e-04
-2.48187812e-04
-2.83128500e-04
-3.10980489e-04
-3.30640724e-04
-3.41311231e-04
-3.42513933e-04
-3.34075750e-04
-3.16139426e-04
-2.89186556e-04
-2.54042149e-04
-2.11849075e-04
-1.64034777e-04
-1.12231578e-04
-5.82068938e-05
-3.76190494e-06
4.93382882e-05
9.94094209e-05
1.44907053e-04
1.84487491e-04
2.17055032e-04
2.41780969e-04
2.58122658e-04
2.65843172e-04
2.65032466e-04
2.56129379e-04
2.39900549e-04
2.17409146e-04
1.89947493e-04
1.58984178e-04
1.26076078e-04
9.28033704e-05
6.06890207e-05
3.11071484e-05
5.20727611e-06
-1.61233027e-05
-3.22835468e-05
-4.29854117e-05
-4.82453645e-05
-4.83596022e-05
-4.38732989e-05
-3.55666765e-05
-2.43841254e-05
-1.13529383e-05
2.49415023e-06
1.61651107e-05
2.87097765e-05
3.92868735e-05
4.72078342e-05
5.19677283e-05
5.32510090e-05
5.09367897e-05
4.51039322e-05
3.60322266e-05
2.41703564e-05
1.00979504e-05
-5.54417216e-06
-2.20814035e-05
-3.88129411e-05
-5.50231464e-05
-7.00030037e-05
-8.31412444e-05
-9.39455868e-05
-1.02087780e-04
-1.07397183e-04
-1.09814012e-04
-1.09364960e-04
-1.06153703e-04
-1.00397928e-04
-9.24289317e-05
-8.26429633e-05
-7.15107344e-05
-5.95775874e-05
-4.74024080e-05
-3.55076638e-05
-2.43667665e-05
-1.44303331e-05
-6.09858501e-06
2.75710485e-07
4.39133739e-06
6.04051352e-06
5.17601310e-06
1.91295745e-06
-3.51581787e-06
-1.07829933e-05
-1.94619612e-05
-2.90553560e-05
-3.89516628e-05
-4.84402152e-05
-5.68013375e-05
-6.33565529e-05
-6.74338412e-05
-6.83672221e-05
-6.55521149e-05
-5.84815464e-05
-4.67815550e-05
-3.03024361e-05
-9.17303610e-06
1.61681934e-05
4.49461165e-05
7.60667307e-05
1.08164950e-04
1.39693404e-04
1.68968498e-04
1.94330719e-04
2.14272380e-04
2.27514814e-04
2.33122889e-04
2.30587472e-04
2.19879993e-04
2.01472091e-04
1.76251892e-04
1.45431928e-04
1.10479069e-04
7.30093383e-05
3.47123353e-05
-2.70472032e-06
-3.76407967e-05
-6.86508014e-05
-9.45481283e-05
-1.14464501e-04
-1.27860712e-04
-1.34562302e-04
-1.34781137e-04
-1.29080749e-04
-1.18314719e-04
-1.03548998e-04
-8.59840745e-05
-6.68604391e-05
-4.74280149e-05
-2.88827543e-05
-1.22823545e-05
1.53914407e-06
1.19892338e-05
1.86920921e-05
2.15290769e-05
2.06524113e-05
1.64295443e-05
9.39402063e-06
1.87169515e-07
-1.04937788e-05
-2.19347232e-05
-3.34449128e-05
-4.43483967e-05
-5.39947903e-05
-6.18443218e-05
-6.75618630e-05
-7.10593227e-05
-7.24775881e-05
-7.20895135e-05
-7.02310594e-05
-6.72698875e-05
-6.35700612e-05
-5.94747173e-05
-5.52813465e-05
-5.12209046e-05
-4.74422974e-05
-4.40123243e-05
-4.09207606e-05
-3.80998913e-05
-3.54419103e-05
-3.28013399e-05
-2.99722567e-05
-2.66607448e-05
-2.25712415e-05
-1.74873939e-05
-1.12962576e-05
-3.96808915e-06
4.46944974e-06
1.39155346e-05
2.41987546e-05
3.50677074e-05
4.62201292e-05
5.73609828e-05
6.82125342e-05
7.85383369e-05
8.81557517e-05
9.69082633e-05
1.04644051e-04
1.11229350e-04
1.16564438e-04
1.20589595e-04
1.23267437e-04
2.33432196e-07
9.24862120e-07
1.60176456e-06
2.24592799e-06
2.84061290e-06
3.37092651e-06
3.82411534e-06
4.18976697e-06
4.45991298e-06
4.62902314e-06
4.69396766e-06
4.65396995e-06
4.51054124e-06
4.26736892e-06
3.93014696e-06
3.50635842e-06
3.00503620e-06
2.43652812e-06
1.81228228e-06
1.14465235e-06
4.46710702e-07
-2.67943643e-07
-9.85384976e-07
-1.69158553e-06
-2.37267994e-06
-3.01525472e-06
-3.60665932e-06
-4.13534162e-06
-4.59116266e-06
-4.96566433e-06
-5.25227967e-06
-5.44647341e-06
-5.54579069e-06
-5.54982288e-06
-5.46012189e-06
-5.28006252e-06
-5.01467236e-06
-4.67044046e-06
-4.25508686e-06
-3.77731221e-06
-3.24656203e-06
-2.67281523e-06
-2.06637771e-06
-1.43767578e-06
-7.97069038e-07
-1.54685188e-07
4.79736291e-07
1.09699715e-06
1.68856674e-06
2.24667151e-06
2.76436631e-06
3.23559019e-06
3.65519672e-06
4.01895329e-06
4.32350169e-06
4.56628312e-06
4.74542100e-06
4.85959341e-06
4.90790466e-06
4.88976741e-06
4.80484266e-06
4.65307863e-06
4.43484108e-06
4.15107458e-06
3.80346385e-06
3.39460677e-06
2.92820731e-06
2.40923773e-06
1.84404990e-06
1.24042305e-06
6.07515680e-07
-4.42515787e-08
-7.03382956e-07
-1.35753931e-06
-1.99384290e-06
-2.59927247e-06
-3.16107810e-06
-3.66718524e-06
-4.10657607e-06
-4.46965207e-06
-4.74856007e-06
-4.93743766e-06
-5.03257417e-06
-5.03253081e-06
-4.93823700e-06
-4.75302786e-06
-4.48257087e-06
-4.13468214e-06
-3.71907700e-06
-3.24707407e-06
-2.73123294e-06
-2.18493511e-06
-1.62195236e-06
-1.05599698e-06
-5.00258043e-07
3.30461611e-08
5.33052519e-07
9.90563630e-07
1.39827431e-06
1.75091667e-06
2.04534401e-06
2.28056666e-06
2.45766324e-06
2.57955884e-06
2.65074574e-06
2.67698843e-06
2.66500025e-06
2.62211658e-06
2.55598514e-06
2.47424560e-06
2.38419280e-06
2.29246816e-06
2.20482406e-06
2.12594074e-06
2.05927526e-06
2.00694817e-06
1.96966806e-06
1.94667449e-06
1.93572714e-06
1.93320400e-06
1.93432797e-06
1.93347307e-06
1.92451844e-06
1.90123124e-06
1.85763302e-06
1.78833929e-06
1.68918338e-06
1.56040495e-06
1.40886123e-06
1.23529784e-06
1.03626674e-06
8.27172657e-07
6.63039139e-07
6.35122310e-07
8.26157494e-07
1.28991732e-06
2.06500451e-06
3.15650013e-06
4.52387220e-06
6.08330331e-06
7.70619430e-06
9.20517664e-06
1.03240114e-05
1.07565075e-05
1.01695130e-05
8.22201046e-06
4.61855083e-06
-8.22823755e-07
-8.12551706e-06
-1.71346711e-05
-2.75175961e-05
-3.87653386e-05
-5.02227283e-05
-6.11490366e-05
-7.07506379e-05
-7.82029623e-05
-8.26973675e-05
-8.35011064e-05
-8.00290064e-05
-7.19062341e-05
-5.90074335e-05
-4.14852280e-05
-1.97803948e-05
5.39089633e-06
3.30644771e-05
6.20728926e-05
9.10984348e-05
1.18724893e-04
1.43512328e-04
1.64083649e-04
1.79211558e-04
1.87887440e-04
1.89380031e-04
1.83290578e-04
1.69570669e-04
1.48516780e-04
1.20770901e-04
8.73208724e-05
4.94683561e-05
8.76537246e-06
-3.30719802e-05
-7.42394942e-05
-1.12931218e-04
-1.47432394e-04
-1.76220741e-04
-1.98054837e-04
-2.12034451e-04
-2.17647648e-04
-2.14794003e-04
-2.03792765e-04
-1.85366553e-04
-1.60599082e-04
-1.30860385e-04
-9.77244809e-05
-6.28937727e-05
-2.80999865e-05
5.01257391e-06
3.49806898e-05
6.06008547e-05
8.09949944e-05
9.56566142e-05
1.04491304e-04
1.07827044e-04
1.06355677e-04
1.01003825e-04
9.28230578e-05
8.29255189e-05
7.23757282e-05
6.20368512e-05
5.24467292e-05
4.37523376e-05
3.56800502e-05
2.75629086e-05
1.84583108e-05
7.28226903e-06
-7.03812578e-06
-2.53623180e-05
-4.80864437e-05
-7.49745584e-05
-1.05135283e-04
-1.37038420e-04
-1.68452495e-04
-1.96451387e-04
-2.17647028e-04
-2.28431600e-04
-2.25266479e-04
-2.05180552e-04
-1.66318578e-04
-1.08430748e-04
-3.29263770e-05
5.73797092e-05
1.58563906e-04
2.65725804e-04
3.73100204e-04
4.74348721e-04
5.63127785e-04
6.33523816e-04
6.80365870e-04
6.99715455e-04
6.89151468e-04
6.47855560e-04
5.76606800e-04
4.77622843e-04
3.54416887e-04
2.11667318e-04
5.49792737e-05
-1.09421946e-04
-2.74964193e-04
-4.35093935e-04
-5.83572291e-04
-7.14662656e-04
-8.23330139e-04
-9.05452335e-04
-9.58030183e-04
-9.79303184e-04
-9.68744481e-04
-9.27013619e-04
-8.55942389e-04
-7.58503714e-04
-6.38640013e-04
-5.00989525e-04
-3.50749317e-04
-1.93580645e-04
-3.53912959e-05
1.17989427e-04
2.61133965e-04
3.89268957e-04
4.98487395e-04
5.85930185e-04
6.49808944e-04
6.89371039e-04
7.04887044e-04
6.97670916e-04
6.69958570e-04
6.24604599e-04
5.64873695e-04
4.94246043e-04
4.16241994e-04
3.34348516e-04
2.51954576e-04
1.72209152e-04
9.78237088e-05
3.09528503e-05
-2.68454189e-05
-7.46203830e-05
-1.11948702e-04
-1.38821844e-04
-1.55583909e-04
-1.62868546e-04
-1.61610868e-04
-1.53109813e-04
-1.38961202e-04
-1.20822557e-04
-1.00223279e-04
-7.85848629e-05
-5.72295285e-05
-3.73737860e-05
-2.00874576e-05
-6.13132355e-06
4.10426523e-06
1.04380781e-05
1.27631257e-05
1.10555511e-05
5.44429443e-06
-3.82016096e-06
-1.63697006e-05
-3.16950441e-05
-4.91893605e-05
-6.82154862e-05
-8.80674353e-05
-1.07942012e-04
-1.26968451e-04
-1.44184023e-04
-1.58551118e-04
-1.69064635e-04
-1.74871924e-04
-1.75425508e-04
-1.70612752e-04
-1.60736251e-04
-1.46390042e-04
-1.28303192e-04
-1.07328536e-04
-8.44596960e-05
-6.07108206e-05
-3.70521438e-05
-1.43082499e-05
6.90121020e-06
2.61075636e-05
4.28747776e-05
5.67889948e-05
6.75315483e-05
7.49464615e-05
7.90691015e-05
8.01604070e-05
7.86627870e-05
7.50599562e-05
6.98205187e-05
6.34681798e-05
5.66052889e-05
4.98234807e-05
4.35925355e-05
3.82303129e-05
3.39664423e-05
3.09786598e-05
2.93670797e-05
2.90809921e-05
2.99065336e-05
3.15320314e-05
3.36045382e-05
3.57725549e-05
3.77708790e-05
3.94111112e-05
4.05252617e-05
4.10088303e-05
4.08796690e-05
4.03051574e-05
3.95865177e-05
3.90808937e-05
3.91578353e-05
4.01453965e-05
4.22001662e-05
4.52379809e-05
4.89809966e-05
5.30755241e-05
5.71701789e-05
6.09320533e-05
6.40471688e-05
6.62233116e-05
6.72002097e-05
6.67225957e-05
6.45383398e-05
6.04236666e-05
5.42232114e-05
4.58966451e-05
3.55156904e-05
2.32630040e-05
9.44905165e-06
-5.54137753e-06
-2.13034897e-05
-3.74401057e-05
-5.35681674e-05
-6.92686598e-05
-8.40801891e-05
-9.75788985e-05
-1.09448516e-04
-1.19467508e-04
-1.27473157e-04
-1.33358218e-04
-1.37094948e-04
-1.38727558e-04
-1.38335408e-04
-1.36013589e-04
-1.31868763e-04
-1.26041110e-04
-1.18695067e-04
-1.09986415e-04
-1.00067473e-04
-8.90886289e-05
-7.71761139e-05
-6.44112514e-05
-5.08108037e-05
-3.63509078e-05
-2.10200543e-05
-4.85266044e-06
1.20565963e-05
2.95515883e-05
4.74194379e-05
6.53724383e-05
8.30417632e-05
9.99749838e-05
1.15637742e-04
1.29459231e-04
1.40884375e-04
1.49403324e-04
1.54578251e-04
1.56064378e-04
1.53636833e-04
1.47197841e-04
1.36814019e-04
1.22769584e-04
1.05574112e-04
8.59144405e-05
6.45569058e-05
4.22616582e-05
1.97760763e-05
-2.13903866e-06
-2.27020559e-05
-4.11399113e-05
-5.67782868e-05
-6.91197879e-05
-7.78572687e-05
-8.28437364e-05
-8.40897482e-05
-8.18014696e-05
-7.64010487e-05
-6.84915790e-05
-5.87820603e-05
-4.80203116e-05
-3.69309670e-05
-2.61766546e-05
-1.63539383e-05
-7.97074185e-06
-1.41383976e-06
3.06974569e-06
5.36721470e-06
5.47349615e-06
3.48707819e-06
-3.58881921e-07
-5.68420891e-06
-1.19783257e-05
-1.86434593e-05
-2.50434546e-05
-3.05512240e-05
-3.45976782e-05
-3.67213265e-05
-3.65892477e-05
-3.40100905e-05
-2.89453252e-05
-2.15157092e-05
-1.20042594e-05
-8.60156751e-07
1.13156628e-05
2.38341249e-05
3.59823103e-05
4.70668116e-05
5.64586341e-05
6.36268416e-05
6.81565950e-05
6.97593579e-05
6.82736512e-05
6.36708467e-05
5.60448692e-05
4.55882635e-05
3.25932665e-05
1.74510336e-05
6.38908118e-07
-1.72727839e-05
-3.56080853e-05
-5.35917843e-05
-7.04100713e-05
-8.52863463e-05
-9.75276405e-05
-1.06557765e-04
-1.11945712e-04
-1.13405195e-04
-1.10769905e-04
-1.04016808e-04
-9.32930178e-05
-7.89041238e-05
-6.13148314e-05
-4.11497070e-05
-1.91433115e-05
3.91540625e-06
2.72043940e-05
4.98949809e-05
7.11908436e-05
9.03729904e-05
1.06838143e-04
1.20129924e-04
1.29950054e-04
1.36146824e-04
1.38692187e-04
1.37650245e-04
1.33168371e-04
1.25481536e-04
1.14902376e-04
1.01788063e-04
8.65283609e-05
6.95593342e-05
5.13541262e-05
3.24044216e-05
1.32063242e-05
2.21192458e-05
2.11020297e-05
1.98485175e-05
1.84111706e-05
1.68431551e-05
1.51962911e-05
1.35192499e-05
1.18560039e-05
1.02446107e-05
8.71632863e-06
7.29504531e-06
5.99706481e-06
4.83132054e-06
3.79992283e-06
2.89897855e-06
2.11956896e-06
1.44875796e-06
8.70739451e-07
3.68122818e-07
-7.68375998e-08
-4.81190321e-07
-8.60436211e-07
-1.22788208e-06
-1.59416053e-06
-1.96693170e-06
-2.35074723e-06
-2.74713099e-06
-3.15479968e-06
-3.56991914e-06
-3.98646098e-06
-4.39673599e-06
-4.79211764e-06
-5.16392204e-06
-5.50437826e-06
-5.80755436e-06
-6.07008897e-06
-6.29161262e-06
-6.47477192e-06
-6.62487606e-06
-6.74926866e-06
-6.85645943e-06
-6.95515224e-06
-7.05329875e-06
-7.15715558e-06
-7.27047109e-06
-7.39392154e-06
-7.52482903e-06
-7.65718645e-06
-7.78189467e-06
-7.88728989e-06
-7.95994482e-06
-7.98558798e-06
-7.95010282e-06
-7.84053285e-06
-7.64600368e-06
-7.35847969e-06
-6.97323589e-06
-6.48911800e-06
-5.90869158e-06
-5.23806161e-06
-4.48638148e-06
-3.66544019e-06
-2.79153200e-06
-1.89371003e-06
-1.01072424e-06
-1.94455373e-07
4.65199261e-07
8.57100082e-07
8.55809555e-07
3.11553820e-07
-9.03720557e-07
-2.85402180e-06
-5.52119526e-06
-8.82368807e-06
-1.26262846e-05
-1.66911837e-05
-2.06914924e-05
-2.42414184e-05
-2.68780056e-05
-2.81105155e-05
-2.74537843e-05
-2.44534184e-05
-1.87684836e-05
-1.01806665e-05
1.34469653e-06
1.56459246e-05
3.23672176e-05
5.09233727e-05
7.05543790e-05
9.03690002e-05
1.09343918e-04
1.26417165e-04
1.40567088e-04
1.50840846e-04
1.56417896e-04
1.56691094e-04
1.51257631e-04
1.39957829e-04
1.22885000e-04
1.00370512e-04
7.29795994e-05
4.15019754e-05
6.93336052e-06
-2.95577401e-05
-6.66107349e-05
-1.02643954e-04
-1.36082786e-04
-1.65157409e-04
-1.87734173e-04
-2.01873374e-04
-2.06208218e-04
-2.00179854e-04
-1.84071098e-04
-1.58940751e-04
-1.26738335e-04
-8.98916203e-05
-5.07684911e-05
-1.19690920e-05
2.31767635e-05
5.06091396e-05
6.63002501e-05
6.66333016e-05
4.88237324e-05
1.14214999e-05
-4.52663258e-05
-1.19084107e-04
-2.06127048e-04
-3.01084649e-04
-3.97560114e-04
-4.88458730e-04
-5.66285187e-04
-6.23657384e-04
-6.54009270e-04
-6.52095940e-04
-6.14400291e-04
-5.39344702e-04
-4.27400654e-04
-2.81178825e-04
-1.05408162e-04
9.36137413e-05
3.08413405e-04
5.30447709e-04
7.50400344e-04
9.58723409e-04
1.14619899e-03
1.30430604e-03
1.42549382e-03
1.50371881e-03
1.53484619e-03
1.51691530e-03
1.45017138e-03
1.33687841e-03
1.18121661e-03
9.89119157e-04
7.67897538e-04
5.25787247e-04
2.71534575e-04
1.39849294e-05
-2.38354588e-04
-4.77597067e-04
-6.96760154e-04
-8.90004843e-04
-1.05285664e-03
-1.18237384e-03
-1.27706121e-03
-1.33668554e-03
-1.36222659e-03
-1.35575919e-03
-1.32024067e-03
-1.25922804e-03
-1.17673663e-03
-1.07707420e-03
-9.64633270e-04
-8.43715118e-04
-7.18315765e-04
-5.92063070e-04
-4.68211571e-04
-3.49499631e-04
-2.38036488e-04
-1.35347225e-04
-4.24213629e-05
4.03233668e-05
1.13026538e-04
1.76323098e-04
2.31171642e-04
2.78630207e-04
3.19782629e-04
3.55740410e-04
3.87611437e-04
4.16436279e-04
4.43144077e-04
4.68493132e-04
4.92954701e-04
5.16628422e-04
5.39327783e-04
5.60682918e-04
5.80135502e-04
5.96933993e-04
6.10221605e-04
6.19089817e-04
6.22609319e-04
6.19855409e-04
6.09905128e-04
5.91954938e-04
5.65478609e-04
5.30238481e-04
4.86257208e-04
4.33828174e-04
3.73622794e-04
3.06669904e-04
2.34267536e-04
1.57921099e-04
7.92429623e-05
-9.65363929e-08
-7.83690075e-05
-1.53834707e-04
-2.24801564e-04
-2.89689677e-04
-3.47104992e-04
-3.95894241e-04
-4.35250107e-04
-4.64773427e-04
-4.84376675e-04
-4.94256536e-04
-4.94952770e-04
-4.87307363e-04
-4.72433135e-04
-4.51593107e-04
-4.26069362e-04
-3.97093502e-04
-3.65865209e-04
-3.33513679e-04
-3.01010074e-04
-2.69097872e-04
-2.38261792e-04
-2.08757086e-04
-1.80648862e-04
-1.53839205e-04
-1.28097838e-04
-1.03098893e-04
-7.84748624e-05
-5.38502111e-05
-2.88486005e-05
-3.11873087e-06
2.36123558e-05
5.14572455e-05
8.03047958e-05
1.09780264e-04
1.39275896e-04
1.68041557e-04
1.95252379e-04
2.19997886e-04
2.41331726e-04
2.58378623e-04
2.70386045e-04
2.76773897e-04
2.77182161e-04
2.71511885e-04
2.59970979e-04
2.43075113e-04
2.21588819e-04
1.96462433e-04
1.68763359e-04
1.39599879e-04
1.10076378e-04
8.12897706e-05
5.42878808e-05
2.99887062e-05
9.12238614e-06
-7.81776401e-06
-2.06127546e-05
-2.93183011e-05
-3.42080022e-05
-3.56573504e-05
-3.40840325e-05
-2.99649346e-05
-2.38789880e-05
-1.64854491e-05
-8.48688404e-06
-6.06661461e-07
6.42891887e-06
1.19436991e-05
1.53961702e-05
1.64118152e-05
1.47859941e-05
1.04940278e-05
3.70587087e-06
-5.24451577e-06
-1.59970801e-05
-2.82256530e-05
-4.16014140e-05
-5.57455117e-05
-7.02115284e-05
-8.44921938e-05
-9.80334156e-05
-1.10281901e-04
-1.20767045e-04
-1.29138131e-04
-1.35140946e-04
-1.38649150e-04
-1.39679092e-04
-1.38356324e-04
-1.34858870e-04
-1.29368864e-04
-1.22078010e-04
-1.13190343e-04
-1.02864348e-04
-9.11997766e-05
-7.82708736e-05
-6.41649592e-05
-4.89906332e-05
-3.28783425e-05
-1.59870972e-05
1.49362190e-06
1.93262151e-05
3.71930291e-05
5.47391071e-05
7.16336828e-05
8.75513161e-05
1.02128376e-04
1.14949781e-04
1.25578108e-04
1.33617438e-04
1.38756491e-04
1.40804471e-04
1.39716609e-04
1.35569598e-04
1.28522565e-04
1.18789375e-04
1.06582497e-04
9.20693368e-05
7.54379664e-05
5.69917165e-05
3.71853832e-05
1.66242086e-05
-3.99873270e-06
-2.39850293e-05
-4.26777494e-05
-5.94495972e-05
-7.37186844e-05
-8.49836091e-05
-9.28338259e-05
-9.69543176e-05
-9.71635625e-05
-9.34566311e-05
-8.60248410e-05
-7.52655639e-05
-6.17595866e-05
-4.62146292e-05
-2.94327375e-05
-1.22565598e-05
4.47882798e-06
1.99801689e-05
3.35513102e-05
4.46458667e-05
5.28799520e-05
5.80319596e-05
6.00232277e-05
5.89288073e-05
5.49748804e-05
4.85003301e-05
3.99199087e-05
2.97116385e-05
1.83836303e-05
6.44953947e-06
-5.58123609e-06
-1.72297457e-05
-2.80829716e-05
-3.78032229e-05
-4.61318586e-05
-5.28847246e-05
-5.79425317e-05
-6.12526601e-05
-6.28200271e-05
-6.27186708e-05
-6.10891979e-05
-5.81088603e-05
-5.39653331e-05
-4.88730945e-05
-4.30525273e-05
-3.66787197e-05
-2.98935149e-05
-2.28390613e-05
-1.56486027e-05
-8.42454503e-06
-1.25298190e-06
5.76516215e-06
1.25157297e-05
1.89024121e-05
2.48545782e-05
3.02976649e-05
3.51451844e-05
3.93277573e-05
4.28185384e-05
4.56403819e-05
4.78423176e-05
4.94767537e-05
5.05859220e-05
5.11785645e-05
5.12298942e-05
5.07002258e-05
4.95648704e-05
4.78230023e-05
4.54834769e-05
4.25540799e-05
3.90518020e-05
3.50148137e-05
3.05047304e-05
2.56153725e-05
2.04613007e-05
1.51758495e-05
9.91086794e-06
4.83491806e-06
1.08548308e-07
-4.13237674e-06
-7.78681450e-06
-1.07940270e-05
-1.31213944e-05
-1.47659583e-05
-1.57632631e-05
-1.61964112e-05
-1.61824889e-05
-1.58815825e-05
-1.54888952e-05
-1.51898324e-05
-1.51367356e-05
-1.54486835e-05
-1.62087825e-05
-1.74552024e-05
-1.91779324e-05
-2.13251168e-05
-2.38153185e-05
-2.65453053e-05
-2.93906906e-05
-3.22107723e-05
-3.48703337e-05
-3.72370488e-05
-3.91458720e-05
-4.03949124e-05
-4.07821268e-05
-4.01371851e-05
-3.83377685e-05
-3.53090358e-05
-3.10196403e-05
-2.55059254e-05
-1.88826900e-05
-1.13303893e-05
-3.08327989e-06
5.59195942e-06
1.44089859e-05
2.30672744e-05
3.12657899e-05
3.87131086e-05
4.51300422e-05
5.02576487e-05
5.38717962e-05
5.57873945e-05
5.58748230e-05
5.40869760e-05
5.04774105e-05
4.52040983e-05
3.85120781e-05
3.07108628e-05
2.21521931e-05
1.32148386e-05
4.30370292e-06
-4.17128174e-06
-1.18223631e-05
-1.83016629e-05
-2.33069253e-05
-2.65911117e-05
-2.79827738e-05
-2.74118826e-05
-2.49312719e-05
-2.07099682e-05
-1.50248361e-05
-8.24630949e-06
-8.08703597e-07
6.81754513e-06
1.41481851e-05
2.07094953e-05
2.60601812e-05
2.98143417e-05
3.16697380e-05
3.14231647e-05
2.89737430e-05
2.43349551e-05
1.76394378e-05
9.14224639e-06
-7.86684597e-07
-1.17042642e-05
-2.31345288e-05
-3.45746174e-05
-4.55070253e-05
-5.54093366e-05
-6.37824069e-05
-7.01957532e-05
-7.43145470e-05
-7.59021325e-05
-7.48363281e-05
-7.11289980e-05
-6.49150416e-05
-5.64277023e-05
-4.59812954e-05
-3.39455838e-05
-2.07274019e-05
-6.76839721e-06
7.45593368e-06
2.14491624e-05
3.47100705e-05
4.67568508e-05
5.71571202e-05
-5.20085321e-06
-5.92720103e-06
-6.53949992e-06
-7.02814206e-06
-7.38652182e-06
-7.61141078e-06
-7.70321089e-06
-7.66604857e-06
-7.50772127e-06
-7.23951462e-06
-6.87587062e-06
-6.43390305e-06
-5.93277890e-06
-5.39298993e-06
-4.83552958e-06
-4.28099945e-06
-3.74869757e-06
-3.25574958e-06
-2.81633977e-06
-2.44109579e-06
-2.13666715e-06
-1.90550351e-06
-1.74586244e-06
-1.65204715e-06
-1.61482268e-06
-1.62197193e-06
-1.65896756e-06
-1.70973523e-06
-1.75750627e-06
-1.78570958e-06
-1.77883007e-06
-1.72319359e-06
-1.60763516e-06
-1.42401238e-06
-1.16754892e-06
-8.37005341e-07
-4.34677867e-07
3.37784227e-08
5.59680060e-07
1.13176137e-06
1.73668931e-06
2.35962338e-06
2.98481052e-06
3.59621082e-06
4.17814633e-06
4.71593920e-06
5.19647149e-06
5.60859808e-06
5.94339890e-06
6.19427956e-06
6.35694836e-06
6.42932449e-06
6.41139646e-06
6.30506083e-06
6.11395679e-06
5.84328968e-06
5.49965498e-06
5.09086018e-06
4.62573984e-06
4.11395186e-06
3.56574709e-06
2.99172945e-06
2.40260447e-06
1.80890446e-06
1.22071232e-06
6.48262906e-07
1.05941899e-07
-3.87828797e-07
-8.10590172e-07
-1.12719932e-06
-1.28560940e-06
-1.20899214e-06
-7.89940239e-07
7.44987624e-08
1.45352294e-06
3.36858521e-06
5.78501017e-06
8.62149365e-06
1.17435298e-05
1.49692559e-05
1.80745240e-05
2.07693012e-05
2.27011895e-05
2.34756917e-05
2.27079027e-05
2.00682717e-05
1.53107500e-05
8.30154190e-06
-9.59483084e-07
-1.23316612e-05
-2.54937762e-05
-3.99452490e-05
-5.50345386e-05
-6.99735626e-05
-8.38956963e-05
-9.59265878e-05
-1.05254500e-04
-1.11157943e-04
-1.13036742e-04
-1.10479465e-04
-1.03290421e-04
-9.15142081e-05
-7.54468412e-05
-5.56057499e-05
-3.27150753e-05
-7.65385893e-06
1.86162552e-05
4.50782491e-05
7.06484275e-05
9.42305380e-05
1.14790350e-04
1.31168821e-04
1.41977571e-04
1.45738923e-04
1.41170123e-04
1.27865601e-04
1.06405263e-04
7.79936191e-05
4.45116712e-05
8.44612205e-06
-2.75477568e-05
-6.08392765e-05
-8.86848642e-05
-1.08121278e-04
-1.16163329e-04
-1.10103865e-04
-8.78613076e-05
-4.82595907e-05
8.62201864e-06
8.13335506e-05
1.67038467e-04
2.61601886e-04
3.59852906e-04
4.55773202e-04
5.42798771e-04
6.14224857e-04
6.63726598e-04
6.85780556e-04
6.75969813e-04
6.31238079e-04
5.50290766e-04
4.33763666e-04
2.84299300e-04
1.06481443e-04
-9.33877992e-05
-3.07694228e-04
-5.28073083e-04
-7.45745026e-04
-9.51762236e-04
-1.13745889e-03
-1.29490831e-03
-1.41717733e-03
-1.49858856e-03
-1.53499914e-03
-1.52406781e-03
-1.46537730e-03
-1.36044337e-03
-1.21252056e-03
-1.02637772e-03
-8.08164128e-04
-5.65109377e-04
-3.05267523e-04
-3.72896123e-05
2.30007667e-04
4.88139153e-04
7.29330217e-04
9.46699244e-04
1.13439633e-03
1.28788126e-03
1.40420133e-03
1.48192103e-03
1.52085111e-03
1.52203821e-03
1.48776638e-03
1.42128871e-03
1.32663307e-03
1.20844111e-03
1.07184875e-03
9.22185398e-04
7.64606094e-04
6.03943738e-04
4.44646032e-04
2.90646524e-04
1.45224459e-04
1.10238269e-05
-1.09971030e-04
-2.16529701e-04
-3.08160062e-04
-3.84990356e-04
-4.47569476e-04
-4.96718864e-04
-5.33518798e-04
-5.59347248e-04
-5.75820821e-04
-5.84662835e-04
-5.87541987e-04
-5.85929796e-04
-5.81015377e-04
-5.73728876e-04
-5.64796160e-04
-5.54748295e-04
-5.43950949e-04
-5.32591555e-04
-5.20654223e-04
-5.07989088e-04
-4.94308097e-04
-4.79209689e-04
-4.62268108e-04
-4.43088548e-04
-4.21257292e-04
-3.96319192e-04
-3.67860165e-04
-3.35536672e-04
-2.99091663e-04
-2.58408018e-04
-2.13580676e-04
-1.64961861e-04
-1.13099683e-04
-5.86800788e-05
-2.55059170e-06
5.43474316e-05
1.11028276e-04
1.66489161e-04
2.19774002e-04
2.70042165e-04
3.16582300e-04
3.58755292e-04
3.95995776e-04
4.27894257e-04
4.54146516e-04
4.74504450e-04
4.88780570e-04
4.96832906e-04
4.98636784e-04
4.94360021e-04
4.84288123e-04
4.68726400e-04
4.48007361e-04
4.22527651e-04
3.92723090e-04
3.59103552e-04
3.22249059e-04
2.82746251e-04
2.41170715e-04
1.98122433e-04
1.54266623e-04
1.10252340e-04
6.66150538e-05
2.37317349e-05
-1.81850807e-05
-5.89528900e-05
-9.83241943e-05
-1.35992867e-04
-1.71596943e-04
-2.04790050e-04
-2.35287909e-04
-2.62836628e-04
-2.87223883e-04
-3.08215106e-04
-3.25411336e-04
-3.38291600e-04
-3.46348714e-04
-3.49166080e-04
-3.46469011e-04
-3.38148857e-04
-3.24259483e-04
-3.05052688e-04
-2.80955282e-04
-2.52495877e-04
-2.20283986e-04
-1.85035406e-04
-1.47573600e-04
-1.08819900e-04
-6.97815077e-05
-3.15448624e-05
4.79112163e-06
3.82307879e-05
6.79389194e-05
9.32337401e-05
1.13616228e-04
1.28788815e-04
1.38651982e-04
1.43283898e-04
1.42913471e-04
1.37951966e-04
1.29026485e-04
1.16927567e-04
1.02518912e-04
8.66662656e-05
7.02384945e-05
5.40995020e-05
3.90614095e-05
2.58961853e-05
1.53228067e-05
7.89400491e-06
3.93684669e-06
3.56615822e-06
6.71861021e-06
1.31929183e-05
2.26684825e-05
3.46675185e-05
4.85763229e-05
6.36898243e-05
7.92423197e-05
9.44212030e-05
1.08386755e-04
1.20329977e-04
1.29533349e-04
1.35408193e-04
1.37508457e-04
1.35555864e-04
1.29471938e-04
1.19340808e-04
1.05343864e-04
8.77687543e-05
6.70843185e-05
4.39589732e-05
1.91899233e-05
-6.35203614e-06
-3.17593127e-05
-5.61362482e-05
-7.86486531e-05
-9.85483342e-05
-1.15166270e-04
-1.27947417e-04
-1.36528926e-04
-1.40803140e-04
-1.40910377e-04
-1.37159104e-04
-1.29959764e-04
-1.19820672e-04
-1.07347509e-04
-9.32034773e-05
-7.80606187e-05
-6.25432037e-05
-4.71934868e-05
-3.24742016e-05
-1.88215814e-05
-6.66307139e-06
3.62963032e-06
1.17800290e-05
1.75929477e-05
2.09372094e-05
2.17470921e-05
2.00677233e-05
1.61169155e-05
1.03032903e-05
3.17824560e-06
-4.63747949e-06
-1.25277398e-05
-1.99446730e-05
-2.64195535e-05
-3.15613080e-05
-3.50628999e-05
-3.66902259e-05
-3.62850747e-05
-3.37879370e-05
-2.92400927e-05
-2.27461959e-05
-1.44229005e-05
-4.38692265e-06
7.20940540e-06
2.01444101e-05
3.41189408e-05
4.87259713e-05
6.34343418e-05
7.76307184e-05
9.06695217e-05
1.01910584e-04
1.10749660e-04
1.16660658e-04
1.19240109e-04
1.18221969e-04
1.13494446e-04
1.05111371e-04
9.32960784e-05
7.84240214e-05
6.09809812e-05
4.15272312e-05
2.07019596e-05
-8.05960970e-07
-2.23061349e-05
-4.31292950e-05
-6.26167488e-05
-8.01203915e-05
-9.50402484e-05
-1.06840604e-04
-1.15068337e-04
-1.19379242e-04
-1.19579695e-04
-1.15659229e-04
-1.07784067e-04
-9.62738017e-05
-8.15848629e-05
-6.43151749e-05
-4.51817906e-05
-2.49989954e-05
-4.65938689e-06
1.49265924e-05
3.28864473e-05
4.84346355e-05
6.09029289e-05
6.97658929e-05
7.46840312e-05
7.55300015e-05
7.23801320e-05
6.55019211e-05
5.53486518e-05
4.25269283e-05
2.77465025e-05
1.17750858e-05
-4.57553280e-06
-2.04748303e-05
-3.51241866e-05
-4.78157429e-05
-5.79863523e-05
-6.52489800e-05
-6.93873600e-05
-7.03253438e-05
-6.81070849e-05
-6.28846381e-05
-5.49049415e-05
-4.45040140e-05
-3.20999875e-05
-1.81903945e-05
-3.33514720e-06
1.18615863e-05
2.67585991e-05
4.06964173e-05
5.30415118e-05
6.32388774e-05
7.08541840e-05
7.55913822e-05
7.73018943e-05
7.59785088e-05
7.17273525e-05
6.47497187e-05
5.53592382e-05
4.39900731e-05
3.11785226e-05
1.75329138e-05
3.68705434e-06
-9.73576217e-06
-2.21511724e-05
-3.30451793e-05
-4.20027352e-05
-4.87054581e-05
-5.29284885e-05
-5.45523875e-05
-5.35701603e-05
-5.00868896e-05
-4.43228889e-05
-3.66129558e-05
-2.73663304e-05
-1.70205508e-05
-6.01563336e-06
5.21799188e-06
1.62678418e-05
2.67534988e-05
3.63390773e-05
4.47184730e-05
5.16008321e-05
5.67241225e-05
5.98797733e-05
6.09156502e-05
5.97412097e-05
5.63224837e-05
5.06889780e-05
4.29370267e-05
3.32232693e-05
2.17699064e-05
8.88036733e-06
-5.05469034e-06
-1.95543186e-05
-3.40569461e-05
-4.79546642e-05
-6.06351483e-05
-7.15171150e-05
-8.00826568e-05
-8.59092038e-05
-8.86981586e-05
-8.82969569e-05
-8.47008158e-05
-7.80404893e-05
-6.85748638e-05
-5.66831635e-05
-4.28543763e-05
-2.76753924e-05
-1.18181681e-05
3.98980578e-06
1.90216550e-05
3.26256476e-05
4.42827306e-05
5.36265139e-05
6.04328060e-05
6.46034871e-05
6.61464434e-05
6.51633583e-05
6.18524919e-05
5.65123445e-05
4.95332589e-05
4.13753479e-05
3.25458011e-05
2.35704327e-05
1.49657006e-05
7.19918020e-06
6.47945742e-07
-4.42439580e-06
-7.87197443e-06
-9.65615379e-06
-9.84098743e-06
-8.58766046e-06
1.21902632e-05
1.51560521e-05
1.78571075e-05
2.02776387e-05
2.24077332e-05
2.42430185e-05
2.57841473e-05
2.70361523e-05
2.80076980e-05
2.87102714e-05
2.91573567e-05
2.93636415e-05
2.93442508e-05
2.91140454e-05
2.86870362e-05
2.80759124e-05
2.72917037e-05
2.63436055e-05
2.52389858e-05
2.39835521e-05
2.25816542e-05
2.10367055e-05
1.93516967e-05
1.75297660e-05
1.55747951e-05
1.34920123e-05
1.12885713e-05
8.97407071e-06
6.56100293e-06
4.06511128e-06
1.50560424e-06
-1.09483723e-06
-3.71027856e-06
-6.31194741e-06
-8.86879013e-06
-1.13481146e-05
-1.37163117e-05
-1.59396776e-05
-1.79853134e-05
-1.98220212e-05
-2.14211442e-05
-2.27573501e-05
-2.38093600e-05
-2.45606248e-05
-2.49999207e-05
-2.51218131e-05
-2.49269102e-05
-2.44218792e-05
-2.36192770e-05
-2.25372059e-05
-2.11987951e-05
-1.96315021e-05
-1.78662820e-05
-1.59366894e-05
-1.38779420e-05
-1.17259889e-05
-9.51664169e-06
-7.28483322e-06
-5.06397201e-06
-2.88534198e-06
-7.77563633e-07
1.23385230e-06
3.12682942e-06
4.88293456e-06
6.48748979e-06
7.92957365e-06
9.20191844e-06
1.03007507e-05
1.12255711e-05
1.19788625e-05
1.25657234e-05
1.29923090e-05
1.32615731e-05
1.33806358e-05
1.33618021e-05
1.31821829e-05
1.27827293e-05
1.21236225e-05
1.11866934e-05
9.99774166e-06
8.61244605e-06
7.11654595e-06
5.60741873e-06
4.20557581e-06
3.10853106e-06
2.62562581e-06
3.14520239e-06
5.06357349e-06
8.67501088e-06
1.41109451e-05
2.12515327e-05
2.96894094e-05
3.87747497e-05
4.76881342e-05
5.55023233e-05
6.12745862e-05
6.41311342e-05
6.32666257e-05
5.80725715e-05
4.82320350e-05
3.36825541e-05
1.46787129e-05
-8.14049809e-06
-3.38128780e-05
-6.11273391e-05
-8.87231563e-05
-1.15172370e-04
-1.39048107e-04
-1.59050272e-04
-1.74076135e-04
-1.83294798e-04
-1.86177431e-04
-1.82563914e-04
-1.72692661e-04
-1.57123312e-04
-1.36651779e-04
-1.12174061e-04
-8.46202431e-05
-5.49567629e-05
-2.42001093e-05
6.65139021e-06
3.66596433e-05
6.48896509e-05
9.03871616e-05
1.11466822e-04
1.26216669e-04
1.33344369e-04
1.32448250e-04
1.24745383e-04
1.12769207e-04
9.80622536e-05
8.17816398e-05
6.70692233e-05
5.87961707e-05
6.13739523e-05
7.87303665e-05
1.13362235e-04
1.66216971e-04
2.36775142e-04
3.22513527e-04
4.18978927e-04
5.20007968e-04
6.18242941e-04
7.05396033e-04
7.72647007e-04
8.11769742e-04
8.15541966e-04
7.78359828e-04
6.96582574e-04
5.68869297e-04
3.96303187e-04
1.82723493e-04
-6.54734474e-05
-3.39767650e-04
-6.29811184e-04
-9.23757271e-04
-1.20868381e-03
-1.47162985e-03
-1.70041340e-03
-1.88392266e-03
-2.01259510e-03
-2.07897734e-03
-2.07824309e-03
-2.00836619e-03
-1.87001125e-03
-1.66669407e-03
-1.40478675e-03
-1.09310683e-03
-7.42357433e-04
-3.64644422e-04
2.69064811e-05
4.18833021e-04
7.98034111e-04
1.15217091e-03
1.47002664e-03
1.74204633e-03
1.96079745e-03
2.12118767e-03
2.22041914e-03
2.25792192e-03
2.23536830e-03
2.15647377e-03
2.02660489e-03
1.85247027e-03
1.64190346e-03
1.40336970e-03
1.14555291e-03
8.77113833e-04
6.06370969e-04
3.41003452e-04
8.78691779e-05
-1.47115300e-04
-3.59098359e-04
-5.44466177e-04
-7.01003726e-04
-8.27841675e-04
-9.25247732e-04
-9.94369874e-04
-1.03716176e-03
-1.05639366e-03
-1.05536741e-03
-1.03752542e-03
-1.00626997e-03
-9.64927196e-04
-9.16642183e-04
-8.64266872e-04
-8.10252791e-04
-7.56617879e-04
-7.04958477e-04
-6.56377579e-04
-6.11379551e-04
-5.69916402e-04
-5.31451126e-04
-4.94998202e-04
-4.59272090e-04
-4.22898361e-04
-3.84630405e-04
-3.43500469e-04
-2.98733392e-04
-2.49747291e-04
-1.96243689e-04
-1.38255315e-04
-7.61877195e-05
-1.07353718e-05
5.72417771e-05
1.26713520e-04
1.96464302e-04
2.65116803e-04
3.31185196e-04
3.93177130e-04
4.49655885e-04
4.99317973e-04
5.41089524e-04
5.74207190e-04
5.98225325e-04
6.13006710e-04
6.18671443e-04
6.15574648e-04
6.04279280e-04
5.85514621e-04
5.60122002e-04
5.29054944e-04
4.93400010e-04
4.54337302e-04
4.13039302e-04
3.70605974e-04
3.28017310e-04
2.86076182e-04
2.45399147e-04
2.06428673e-04
1.69446515e-04
1.34573290e-04
1.01800297e-04
7.10212419e-05
4.19766029e-05
1.42207681e-05
-1.27767348e-05
-3.95107582e-05
-6.64076253e-05
-9.37902735e-05
-1.21856817e-04
-1.50645004e-04
-1.80032861e-04
-2.09745177e-04
-2.39342370e-04
-2.68275549e-04
-2.95928351e-04
-3.21660072e-04
-3.44837023e-04
-3.64831344e-04
-3.81019885e-04
-3.92801463e-04
-3.99655485e-04
-4.01198285e-04
-3.97234211e-04
-3.87752862e-04
-3.72922166e-04
-3.53055552e-04
-3.28567295e-04
-2.99919264e-04
-2.67607395e-04
-2.32211368e-04
-1.94416848e-04
-1.54965651e-04
-1.14619209e-04
-7.41218367e-05
-3.41674447e-05
4.60848990e-06
4.16102283e-05
7.62902413e-05
1.08192804e-04
1.36970727e-04
1.62334919e-04
1.84045581e-04
2.01954463e-04
2.16035440e-04
2.26377506e-04
2.33130887e-04
2.36464296e-04
2.36576330e-04
2.33728092e-04
2.28299628e-04
2.20793541e-04
2.11793548e-04
2.01883021e-04
1.91586870e-04
1.81368893e-04
1.71615754e-04
1.62605918e-04
1.54478735e-04
1.47222807e-04
1.40710889e-04
1.34715815e-04
1.28927755e-04
1.22981388e-04
1.16490936e-04
1.09045485e-04
1.00201235e-04
8.95457998e-05
7.67561008e-05
6.16161959e-05
4.40202775e-05
2.40025618e-05
1.77461036e-06
-2.23097637e-05
-4.78121707e-05
-7.42234041e-05
-1.00933654e-04
-1.27236175e-04
-1.52388979e-04
-1.75659210e-04
-1.96363555e-04
-2.13886909e-04
-2.27692909e-04
-2.37364984e-04
-2.42625293e-04
-2.43336377e-04
-2.39516524e-04
-2.31323261e-04
-2.19043075e-04
-2.03122336e-04
-1.84205473e-04
-1.63083636e-04
-1.40579351e-04
-1.17460333e-04
-9.44051090e-05
-7.20141761e-05
-5.07781286e-05
-3.10407291e-05
-1.29925591e-05
3.31293060e-06
1.79413527e-05
3.10398640e-05
4.27797069e-05
5.33153062e-05
6.27524895e-05
7.11381364e-05
7.84588658e-05
8.46842284e-05
8.98321494e-05
9.39818409e-05
9.72165705e-05
9.96046748e-05
1.01190395e-04
1.02007536e-04
1.02125576e-04
1.01665236e-04
1.00794685e-04
9.96927594e-05
9.85021547e-05
9.72890263e-05
9.60397341e-05
9.46776166e-05
9.30848821e-05
9.11229450e-05
8.86485636e-05
8.55315283e-05
8.16466666e-05
7.68525924e-05
7.09992434e-05
6.39401106e-05
5.55512939e-05
4.57589573e-05
3.45735216e-05
2.20965478e-05
8.50956686e-06
-5.90818853e-06
-2.07980193e-05
-3.57842427e-05
-5.05199379e-05
-6.46819277e-05
-7.79418665e-05
-8.99622060e-05
-1.00425946e-04
-1.09047951e-04
-1.15569422e-04
-1.19781528e-04
-1.21566129e-04
-1.20912138e-04
-1.17929383e-04
-1.12821929e-04
-1.05853709e-04
-9.73231017e-05
-8.75336360e-05
-7.67786278e-05
-6.53363873e-05
-5.34755538e-05
-4.14302379e-05
-2.93861735e-05
-1.74823910e-05
-5.83976134e-06
5.40427410e-06
1.61048681e-05
2.61371556e-05
3.53982056e-05
4.37922445e-05
5.12093289e-05
5.75201506e-05
6.25961028e-05
6.63389341e-05
6.87011675e-05
6.96751061e-05
6.92752326e-05
6.75605650e-05
6.46624957e-05
6.07772781e-05
5.61451674e-05
5.10229705e-05
4.56595341e-05
4.02834741e-05
3.51070989e-05
3.03144351e-05
2.60345928e-05
2.23335141e-05
1.92183656e-05
1.66524095e-05
1.45702436e-05
1.28892966e-05
1.15160292e-05
1.03332966e-05
9.20031385e-06
7.97283105e-06
6.53465160e-06
4.80448921e-06
2.72392741e-06
2.55153936e-07
-2.61029687e-06
-5.83438608e-06
-9.32479164e-06
-1.29409719e-05
-1.65085046e-05
-1.98442931e-05
-2.27929008e-05
-2.52461638e-05
-2.71499607e-05
-2.84994319e-05
-2.93328228e-05
-2.97222659e-05
-2.97621003e-05
-2.95498260e-05
-2.91630866e-05
-2.86543293e-05
-2.80619101e-05
-2.74178022e-05
-2.67480781e-05
-2.60526043e-05
-2.52818607e-05
-2.43386184e-05
-2.31119658e-05
-2.15149375e-05
-1.94927349e-05
-1.70255479e-05
-1.41147250e-05
-1.07628036e-05
-6.97225985e-06
-2.75719852e-06
1.83233588e-06
6.69827600e-06
1.17106823e-05
1.67275385e-05
2.15957837e-05
2.61518453e-05
3.02289029e-05
3.36707445e-05
3.63504466e-05
3.81806396e-05
3.90977562e-05
3.90611930e-05
3.80670602e-05
3.61602642e-05
3.34215268e-05
2.99512351e-05
2.58706437e-05
2.13275739e-05
1.64805783e-05
1.14696287e-05
6.39922683e-06
1.34551002e-06
-3.61980176e-06
-8.41298538e-06
-1.29364291e-05
-1.70775441e-05
-2.07219264e-05
-2.37625480e-05
-2.61050980e-05
-2.76757841e-05
-2.84171081e-05
-2.82927318e-05
-2.72970946e-05
-2.54502127e-05
-2.27864276e-05
-1.93543568e-05
1.01965772e-05
8.42184714e-06
6.55074640e-06
4.60429471e-06
2.60625334e-06
5.82790869e-07
-1.43798513e-06
-3.42665015e-06
-5.35324760e-06
-7.18820313e-06
-8.90327216e-06
-1.04724494e-05
-1.18727916e-05
-1.30851350e-05
-1.40946910e-05
-1.48914944e-05
-1.54706834e-05
-1.58326120e-05
-1.59827418e-05
-1.59312751e-05
-1.56925613e-05
-1.52843322e-05
-1.47268186e-05
-1.40418244e-05
-1.32518006e-05
-1.23789412e-05
-1.14443612e-05
-1.04673991e-05
-9.46505633e-06
-8.45159953e-06
-7.43834227e-06
-6.43361765e-06
-5.44293908e-06
-4.46929987e-06
-3.51356566e-06
-2.57493950e-06
-1.65150908e-06
-7.40848076e-07
1.59386274e-07
1.05091473e-06
1.93440573e-06
2.80916809e-06
3.67295464e-06
4.52186246e-06
5.35035602e-06
6.15140158e-06
6.91667074e-06
7.63681412e-06
8.30180557e-06
8.90133288e-06
9.42521052e-06
9.86378001e-06
1.02082515e-05
1.04509710e-05
1.05856080e-05
1.06072776e-05
1.05126350e-05
1.02999330e-05
9.96906860e-06
9.52165793e-06
8.96109789e-06
8.29257789e-06
7.52304205e-06
6.66110595e-06
5.71693806e-06
4.70209993e-06
3.62934828e-06
2.51242159e-06
1.36582206e-06
2.04611915e-07
-9.55809615e-07
-2.09995954e-06
-3.21254899e-06
-4.27878868e-06
-5.28469046e-06
-6.21732387e-06
-7.06620738e-06
-7.82651705e-06
-8.49972679e-06
-9.10181264e-06
-9.67554847e-06
-1.02872145e-05
-1.10048258e-05
-1.19059166e-05
-1.31045777e-05
-1.47356474e-05
-1.69444389e-05
-1.98887579e-05
-2.36545958e-05
-2.81219499e-05
-3.28942246e-05
-3.73482068e-05
-4.07351370e-05
-4.22333277e-05
-4.10083620e-05
-3.63099655e-05
-2.75914850e-05
-1.45631675e-05
2.80146756e-06
2.42124895e-05
4.90278178e-05
7.62629143e-05
1.04662119e-04
1.32690344e-04
1.58498857e-04
1.80077209e-04
1.95462448e-04
2.02927456e-04
2.00996885e-04
1.88504295e-04
1.64897526e-04
1.30404902e-04
8.59370849e-05
3.29430082e-05
-2.66414306e-05
-9.03668974e-05
-1.55363625e-04
-2.18576125e-04
-2.76956485e-04
-3.27593310e-04
-3.67854761e-04
-3.95531111e-04
-4.08950139e-04
-4.07058504e-04
-3.89457154e-04
-3.56461123e-04
-3.09086450e-04
-2.48991773e-04
-1.78399234e-04
-9.99879706e-05
-1.67916728e-05
6.79236873e-05
1.50782141e-04
2.28438630e-04
2.97870305e-04
3.56580328e-04
4.02576023e-04
4.34160374e-04
4.49924547e-04
4.48682653e-04
4.29631557e-04
3.93240293e-04
3.41967266e-04
2.80256933e-04
2.13675045e-04
1.47586234e-04
8.64658715e-05
3.37331298e-05
-8.04156374e-06
-3.71625283e-05
-5.30717883e-05
-5.63881248e-05
-4.88089716e-05
-3.30165432e-05
-1.25003759e-05
8.73937789e-06
2.67121361e-05
3.77687914e-05
3.88152878e-05
2.75732479e-05
2.72381798e-06
-3.60159451e-05
-8.78756210e-05
-1.51042789e-04
-2.22809234e-04
-2.99840748e-04
-3.78220957e-04
-4.53584556e-04
-5.21414328e-04
-5.77374183e-04
-6.17672820e-04
-6.39099514e-04
-6.39066146e-04
-6.15968206e-04
-5.69391847e-04
-5.00074480e-04
-4.09725279e-04
-3.00832033e-04
-1.76718464e-04
-4.15168629e-05
1.00078670e-04
2.43070378e-04
3.82388616e-04
5.13027617e-04
6.30268294e-04
7.29975567e-04
8.08791136e-04
8.64255100e-04
8.94844484e-04
8.99954902e-04
8.79914488e-04
8.35905602e-04
7.69870527e-04
6.84546656e-04
5.83409185e-04
4.70357407e-04
3.49337083e-04
2.24166322e-04
9.86676418e-05
-2.33298625e-05
-1.38363570e-04
-2.43655385e-04
-3.37041949e-04
-4.16701035e-04
-4.81172845e-04
-5.29614200e-04
-5.62012282e-04
-5.79112352e-04
-5.82127151e-04
-5.72530714e-04
-5.52034554e-04
-5.22557492e-04
-4.86119510e-04
-4.44741563e-04
-4.00402561e-04
-3.54938752e-04
-3.09948948e-04
-2.66728032e-04
-2.26218979e-04
-1.89015737e-04
-1.55434811e-04
-1.25541307e-04
-9.91317653e-05
-7.57764308e-05
-5.48684230e-05
-3.56765972e-05
-1.73894337e-05
8.57348296e-07
1.98886835e-05
4.03362451e-05
6.25900677e-05
8.68153869e-05
1.12887127e-04
1.40396058e-04
1.68750199e-04
1.97240880e-04
2.25057697e-04
2.51326295e-04
2.75167857e-04
2.95722969e-04
3.12197118e-04
3.23918097e-04
3.30346181e-04
3.31092028e-04
3.25963311e-04
3.15009663e-04
2.98533431e-04
2.77055890e-04
2.51306280e-04
2.22219949e-04
1.90831470e-04
1.58146758e-04
1.25123953e-04
9.27107548e-05
6.18118698e-05
3.31645098e-05
7.25948747e-06
-1.56512749e-05
-3.55154602e-05
-5.24275667e-05
-6.65996405e-05
-7.83689282e-05
-8.82116125e-05
-9.66978528e-05
-1.04395918e-04
-1.11825331e-04
-1.19400314e-04
-1.27370982e-04
-1.35826356e-04
-1.44744659e-04
-1.54017908e-04
-1.63405634e-04
-1.72511041e-04
-1.80800490e-04
-1.87688993e-04
-1.92635899e-04
-1.95189257e-04
-1.94999411e-04
-1.91799553e-04
-1.85408409e-04
-1.75791344e-04
-1.63090687e-04
-1.47621694e-04
-1.29847121e-04
-1.10321790e-04
-8.96339965e-05
-6.83679881e-05
-4.70697353e-05
-2.61947428e-05
-6.10952860e-06
1.28725155e-05
3.04803163e-05
4.64996113e-05
6.07816672e-05
7.32393044e-05
8.38278955e-05
9.25516462e-05
9.94847367e-05
1.04744438e-04
1.08440246e-04
1.10654294e-04
1.11452234e-04
1.10904781e-04
1.09121617e-04
1.06243636e-04
1.02403183e-04
9.76969616e-05
9.21996241e-05
8.60093650e-05
7.92783591e-05
7.21836996e-05
6.48988647e-05
5.75989712e-05
5.04510293e-05
4.36127646e-05
3.72211897e-05
3.13659713e-05
2.60639178e-05
2.12490803e-05
1.68042124e-05
1.26011964e-05
8.55486693e-06
4.65324402e-06
9.41182707e-07
-2.48922769e-06
-5.52383214e-06
-8.05534319e-06
-1.00228348e-05
-1.14596069e-05
-1.25015149e-05
-1.33598897e-05
-1.42719825e-05
-1.54271975e-05
-1.69284067e-05
-1.88029276e-05
-2.10383207e-05
-2.36215559e-05
-2.65370898e-05
-2.97678050e-05
-3.33038866e-05
-3.71408269e-05
-4.12705967e-05
-4.56646668e-05
-5.02599885e-05
-5.49442995e-05
-5.95655464e-05
-6.39572249e-05
-6.79580722e-05
-7.14214632e-05
-7.41851690e-05
-7.60165110e-05
-7.66197083e-05
-7.57041792e-05
-7.30391429e-05
-6.84828594e-05
-6.19825761e-05
-5.35630252e-05
-4.33264637e-05
-3.14630657e-05
-1.82527259e-05
-4.03499885e-06
1.08318639e-05
2.59569495e-05
4.08794599e-05
5.50824701e-05
6.80374875e-05
7.92549926e-05
8.83264476e-05
9.49458382e-05
9.89235111e-05
1.00190541e-04
9.87890229e-05
9.48609928e-05
8.86388403e-05
8.04334518e-05
7.06185211e-05
5.96043145e-05
4.78279210e-05
3.57511947e-05
2.38370430e-05
1.24966433e-05
2.04348124e-06
-7.31533099e-06
-1.54517033e-05
-2.22702131e-05
-2.76761922e-05
-3.15638598e-05
-3.38326850e-05
-3.44263588e-05
-3.33839410e-05
-3.08614013e-05
-2.71145773e-05
-2.24578426e-05
-1.72360240e-05
-1.18149391e-05
-6.57467907e-06
-1.90185322e-06
1.84276408e-06
4.35091597e-06
5.38694819e-06
4.82750562e-06
2.69106732e-06
-8.76582225e-07
-5.64572460e-06
-1.13479095e-05
-1.76949327e-05
-2.43786526e-05
-3.10732023e-05
-3.74379430e-05
-4.31273059e-05
-4.78084002e-05
-5.11680719e-05
-5.29250966e-05
-5.28595168e-05
-5.08282282e-05
-4.67715997e-05
-4.07200321e-05
-3.28008163e-05
-2.32570466e-05
-1.24542191e-05
-8.62703473e-07
1.09761496e-05
2.24868311e-05
3.31113841e-05
4.23536645e-05
4.97967652e-05
5.51170059e-05
5.80973549e-05
5.86513957e-05
5.68422727e-05
5.28835647e-05
4.71340612e-05
4.00701856e-05
3.22503093e-05
2.42797887e-05
1.67583455e-05
1.02301430e-05
5.13982593e-06
1.78741698e-06
2.92812984e-07
6.00216417e-07
2.49927537e-06
5.64545065e-06
9.58632416e-06
1.38044041e-05
1.77659368e-05
2.09600395e-05
2.29345260e-05
2.33361782e-05
2.19322931e-05
1.86147120e-05
1.34107305e-05
6.49574620e-06
-1.82325281e-06
-1.11412297e-05
-2.09914941e-05
-3.08751241e-05
-4.02851155e-05
-4.87371484e-05
-5.58028258e-05
-6.11383116e-05
-6.44868223e-05
-6.56838654e-05
-6.46859361e-05
-6.15829547e-05
-5.65748362e-05
-4.99414194e-05
-4.20154272e-05
-3.31513475e-05
-2.37075739e-05
-1.40471929e-05
-4.52747845e-06
4.51890504e-06
1.27919742e-05
2.00271195e-05
2.60022720e-05
3.05608631e-05
3.36333453e-05
3.52370693e-05
3.54560735e-05
3.44178252e-05
3.22795312e-05
2.92289179e-05
2.54847971e-05
2.12973106e-05
1.69529334e-05
1.27734249e-05
9.08181616e-06
6.15914219e-06
4.21739371e-06
3.39687507e-06
3.77015812e-06
5.33720885e-06
8.01541369e-06
1.16301461e-05
1.59207471e-05
2.05664820e-05
2.52070206e-05
2.94476209e-05
3.28774587e-05
3.51077927e-05
3.58124263e-05
3.47434604e-05
3.17248451e-05
2.66622442e-05
1.95693746e-05
1.05946267e-05
2.96935171e-08
-1.17086699e-05
-2.41126084e-05
-3.66235586e-05
-4.86681909e-05
2.60443578e-07
7.10342611e-07
1.20065213e-06
1.71974351e-06
2.25415940e-06
2.78907621e-06
3.30886376e-06
3.79770988e-06
4.24025670e-06
4.62221358e-06
4.93092481e-06
5.15583787e-06
5.28888252e-06
5.32477125e-06
5.26118248e-06
5.09876936e-06
4.84103020e-06
4.49410861e-06
4.06652928e-06
3.56886339e-06
3.01334639e-06
2.41349698e-06
1.78373652e-06
1.13899809e-06
4.94307763e-07
-1.35676338e-07
-7.37142415e-07
-1.29759500e-06
-1.80626255e-06
-2.25442384e-06
-2.63563470e-06
-2.94583439e-06
-3.18335415e-06
-3.34881929e-06
-3.44494192e-06
-3.47621736e-06
-3.44856254e-06
-3.36889442e-06
-3.24469558e-06
-3.08360190e-06
-2.89300801e-06
-2.67967835e-06
-2.44942476e-06
-2.20691257e-06
-1.95561889e-06
-1.69794729e-06
-1.43543271e-06
-1.16898088e-06
-8.99134725e-07
-6.26384329e-07
-3.51463520e-07
-7.55920310e-08
1.99362955e-07
4.70795517e-07
7.35328719e-07
9.88844990e-07
1.22658728e-06
1.44330725e-06
1.63339207e-06
1.79121118e-06
1.91169295e-06
1.99031934e-06
2.02041697e-06
1.98933639e-06
1.87809887e-06
1.66293713e-06
1.30870089e-06
7.76365055e-07
3.39867629e-08
-9.39281814e-07
-2.12111288e-06
-3.41008517e-06
-4.59559303e-06
-5.36905483e-06
-5.37744911e-06
-4.28557501e-06
-1.79599873e-06
2.32100183e-06
8.15158734e-06
1.55917488e-05
2.43415707e-05
3.39035715e-05
4.35630247e-05
5.24371285e-05
5.95620042e-05
6.39672382e-05
6.47215698e-05
6.10325201e-05
5.23523077e-05
3.84149049e-05
1.92737942e-05
-4.67176150e-06
-3.26664222e-05
-6.35813110e-05
-9.59534132e-05
-1.28105726e-04
-1.58259314e-04
-1.84633405e-04
-2.05604295e-04
-2.19807855e-04
-2.26261724e-04
-2.24450071e-04
-2.14273148e-04
-1.96008816e-04
-1.70367936e-04
-1.38698186e-04
-1.02785226e-04
-6.50866612e-05
-2.89067113e-05
3.46691196e-06
3.17135411e-05
5.70740249e-05
8.17324048e-05
1.08469903e-04
1.39826063e-04
1.77928541e-04
2.24371019e-04
2.79861193e-04
3.43906084e-04
4.14883014e-04
4.90092617e-04
5.65697355e-04
6.36862869e-04
6.98095417e-04
7.43811322e-04
7.68740640e-04
7.68300188e-04
7.39091017e-04
6.78863169e-04
5.86660028e-04
4.62935939e-04
3.09525931e-04
1.29786318e-04
-7.12816292e-05
-2.87201499e-04
-5.10349904e-04
-7.32367776e-04
-9.44738665e-04
-1.13928102e-03
-1.30838310e-03
-1.44518346e-03
-1.54397049e-03
-1.60040124e-03
-1.61157454e-03
-1.57624721e-03
-1.49501764e-03
-1.37036386e-03
-1.20637652e-03
-1.00846940e-03
-7.83250383e-04
-5.38264563e-04
-2.81456491e-04
-2.06708091e-05
2.36687475e-04
4.83795667e-04
7.14439048e-04
9.23212717e-04
1.10575339e-03
1.25870434e-03
1.37962550e-03
1.46700541e-03
1.52037062e-03
1.54032856e-03
1.52846631e-03
1.48710550e-03
1.41907723e-03
1.32764546e-03
1.21646246e-03
1.08929287e-03
9.49765875e-04
8.01404156e-04
6.47571509e-04
4.91392545e-04
3.35623684e-04
1.82534003e-04
3.39229704e-05
-1.08757223e-04
-2.44317378e-04
-3.71800782e-04
-4.90336426e-04
-5.99034938e-04
-6.97038635e-04
-7.83556732e-04
-8.57858217e-04
-9.19253047e-04
-9.67162440e-04
-1.00114691e-03
-1.02083530e-03
-1.02583649e-03
-1.01579859e-03
-9.90526766e-04
-9.50113868e-04
-8.95072334e-04
-8.26370700e-04
-7.45345404e-04
-6.53670276e-04
-5.53405905e-04
-4.46929942e-04
-3.36740885e-04
-2.25307126e-04
-1.15031662e-04
-8.18195181e-06
9.32219484e-05
1.87444699e-04
2.72978453e-04
3.48506689e-04
4.12997219e-04
4.65806253e-04
5.06681143e-04
5.35684986e-04
5.53097679e-04
5.59387683e-04
5.55249758e-04
5.41594064e-04
5.19454247e-04
4.89974396e-04
4.54442751e-04
4.14290181e-04
3.71015702e-04
3.26043760e-04
2.80592451e-04
2.35677046e-04
1.92159734e-04
1.50742298e-04
1.11997477e-04
7.64285508e-05
4.44930028e-05
1.65967054e-05
-6.95860539e-06
-2.60582110e-05
-4.07878106e-05
-5.14297430e-05
-5.84013757e-05
-6.21309790e-05
-6.30445642e-05
-6.16562537e-05
-5.85890061e-05
-5.45330386e-05
-5.01984237e-05
-4.62760998e-05
-4.33911988e-05
-4.20263023e-05
-4.24754215e-05
-4.48613046e-05
-4.91979016e-05
-5.54389693e-05
-6.34696588e-05
-7.30934219e-05
-8.40392730e-05
-9.59658553e-05
-1.08424490e-04
-1.20855347e-04
-1.32649851e-04
-1.43221351e-04
-1.52048660e-04
-1.58689535e-04
-1.62807494e-04
-1.64182685e-04
-1.62696716e-04
-1.58345103e-04
-1.51216025e-04
-1.41438061e-04
-1.29138087e-04
-1.14460044e-04
-9.76047845e-05
-7.88292320e-05
-5.84462308e-05
-3.68624774e-05
-1.46070708e-05
7.70389294e-06
2.94093137e-05
4.98544505e-05
6.84365366e-05
8.46604209e-05
9.81850984e-05
1.08813409e-04
1.16483879e-04
1.21271758e-04
1.23372198e-04
1.23062742e-04
1.20646092e-04
1.16433576e-04
1.10738745e-04
1.03856092e-04
9.60508259e-05
8.75747629e-05
7.86911869e-05
6.96801798e-05
6.08316983e-05
5.24187810e-05
4.46515064e-05
3.76497059e-05
3.14510171e-05
2.60287503e-05
2.13099081e-05
1.72011015e-05
1.35945429e-05
1.03881862e-05
7.50010715e-06
4.85804393e-06
2.36076040e-06
-1.21367350e-07
-2.72128725e-06
-5.56496398e-06
-8.73548199e-06
-1.22404071e-05
-1.60295200e-05
-2.00047329e-05
-2.40264629e-05
-2.79454589e-05
-3.16237666e-05
-3.49581802e-05
-3.79104491e-05
-4.05021170e-05
-4.27747560e-05
-4.47423197e-05
-4.63670920e-05
-4.75858066e-05
-4.83517328e-05
-4.86507622e-05
-4.85059717e-05
-4.79524773e-05
-4.70150113e-05
-4.56939258e-05
-4.39828169e-05
-4.19062086e-05
-3.95297397e-05
-3.69442997e-05
-3.42528781e-05
-3.15298656e-05
-2.87670602e-05
-2.58736007e-05
-2.27303896e-05
-1.92440452e-05
-1.53477115e-05
-1.09934540e-05
-6.16711709e-06
-9.19762050e-07
4.62315506e-06
1.02955416e-05
1.59201864e-05
2.13211207e-05
2.63302999e-05
3.07963276e-05
3.45909468e-05
3.76188984e-05
3.98262849e-05
4.11826735e-05
4.16584768e-05
4.12317096e-05
3.99085692e-05
3.77392530e-05
3.48393866e-05
3.13976357e-05
2.76492050e-05
2.38298219e-05
2.01362527e-05
1.66948040e-05
1.35583552e-05
1.07315681e-05
8.18929109e-06
5.88685243e-06
3.76353383e-06
1.73389684e-06
-3.01371357e-07
-2.41777404e-06
-4.62903695e-06
-6.85427996e-06
-8.95002867e-06
-1.07506117e-05
-1.20763908e-05
-1.27588426e-05
-1.26773850e-05
-1.17652294e-05
-9.99411581e-06
-7.37713660e-06
-3.98169852e-06
6.71540345e-08
4.59967251e-06
9.40652982e-06
1.42301405e-05
1.87726105e-05
2.27003961e-05
2.56605329e-05
2.73262467e-05
2.74510047e-05
2.58939375e-05
2.26281765e-05
1.77314056e-05
1.13687086e-05
3.76730118e-06
-4.81203068e-06
-1.40901109e-05
-2.37754015e-05
-3.35639354e-05
-4.31172526e-05
-5.20466062e-05
-5.99264015e-05
-6.63288638e-05
-7.08643187e-05
-7.32072043e-05
-7.31284130e-05
-7.05353795e-05
-6.54911813e-05
-5.81967685e-05
-4.89580109e-05
-3.81445130e-05
-2.61485525e-05
-1.33680441e-05
-1.99324026e-07
1.29748020e-05
2.57806561e-05
3.78531711e-05
4.88388731e-05
5.83953907e-05
6.62089127e-05
7.20198310e-05
7.56326973e-05
7.69243533e-05
7.58492336e-05
7.24333301e-05
6.67831959e-05
5.90947160e-05
4.96534348e-05
3.88158694e-05
2.69936622e-05
1.46446304e-05
2.26330082e-06
-9.63321878e-06
-2.05201851e-05
-2.98792460e-05
-3.72274076e-05
-4.21639394e-05
-4.44197075e-05
-4.38894312e-05
-4.06371556e-05
-3.48934270e-05
-2.70439131e-05
-1.76071782e-05
-7.19736691e-06
3.52753226e-06
1.39233235e-05
2.33988177e-05
3.14439041e-05
3.76409710e-05
4.16606665e-05
4.32692293e-05
4.23486029e-05
3.89162885e-05
3.31374483e-05
2.53228609e-05
1.59174999e-05
5.47167371e-06
-5.39897069e-06
-1.60566257e-05
-2.58906469e-05
-3.43616812e-05
-4.10421221e-05
-4.56538944e-05
-4.80916565e-05
-4.84116518e-05
-4.67996637e-05
-4.35307096e-05
-3.89426563e-05
-3.34343846e-05
-2.74551516e-05
-2.14673037e-05
-1.58976667e-05
-1.11025076e-05
-7.35329568e-06
-4.82075669e-06
-3.55918877e-06
-3.49876367e-06
-4.44980704e-06
-6.11868392e-06
-8.14355173e-06
-1.01360576e-05
-1.17256150e-05
-1.25997611e-05
-1.25293464e-05
-1.13838836e-05
-9.12854764e-06
-5.81528930e-06
-1.58370127e-06
3.34571260e-06
8.71661118e-06
1.42891854e-05
1.98503188e-05
2.52100307e-05
3.02070170e-05
3.47162416e-05
3.86482417e-05
4.19405759e-05
4.45588264e-05
4.64933821e-05
4.77412728e-05
4.82991208e-05
4.81660567e-05
4.73377508e-05
4.58039996e-05
4.35571033e-05
4.05958778e-05
3.69222666e-05
3.25464978e-05
2.74915536e-05
2.17963658e-05
1.55238475e-05
8.76740125e-06
1.64860088e-06
-5.70084918e-06
-1.31568595e-05
-2.06069064e-05
1.19947165e-05
8.74284801e-06
5.47505190e-06
2.22032089e-06
-9.92930457e-07
-4.13705436e-06
-7.18537989e-06
-1.01124380e-05
-1.28942014e-05
-1.55083206e-05
-1.79343342e-05
-2.01538414e-05
-2.21506559e-05
-2.39109796e-05
-2.54235649e-05
-2.66797908e-05
-2.76736128e-05
-2.84014039e-05
-2.88617167e-05
-2.90550223e-05
-2.89834578e-05
-2.86506100e-05
-2.80613763e-05
-2.72219212e-05
-2.61397225e-05
-2.48237070e-05
-2.32844550e-05
-2.15344539e-05
-1.95883943e-05
-1.74634391e-05
-1.51794130e-05
-1.27588911e-05
-1.02271436e-05
-7.61193676e-06
-4.94319174e-06
-2.25250905e-06
4.27404142e-07
3.06333510e-06
5.62218552e-06
8.07162394e-06
1.03807547e-05
1.25207862e-05
1.44656783e-05
1.61927164e-05
1.76829815e-05
1.89217016e-05
1.98984971e-05
2.06075306e-05
2.10475424e-05
2.12217650e-05
2.11377280e-05
2.08069344e-05
2.02444320e-05
1.94683205e-05
1.84992309e-05
1.73597956e-05
1.60741174e-05
1.46672557e-05
1.31647295e-05
1.15920124e-05
9.97401644e-06
8.33460647e-06
6.69614592e-06
5.07910158e-06
3.50173526e-06
1.97989590e-06
5.26903068e-07
-8.46458415e-07
-2.13184238e-06
-3.32318907e-06
-4.41651355e-06
-5.40964115e-06
-6.30193584e-06
-7.09403496e-06
-7.78760024e-06
-8.38509960e-06
-8.88961286e-06
-9.30463212e-06
-9.63386871e-06
-9.88115219e-06
-1.00525717e-05
-1.01607198e-05
-1.02234953e-05
-1.02732854e-05
-1.03635172e-05
-1.05559274e-05
-1.09182623e-05
-1.15123235e-05
-1.23805510e-05
-1.35385958e-05
-1.49636618e-05
-1.65858632e-05
-1.82857759e-05
-1.98937859e-05
-2.12006883e-05
-2.19865979e-05
-2.20470955e-05
-2.12093545e-05
-1.93193359e-05
-1.62375370e-05
-1.18547258e-05
-6.11598907e-06
9.57848161e-07
9.26002221e-06
1.85942990e-05
2.86880945e-05
3.91961516e-05
4.97129548e-05
5.97880560e-05
6.89547477e-05
7.67596377e-05
8.27755587e-05
8.65943770e-05
8.78318059e-05
8.61561330e-05
8.13209066e-05
7.32128581e-05
6.18850568e-05
4.75567315e-05
3.06027809e-05
1.15498917e-05
-8.93294817e-06
-3.00679622e-05
-5.10127266e-05
-7.09215250e-05
-8.90095976e-05
-1.04589626e-04
-1.17092348e-04
-1.26087617e-04
-1.31301389e-04
-1.32624847e-04
-1.30125403e-04
-1.24057560e-04
-1.14829186e-04
-1.02912152e-04
-8.87802733e-05
-7.28570675e-05
-5.54661580e-05
-3.67688626e-05
-1.66054300e-05
5.27028907e-06
2.87546430e-05
5.32524820e-05
7.77923370e-05
1.01308327e-04
1.23020554e-04
1.42267838e-04
1.57984162e-04
1.68609607e-04
1.72548111e-04
1.68384556e-04
1.54822400e-04
1.30622767e-04
9.48992838e-05
4.75582006e-05
-1.04319853e-05
-7.68818306e-05
-1.48501131e-04
-2.21301637e-04
-2.90900288e-04
-3.52555810e-04
-4.01385414e-04
-4.32828845e-04
-4.43218827e-04
-4.30099684e-04
-3.92395918e-04
-3.30480749e-04
-2.46128022e-04
-1.42397493e-04
-2.34387109e-05
1.05614557e-04
2.38910936e-04
3.70305103e-04
4.93821497e-04
6.03881764e-04
6.95564684e-04
7.64918227e-04
8.09063485e-04
8.26222030e-04
8.15715196e-04
7.77962348e-04
7.14501434e-04
6.27951810e-04
5.21854785e-04
4.00380088e-04
2.68012538e-04
1.29321656e-04
-1.11361506e-05
-1.48968175e-04
-2.80172584e-04
-4.01209956e-04
-5.09043693e-04
-6.01231320e-04
-6.75922933e-04
-7.31854636e-04
-7.68312797e-04
-7.85109677e-04
-7.82612533e-04
-7.61811661e-04
-7.24286531e-04
-6.72152210e-04
-6.07838882e-04
-5.33905789e-04
-4.53038516e-04
-3.67992003e-04
-2.81500017e-04
-1.96136149e-04
-1.14181527e-04
-3.75271575e-05
3.23657752e-05
9.44473059e-05
1.47996602e-04
1.92589344e-04
2.28130274e-04
2.54909174e-04
2.73553732e-04
2.84911810e-04
2.89953140e-04
2.89673915e-04
2.85093892e-04
2.77336613e-04
2.67585446e-04
2.56951638e-04
2.46373332e-04
2.36586633e-04
2.28172175e-04
2.21540498e-04
2.16800042e-04
2.13767786e-04
2.12109746e-04
2.11457921e-04
2.11449154e-04
2.11691977e-04
2.11712972e-04
2.10920740e-04
2.08655519e-04
2.04265862e-04
1.97169136e-04
1.86940382e-04
1.73311864e-04
1.56120965e-04
1.35353884e-04
1.11122838e-04
8.35882345e-05
5.29672600e-05
1.95820931e-05
-1.60991568e-05
-5.34270537e-05
-9.16258039e-05
-1.29871612e-04
-1.67238324e-04
-2.02678620e-04
-2.35176853e-04
-2.63841683e-04
-2.87845193e-04
-3.06424125e-04
-3.18986252e-04
-3.25183191e-04
-3.24934942e-04
-3.18402760e-04
-3.05935101e-04
-2.88036438e-04
-2.65369572e-04
-2.38736726e-04
-2.08997113e-04
-1.76991117e-04
-1.43477027e-04
-1.09073974e-04
-7.42630954e-05
-3.94521574e-05
-5.07398451e-06
2.83638655e-05
6.03260952e-05
9.03041370e-05
1.17807250e-04
1.42312343e-04
1.63293360e-04
1.80289840e-04
1.92933658e-04
2.00945145e-04
2.04163163e-04
2.02583031e-04
1.96379082e-04
1.85874844e-04
1.71520031e-04
1.53930440e-04
1.33854784e-04
1.12067270e-04
8.92930188e-05
6.61743158e-05
4.32872281e-05
2.11774064e-05
3.52771545e-07
-1.87234568e-05
-3.56530842e-05
-5.01215729e-05
-6.19129320e-05
-7.09082063e-05
-7.70500421e-05
-8.02945684e-05
-8.06100157e-05
-7.80315287e-05
-7.27116643e-05
-6.49335745e-05
-5.51195091e-05
-4.37905930e-05
-3.15063929e-05
-1.88136361e-05
-6.22283007e-06
5.78557638e-06
1.67757978e-05
2.63774305e-05
3.42634996e-05
4.01334794e-05
4.37493842e-05
4.49817422e-05
4.38184107e-05
4.03607083e-05
3.47997755e-05
2.74032701e-05
1.84830917e-05
8.36736656e-06
-2.59819965e-06
-1.40565252e-05
-2.56530687e-05
-3.70272947e-05
-4.77947349e-05
-5.75208115e-05
-6.57552845e-05
-7.20834947e-05
-7.61218960e-05
-7.75140278e-05
-7.59783172e-05
-7.13937841e-05
-6.38447094e-05
-5.36136900e-05
-4.11517941e-05
-2.70449571e-05
-1.19770171e-05
3.32939641e-06
1.81402258e-05
3.17388350e-05
4.34765602e-05
5.28131864e-05
5.93457683e-05
6.28191786e-05
6.31018782e-05
6.01906861e-05
5.42557339e-05
4.56671831e-05
3.49713896e-05
2.28381410e-05
1.00174590e-05
-2.68361113e-06
-1.44622158e-05
-2.45828388e-05
-3.24113105e-05
-3.74382487e-05
-3.93001300e-05
-3.77822305e-05
-3.28239869e-05
-2.45258313e-05
-1.31541305e-05
8.48379176e-07
1.68631362e-05
3.41330768e-05
5.17870749e-05
6.88590728e-05
8.43516044e-05
9.73452563e-05
1.07086518e-04
1.13014165e-04
1.14725406e-04
1.11949057e-04
1.04559821e-04
9.26210771e-05
7.64231321e-05
5.65027753e-05
3.36269759e-05
8.73088206e-06
-1.71550885e-05
-4.29430460e-05
-6.75332248e-05
-8.98714424e-05
-1.09015355e-04
-1.24202361e-04
-1.34907020e-04
-1.40853914e-04
-1.41991507e-04
-1.38466218e-04
-1.30599722e-04
-1.18864106e-04
-1.03860386e-04
-8.62950509e-05
-6.69432912e-05
-4.66126625e-05
-2.61162709e-05
-6.25102310e-06
1.22430321e-05
2.87382243e-05
4.27735520e-05
5.40848710e-05
6.26009378e-05
6.84134321e-05
7.17394732e-05
7.28733145e-05
7.21451022e-05
6.99109113e-05
6.65432724e-05
6.24078976e-05
5.78304303e-05
5.30622749e-05
4.82867972e-05
4.36219877e-05
3.91116229e-05
3.47386965e-05
3.04522927e-05
2.61924848e-05
2.18989629e-05
1.75043553e-05
1.29405710e-05
8.15196324e-06
3.10977300e-06
-2.18520542e-06
-7.70646260e-06
-1.33906526e-05
-1.91402855e-05
-2.48502837e-05
-3.04093183e-05
-3.56943944e-05
-4.05777796e-05
-4.49347325e-05
-4.86438203e-05
-5.15816118e-05
-5.36295020e-05
-5.46823845e-05
-5.46495473e-05
-5.34598874e-05
-5.10483225e-05
-4.73503633e-05
-4.23337280e-05
-3.60219722e-05
-2.85037693e-05
-1.99370307e-05
-1.05439196e-05
-5.94861760e-07
9.59370238e-06
1.96444161e-05
2.91320986e-05
3.76254371e-05
4.47246599e-05
5.00902744e-05
5.34668168e-05
5.46946652e-05
5.37232554e-05
5.06245208e-05
4.55944236e-05
3.89322283e-05
3.10180936e-05
2.22947715e-05
1.32420661e-05
4.34820328e-06
-3.91954415e-06
-1.11372483e-05
-1.69605112e-05
-2.11659501e-05
-2.36703709e-05
-2.45133670e-05
-2.38193571e-05
-2.17722710e-05
-1.86120047e-05
-1.46314415e-05
-1.01568388e-05
-5.53133224e-06
-1.09227537e-06
2.85108087e-06
6.02870611e-06
8.22238034e-06
9.27559667e-06
9.10076603e-06
7.68912322e-06
5.11986417e-06
1.56908778e-06
-2.70723743e-06
-7.41025709e-06
-1.22170511e-05
-1.67940908e-05
-2.08254265e-05
-2.40421280e-05
-2.62458365e-05
-2.73132558e-05
-2.71900524e-05
-2.58935398e-05
-2.35183420e-05
-2.02300611e-05
-1.62441320e-05
-1.18049633e-05
-7.17600982e-06
-2.63049659e-06
1.56446585e-06
5.16162208e-06
7.95651079e-06
9.81989604e-06
1.07093318e-05
1.06587664e-05
9.77007556e-06
8.19821929e-06
6.13678987e-06
3.81333923e-06
1.47999636e-06
-5.99074715e-07
-2.15157905e-06
