-23.10100 -70.44500 0.0000 A02F
-23.45300 -70.44100 0.0000 A03F
-23.66700 -70.40100 0.0000 A04F
-22.34400 -69.65800 0.0000 A06F
-18.48000 -70.33100 0.0000 A08P
-18.48100 -70.32500 0.0000 A09P
-18.45300 -70.06700 0.0000 A12P
-22.08700 -70.19600 0.0000 A13F
-22.09300 -70.20000 0.0000 A14F
-18.35100 -70.33600 0.0000 A14P
-19.16000 -70.18000 0.0000 A16P
-18.20000 -69.56200 0.0000 A18P
-23.48900 -70.41200 0.0000 A19F
-22.45400 -68.91000 0.0000 A20F
-22.90900 -68.20100 0.0000 A22F
-25.10700 -69.52100 0.0000 A28F
-22.95200 -68.17900 0.0000 AF01
-20.27800 -69.88800 0.0000 HMBCX
-20.82100 -70.15300 0.0000 PATCX
-21.04300 -69.48700 0.0000 PB01
-21.32000 -69.89600 0.0000 PB02
-22.04800 -69.75300 0.0000 PB03
-22.70600 -69.57200 0.0000 PB06
-20.14100 -69.15300 0.0000 PB08
-21.79600 -69.24200 0.0000 PB09
-23.20800 -69.47100 0.0000 PB15
-23.90500 -69.29100 0.0000 PB19
-20.25600 -69.78600 0.0000 T07A
-19.59600 -70.21100 0.0000 T09A
-19.99500 -69.76700 0.0000 T10A
-19.31200 -69.42700 0.0000 T11A
-20.49600 -69.33700 0.0000 T13A
-20.29500 -70.12800 0.0000 T14A
-20.54000 -70.17700 0.0000 T16A
-20.27100 -70.13100 0.0000 T24A
-20.56600 -70.18100 0.0000 TA01
