1.17570900e-06
2.43026727e-06
1.54516822e-06
-3.41843508e-07
-2.01888804e-06
-3.02730975e-06
-1.83175097e-06
1.68080383e-06
3.73117871e-06
1.65180284e-06
-9.29900535e-07
-1.41932142e-06
-1.17787811e-06
-4.08474944e-07
4.87993820e-07
8.53488250e-07
1.12679695e-06
4.40976532e-07
-1.43296891e-06
-2.77926189e-06
-2.07911929e-05
-1.54105069e-04
-7.61955703e-05
7.43779743e-04
5.49271433e-04
-9.27474453e-04
-9.06188062e-04
-3.53560888e-04
4.45814323e-04
7.57669754e-04
4.41435881e-04
5.92602787e-04
4.02055624e-05
-6.64526915e-05
-2.61661740e-04
-4.04626354e-03
-3.74788679e-03
7.42584145e-03
8.27746431e-03
-4.21702294e-03
-7.46018151e-03
7.38861439e-04
1.65539588e-03
-1.50000469e-03
-4.89214528e-04
2.43902580e-03
1.95451123e-03
-1.19826532e-03
2.78914361e-04
6.47524433e-04
-4.00281493e-04
-1.50077433e-03
-1.28671702e-03
-2.50711209e-04
1.02680582e-03
1.93239360e-03
-3.19212669e-04
-6.60916257e-04
-2.30292285e-04
2.48174030e-04
7.08315414e-04
2.09375999e-04
-1.24460720e-03
-1.31353390e-03
4.32702243e-04
1.15815335e-03
2.56068048e-05
8.07278270e-04
-1.00387776e-04
-1.69142998e-03
1.03861341e-03
1.89567393e-03
-1.64720226e-03
-2.47602655e-03
2.89594458e-04
1.56703902e-03
1.07631417e-03
4.15092722e-04
-7.55363705e-04
-5.94332991e-04
-6.81464495e-05
1.50821735e-04
-7.94351261e-04
-2.98757623e-04
1.61085528e-03
8.04545451e-04
-1.46171282e-03
-2.22599030e-04
1.11214226e-03
-6.82667846e-04
-1.11156329e-03
6.44476223e-04
6.82551438e-04
-1.10377384e-03
9.10750700e-06
2.23518485e-03
6.69883558e-04
-2.40377403e-03
-1.20639912e-03
1.31810686e-03
1.27898333e-03
-1.18625873e-03
-1.56791094e-03
9.41734681e-04
1.28231381e-03
3.36034632e-04
-7.82626640e-04
9.63857711e-05
2.56715457e-04
-3.00173879e-04
-1.14478588e-03
-1.13639366e-05
1.46181932e-03
-2.36987778e-04
-4.12636074e-04
7.54472350e-04
-2.14385006e-05
-1.38297086e-03
-3.30633230e-05
8.20541358e-04
9.48112698e-04
-2.13317147e-04
-1.27869805e-03
2.28545060e-04
5.54032987e-05
-5.21382387e-04
8.74521373e-04
1.32371214e-03
1.19151349e-06
1.11016913e-06
2.23420870e-07
-7.80516756e-07
-1.16158732e-06
-4.16807899e-07
-1.75360046e-07
-9.64912761e-07
-6.13971998e-07
9.12639848e-07
1.57939985e-06
1.66962672e-06
1.09032249e-06
-9.47381404e-07
-2.59931833e-06
-1.91147858e-06
-2.44531636e-07
1.10493588e-06
2.33652274e-06
1.07505818e-06
-2.54600254e-05
-7.38135688e-05
1.80396223e-04
2.76088584e-04
-3.34940086e-04
-3.97474563e-04
1.44358462e-04
1.80456706e-04
-7.80445827e-05
2.05043250e-04
5.04803955e-04
-1.32403729e-04
-4.06910831e-04
-3.69279613e-04
-5.20288712e-04
-3.33108556e-04
1.11677359e-03
3.18279427e-03
-1.08172048e-03
-4.96968149e-03
4.48471308e-05
3.76854775e-03
6.26125152e-04
-1.04638931e-03
1.90653794e-05
-2.58666257e-04
-1.55212612e-03
3.03769810e-04
1.50814917e-03
5.48847426e-04
-4.02108936e-04
-9.31426089e-04
-2.05941531e-04
4.12197153e-04
-5.34544938e-05
-5.19566120e-05
7.95499889e-04
1.16594156e-04
-7.30988858e-04
-6.92862083e-04
-1.45004638e-06
6.85213681e-04
2.91273095e-04
6.54380051e-04
-2.18366858e-04
-9.31738620e-04
-2.47927134e-05
2.53212169e-04
-2.15127680e-04
-4.00770273e-04
5.80117882e-05
3.98739577e-04
1.36224359e-03
-3.63356721e-05
-1.47273146e-03
-9.57934204e-06
7.87164708e-04
-9.01678141e-04
-7.87095647e-04
1.18253070e-03
8.73311999e-04
-7.38419705e-04
-1.59337269e-04
7.11370458e-04
-2.00252719e-04
-8.32839841e-04
1.55740226e-04
1.46234225e-04
-7.54653862e-05
1.35455274e-05
-9.58044482e-05
2.10558539e-04
4.93370091e-04
7.75314222e-05
-2.26067308e-04
-2.38558561e-04
-2.87860408e-04
-9.55031057e-05
1.26041357e-04
1.78394972e-05
1.76945729e-04
1.69610924e-04
6.08122690e-05
-4.66651505e-05
-1.70298711e-04
-3.31663784e-05
5.68491212e-05
-1.28949088e-04
1.88139847e-04
-3.74765202e-05
-2.61126585e-04
4.90682726e-05
4.77299818e-04
-1.66410001e-04
-4.17922190e-04
1.55015407e-04
3.81892181e-04
-4.04288841e-05
-1.63118116e-04
-1.55406350e-04
-2.15309316e-04
2.33522296e-04
2.97729081e-04
-2.45336485e-04
-7.79863468e-05
3.12699410e-04
-9.82049630e-05
-1.71576221e-04
3.61343294e-08
4.62118333e-07
1.11180317e-06
9.36840078e-07
1.72127791e-07
-7.21781781e-07
-1.57721279e-06
-1.16775094e-06
3.61734356e-07
1.42714419e-06
1.03747964e-06
-2.40347214e-07
-5.71538111e-07
3.06150512e-07
2.11323384e-07
-8.05134732e-07
-1.32247433e-06
-7.82778713e-07
6.78787037e-07
1.74654690e-06
1.43324494e-06
1.93291650e-07
-6.11143911e-07
3.81172924e-06
2.60423196e-05
-2.65499205e-05
-5.48158286e-05
-2.80323110e-05
3.67719913e-05
7.42637900e-05
8.50655924e-05
5.23558031e-05
-8.93317388e-05
-1.26824826e-04
-8.99046730e-05
-2.11719106e-05
6.51603535e-05
1.22263769e-04
-1.51536648e-04
-4.44476716e-04
1.20588413e-03
1.31658402e-03
-6.54072007e-04
-1.41177973e-03
-3.08994081e-03
-7.28930529e-04
3.74076604e-03
3.36409803e-03
5.20607016e-04
-1.18229665e-03
-2.22748611e-03
-1.93831362e-03
-3.11756893e-04
3.84409075e-04
7.31087218e-04
1.05778363e-03
9.05064299e-04
2.44642120e-04
-2.92343501e-04
-5.83919584e-04
-6.23932854e-04
-4.57365530e-04
1.44788215e-04
3.42574414e-04
2.70233231e-04
4.69693645e-05
-6.96329407e-05
1.31590787e-04
2.07591179e-04
-4.92890688e-04
-1.66039004e-04
5.64737753e-04
-6.30110739e-06
-4.64080970e-04
-5.02440443e-05
1.79302748e-04
-5.20885906e-05
-4.52211420e-06
1.35940359e-04
-6.44301710e-05
7.70597315e-05
2.30432576e-04
2.81197391e-05
-9.57749385e-05
-2.50802855e-05
-2.63178821e-04
-4.02461636e-04
6.83025025e-05
3.52300776e-04
1.08004551e-04
1.02357570e-04
9.43277207e-05
-3.28651747e-05
-2.96075593e-05
4.37504329e-05
-2.41969652e-04
-2.61856332e-04
1.71620182e-06
1.88191584e-04
1.49756895e-05
3.42605876e-05
3.21343728e-04
1.47070831e-04
-2.61455776e-04
-2.05859735e-04
-1.44771232e-04
-1.03577694e-04
2.21663586e-04
3.08094635e-04
-1.42625726e-05
-3.04253772e-04
-3.63953475e-05
9.11040449e-05
9.90684900e-05
8.06426010e-05
-6.23819679e-07
-1.61047948e-04
-1.60465212e-04
9.29735514e-06
9.84625013e-05
7.22062593e-05
2.33572101e-04
3.93435041e-05
-2.70324613e-04
-1.39965662e-04
-7.18241816e-06
6.18509909e-05
2.32735377e-04
2.42479790e-07
-6.93544337e-07
2.81107236e-07
3.49780733e-07
-9.64741691e-07
-1.95911198e-06
-9.29418501e-07
8.61592049e-07
9.88739854e-07
2.36679801e-07
7.43536628e-08
1.10521445e-07
-5.35218017e-07
-8.43079329e-07
6.40045525e-07
1.66438945e-06
3.60351604e-07
-1.56130482e-06
-2.03569828e-06
-1.13186721e-07
2.00509741e-06
1.99091187e-06
1.89257419e-07
-1.01404346e-06
-6.15729819e-06
-3.43967526e-05
-7.14979951e-05
2.35207351e-04
2.81397012e-04
-2.17905569e-04
-6.86032615e-04
-1.74348561e-04
6.45634036e-04
5.05142647e-04
-6.58032676e-05
-2.73474048e-04
-1.33198427e-04
-5.85430428e-05
-1.83703503e-04
-1.12982294e-04
2.87632243e-04
5.63061186e-04
-1.80151374e-04
-3.42550271e-04
-5.08717789e-04
-4.58179407e-04
1.50058703e-03
7.87519321e-04
-1.36902347e-03
-5.08073079e-04
1.26685584e-03
-7.86388610e-04
-1.27897162e-03
1.23852773e-03
1.08545572e-03
-6.75575829e-04
-6.70361509e-04
4.70517234e-04
1.14933951e-04
-3.50564272e-04
7.34098227e-05
4.64305865e-04
-2.77076691e-04
-3.51439519e-04
2.75981361e-04
-1.78436332e-04
-8.74773469e-05
3.42667529e-04
-1.22514486e-06
1.32544625e-04
-8.34571885e-05
-4.95108433e-04
5.71412587e-05
5.01008207e-04
9.93766374e-05
-3.28399606e-04
-2.46014565e-04
2.69667852e-04
3.28909292e-04
-3.89991151e-04
-3.22552126e-04
7.19288465e-05
2.17934321e-05
3.69427724e-04
4.42316427e-04
3.62449133e-05
-2.19106912e-04
-5.74693550e-04
-3.56383544e-04
1.69088147e-04
3.64812974e-04
1.89943306e-04
-2.68667838e-05
-7.52162166e-05
-9.12674034e-05
7.66576996e-05
4.59503220e-04
1.16288578e-04
-6.53171051e-04
-6.37204181e-04
1.34549252e-04
2.69871971e-04
1.06013749e-04
6.42863635e-04
4.25193039e-04
-5.80112622e-04
-8.24953306e-04
2.58064489e-04
6.48990043e-04
-5.66483272e-04
-3.65548505e-04
4.74046175e-04
3.51195540e-04
-2.79859997e-05
-2.71597639e-04
-1.13222596e-04
2.21717575e-04
5.30040097e-05
-1.22239839e-04
-5.46988120e-05
-1.37793533e-04
-8.75723484e-05
1.60328351e-04
1.18198335e-04
1.79776896e-04
3.72996208e-04
-1.55273131e-04
-9.00388366e-04
-1.83961987e-06
-1.30946128e-06
-2.16689680e-07
1.56393446e-06
2.70511751e-06
1.09144827e-06
-1.14345965e-06
-1.75220137e-06
-1.08767958e-06
-3.84985263e-07
-2.78992988e-07
-1.04089977e-07
1.02238608e-06
2.13942960e-06
1.57211988e-06
-5.14215210e-07
-2.03544492e-06
-1.86079335e-06
-7.98628318e-07
3.11660451e-07
1.57500241e-06
1.60923382e-06
2.64219017e-07
-5.48187925e-07
-3.63308570e-06
-2.64602056e-05
-8.97961162e-05
-7.82449795e-06
5.43546649e-04
4.17781116e-04
-9.02996663e-04
-1.25583006e-03
3.89494703e-04
1.28392179e-03
4.76766147e-04
-2.13028567e-04
-3.86759153e-04
-2.52844732e-04
-7.45798196e-05
-2.66177918e-04
-2.08966342e-04
5.53777843e-04
8.39954446e-04
3.71774563e-04
-2.90908248e-03
-3.89645628e-03
7.55941853e-03
8.10957169e-03
-6.53653504e-03
-9.72801079e-03
9.67293947e-05
5.86338245e-03
1.38593771e-03
-5.25685447e-04
-4.06931742e-04
1.34481699e-03
3.45401314e-04
-1.45457806e-03
-1.92630550e-03
2.35849526e-04
2.06348250e-03
-1.52732018e-03
-8.67015949e-04
2.40820952e-03
5.53209167e-04
-1.61345240e-03
7.85095416e-04
-1.43784379e-04
-8.49480069e-04
1.95347660e-04
-5.10413551e-04
7.55958528e-04
2.44179736e-04
-1.40840092e-04
-2.74092508e-04
5.50067133e-04
1.31121294e-04
-1.58482596e-03
1.10529311e-03
3.81358471e-04
-8.45728253e-04
1.57715525e-03
-3.47898197e-04
-3.50890574e-03
1.16909445e-03
3.13563503e-03
-2.27646104e-04
-1.58167592e-03
3.06761967e-04
-1.36597630e-04
-2.34518857e-04
-5.75037194e-04
-5.45168059e-04
2.30476373e-03
1.01647769e-03
-2.45382763e-03
-1.26437772e-03
2.15079350e-03
3.96688495e-04
-5.52080794e-04
1.69787468e-04
-8.37399638e-04
-3.93804584e-04
1.02267193e-03
-1.48987335e-04
-1.18682609e-03
1.35118247e-03
1.37522480e-03
-1.22644884e-03
-1.23447750e-03
8.53380896e-04
4.34787319e-04
-1.04069925e-03
-4.95247728e-04
1.05090545e-03
1.45382785e-03
-6.65301033e-04
-7.07393206e-04
-5.77870608e-04
-4.83529778e-04
8.15858281e-04
9.82861567e-04
-3.83767305e-04
-9.56620898e-04
4.33481728e-04
9.31515873e-04
-3.41664253e-04
-9.30886591e-04
9.75490475e-07
2.22077334e-06
8.23041015e-07
-2.74511499e-06
-5.56234294e-06
-5.44118339e-06
-1.50924238e-06
4.97932517e-06
9.42383723e-06
8.14603297e-06
3.03612083e-06
-2.08571587e-06
-5.74898205e-06
-7.34952457e-06
-5.91915411e-06
-2.27762775e-06
1.22995210e-06
3.43176965e-06
4.28619928e-06
3.46705188e-06
1.03126967e-06
-1.36440087e-06
-2.27348780e-06
-1.89986492e-06
-9.33101722e-06
-1.00498219e-04
7.19467249e-05
3.49207780e-04
-5.49700374e-05
-4.34031460e-04
4.22264712e-06
-7.84517140e-05
-1.34263685e-04
3.22934710e-04
5.14810480e-04
1.39641590e-04
-3.95442506e-04
-3.47148304e-04
-5.76954988e-05
3.38086026e-05
-6.71530963e-05
2.23458723e-04
5.50420455e-05
5.61312546e-04
-9.32546612e-04
-6.79006209e-04
7.57398764e-04
1.87997214e-03
-6.21263807e-04
-1.27319710e-03
-3.30467009e-05
-3.02619251e-05
-5.90999343e-04
5.94307233e-04
6.22740291e-04
-5.45233184e-04
4.80550658e-04
7.46523619e-04
-4.94668383e-04
-4.45060314e-04
-1.31864885e-04
-7.56161664e-04
-2.39098570e-04
1.15509391e-03
8.10122390e-04
-3.22519812e-04
-2.45706496e-04
-3.73808544e-04
-1.49399561e-04
3.57824019e-04
-3.61345545e-04
-2.95467153e-04
4.83812157e-04
1.85163167e-04
-2.80487096e-04
4.95956251e-04
1.71647243e-04
-6.87056978e-04
-2.42683525e-04
7.08491246e-04
-1.73523977e-04
-5.19905046e-04
3.06590494e-04
1.86996336e-05
-1.11478201e-04
3.58911483e-04
1.06631974e-04
-3.99993517e-04
-7.18889548e-05
2.47224239e-04
1.19215406e-05
-6.51649035e-05
-1.21568445e-04
4.51725785e-06
-1.49831061e-05
-4.21640564e-05
4.00113912e-04
2.04040389e-04
-5.76004636e-04
-1.70202991e-04
3.33494501e-04
5.57681385e-05
-2.65067616e-04
-8.97928549e-05
3.37012218e-04
2.61140684e-04
-2.88427904e-04
-1.76090443e-04
1.75297668e-04
-1.04008797e-04
-1.14231739e-04
1.76152917e-04
2.21333730e-04
-1.00084351e-04
-2.35897076e-04
-1.18572784e-04
8.93799738e-05
1.76489382e-04
9.45095519e-05
-5.94551662e-07
-1.71911392e-05
-1.10815427e-05
-1.00206596e-05
-2.52256094e-04
-3.62621854e-04
9.17780759e-05
4.23880549e-04
4.36730376e-04
-4.31403944e-07
-3.44305001e-08
4.80437243e-07
4.96487522e-07
5.49333338e-08
-2.67744561e-07
-1.14637131e-07
2.42564512e-07
2.62945887e-07
-2.14703374e-07
-5.18959113e-07
-2.58310546e-07
2.24095576e-07
2.13937635e-07
-3.02808248e-07
-2.14490926e-07
5.52815545e-07
7.16570979e-07
1.23671298e-07
-4.24587116e-07
-5.92592714e-07
-3.45831679e-07
3.20807532e-07
6.44134163e-07
-2.01846360e-07
-5.22174773e-07
7.64148484e-06
2.98708634e-05
-2.90822236e-05
-8.46296652e-05
-5.18848776e-05
9.30320768e-05
1.61638471e-04
5.56011316e-05
-5.69067978e-05
-1.25787054e-04
-1.15569528e-04
-3.91245868e-05
4.05749868e-05
9.07638459e-05
6.94491986e-05
-4.46757440e-06
-3.46537341e-05
-2.22314981e-05
-2.80470598e-04
3.62688503e-04
7.63261379e-04
8.78286910e-04
-5.83553366e-04
-3.76834698e-03
-1.72450430e-03
2.86706750e-03
3.78725432e-03
1.57273507e-03
-9.14043568e-04
-2.31574450e-03
-1.90698420e-03
-1.00884012e-03
-6.08577550e-05
1.24892949e-03
1.46939714e-03
7.57984015e-04
1.68053028e-04
-4.77131909e-04
-6.27110866e-04
-3.71889292e-04
-3.09677845e-04
-5.17215760e-05
4.19051934e-04
4.84059668e-05
-1.66598057e-04
3.80383334e-04
2.60352575e-04
-3.23300411e-04
2.31402719e-05
2.54670030e-04
-4.72959954e-04
-3.57569636e-04
1.35573649e-04
1.14333416e-04
3.15397271e-04
1.69477121e-04
-5.54463729e-05
2.73513256e-04
-5.31565081e-05
-6.77998387e-04
-4.63391692e-04
4.94676995e-05
4.44438428e-04
4.94269130e-04
1.90911595e-04
2.93182835e-06
-2.03977582e-04
-4.01135915e-04
-2.78642760e-04
1.09824362e-04
2.11576208e-04
1.80016951e-04
-2.07213222e-05
-8.78116606e-05
3.21440652e-05
-3.68481525e-05
1.01419565e-05
1.43456599e-04
-3.23105430e-05
-1.13480413e-04
-1.54152735e-04
-1.85275168e-05
1.96446087e-04
1.96128841e-04
-6.79412905e-05
-1.88603123e-04
-1.90515471e-04
-2.41020637e-05
2.61602841e-04
3.15542708e-04
8.60588704e-05
-2.01536394e-04
-2.97049169e-04
-3.43197789e-04
-1.07092807e-04
2.79385486e-04
4.07857894e-04
2.08995793e-04
3.29154974e-05
1.08808363e-05
-1.59282372e-04
-4.51815683e-04
-6.24722649e-07
-1.96618716e-06
-1.75642722e-06
-2.38171426e-07
2.92483439e-07
3.51454527e-07
4.80665134e-07
2.83301379e-07
8.22640637e-07
1.42365363e-06
4.51350936e-07
-1.13603282e-06
-1.83937134e-06
-1.29161513e-06
8.54600007e-08
8.30039464e-07
8.53108348e-07
6.35811581e-07
1.53909197e-07
-2.95349470e-08
1.75317775e-07
-1.35200890e-07
-1.91483940e-07
-1.91435990e-07
-8.75306098e-07
-8.19854385e-07
2.39650119e-07
6.47814656e-06
1.83418244e-05
-6.81813583e-05
1.15889478e-05
1.39737790e-04
-1.26103414e-04
-1.89944400e-04
2.20962691e-04
2.57768102e-04
-1.67596371e-04
-3.22281399e-04
6.25758920e-05
2.27848816e-04
2.97800176e-05
-2.75716184e-05
-1.55777710e-04
5.52278071e-05
1.28983248e-04
-1.88097608e-04
-4.73906243e-04
1.09851117e-06
1.19333479e-03
8.71012141e-04
-5.08592186e-04
-8.80306648e-04
-2.03886595e-03
-9.04570962e-04
2.07626754e-03
2.10185902e-03
3.20158649e-04
-2.25545430e-04
-8.45260517e-04
6.58712583e-05
-5.94901188e-04
-2.66776934e-03
1.94993247e-04
3.03577115e-03
1.53992882e-04
-1.14012349e-03
1.33588408e-03
2.31201023e-04
-1.10735562e-03
-2.68413791e-04
-3.15921562e-05
-5.42935801e-04
1.13437537e-04
4.77628649e-04
2.15817938e-04
6.20310737e-04
-1.39598654e-04
-9.10006470e-04
5.65146503e-05
4.28253978e-04
5.35173408e-05
-1.04166164e-04
-5.42689453e-04
-6.96462071e-05
1.09229703e-03
-8.28957263e-05
-7.13284682e-04
1.13972299e-04
8.58527796e-05
-6.40525105e-05
3.44083939e-04
-3.98366671e-05
-2.35536702e-04
1.22999569e-04
-3.81663905e-04
-3.63808915e-04
9.82692797e-04
2.30694641e-04
-8.67172363e-04
2.97023071e-04
7.04736172e-04
-8.03430462e-04
-5.83200077e-04
4.31714456e-04
4.19097096e-04
6.35677580e-05
-2.03600709e-04
1.21426657e-04
2.20774525e-04
-3.15903433e-04
-4.07798860e-04
1.45887505e-04
2.30717952e-04
-3.44207841e-04
3.61835751e-05
8.95404605e-04
1.99056470e-04
-8.89984463e-04
-3.06196791e-04
3.61658962e-04
-1.79243126e-04
-5.24997664e-05
4.71903464e-04
1.39052721e-04
-4.31739649e-04
-1.50542573e-04
3.89008288e-04
8.25254693e-05
-2.11612722e-06
-2.06327945e-06
-8.96153160e-07
-2.51329601e-07
3.92226505e-07
1.48327512e-06
1.84918027e-06
1.01734634e-06
-8.76714603e-07
-1.63673631e-06
1.27180175e-07
1.29250469e-06
1.41093348e-07
-1.03518405e-06
-9.13879664e-07
-7.54512838e-07
-4.60989142e-07
6.50969365e-07
1.40400395e-06
9.34334778e-07
3.07687263e-07
-2.19205109e-07
-9.97775435e-07
-1.32990109e-06
-7.43842947e-07
2.90571481e-07
1.29140604e-06
1.36077285e-06
6.75488808e-07
3.24139809e-06
1.73972042e-05
-1.66266212e-05
-4.66750408e-05
-4.85848656e-05
6.39186389e-05
1.14217735e-04
8.95830911e-06
-3.73631418e-05
-4.82475904e-05
-9.29186432e-05
-1.77248518e-05
7.87315715e-05
4.44257680e-05
-4.87612710e-05
-2.58135134e-05
9.70827904e-05
2.76213978e-05
-4.32794003e-05
2.65274490e-05
-1.44998651e-04
-2.08517285e-04
3.05953869e-04
8.00598093e-04
1.03674343e-03
-3.03496763e-03
-2.13219539e-03
2.46188595e-03
2.33353529e-03
2.16649610e-04
-5.65122194e-04
-8.37922518e-04
-7.46249158e-04
-3.88941567e-04
6.10191731e-04
3.37903162e-04
-1.07608047e-03
-7.96824390e-05
1.46309715e-03
6.13382316e-04
-5.66873370e-04
-2.48299933e-05
2.35494868e-04
-5.62415417e-04
-9.10857833e-04
-4.36990110e-04
8.23688637e-04
8.51444757e-04
-1.49511403e-04
1.37272083e-04
-2.24156956e-05
-3.87359072e-04
-2.10973109e-04
3.47868807e-04
5.73000240e-05
-3.42647477e-04
-3.74362679e-04
1.33528401e-04
5.21890011e-04
3.38270617e-04
-2.93141884e-04
-4.79606668e-04
1.48582940e-04
5.62575980e-04
-1.64797150e-04
-4.36142759e-04
-1.18784362e-04
6.43197928e-05
9.91082844e-05
2.95517818e-04
8.34897573e-06
-3.13383366e-04
2.45276730e-04
1.69253278e-04
-3.61333978e-04
-1.15337223e-04
2.41944229e-04
-1.16817785e-04
-1.72897142e-04
1.21503889e-04
2.34655054e-04
5.57036776e-05
-2.02554939e-04
1.34426899e-04
2.96463077e-04
-1.75858812e-04
-5.91682996e-04
-2.28368520e-04
2.97624782e-04
5.39918524e-04
-1.24305044e-05
-1.34440308e-04
1.72334518e-04
-1.26625540e-04
-4.53864204e-04
1.83291273e-05
2.12544586e-04
1.29214432e-05
2.32751416e-04
