6.41090468e-05
5.24644084e-05
3.85809089e-05
2.36179518e-05
8.83107609e-06
-4.96265087e-06
-1.76217742e-05
-2.93011641e-05
-3.96458068e-05
-4.73877627e-05
-5.09382141e-05
-4.95288393e-05
-4.37748314e-05
-3.52869503e-05
-2.57678334e-05
-1.63232893e-05
-7.35573284e-06
1.11612902e-06
9.04186449e-06
1.61425738e-05
2.08717687e-05
9.20958561e-06
-6.75576614e-05
-2.69821499e-04
-5.67441198e-04
-7.66225775e-04
-6.12775129e-04
-2.76305088e-06
8.55252942e-04
1.52038331e-03
1.65063598e-03
1.21489390e-03
4.53286194e-04
-3.19287111e-04
-6.76585597e-04
-3.09552615e-05
1.34506126e-03
1.95846548e-03
9.15957111e-04
-1.40121341e-03
-3.60567910e-03
-4.42709431e-03
-3.72376231e-03
-2.25435202e-03
-6.63462269e-04
7.19589126e-04
1.88181896e-03
2.69387826e-03
2.83931828e-03
2.27028071e-03
1.39333252e-03
7.11973223e-04
4.53159549e-04
4.19177152e-04
2.81493910e-04
-1.06278177e-04
-5.77808793e-04
-8.66862892e-04
-8.81069134e-04
-7.83740058e-04
-7.95176180e-04
-9.35101308e-04
-9.68754620e-04
-5.97847182e-04
1.74063515e-04
9.38294250e-04
1.27270264e-03
1.07089849e-03
5.05990909e-04
-1.05668499e-04
-4.99506884e-04
-6.47276809e-04
-7.65161374e-04
-1.01116175e-03
-1.13905885e-03
-9.21364965e-04
-2.09350888e-04
8.58149691e-04
1.81314226e-03
2.23854031e-03
1.94863270e-03
9.13674233e-04
-4.83875296e-04
-1.48986068e-03
-1.70412171e-03
-1.11959404e-03
-1.12118034e-04
7.09329806e-04
8.53179821e-04
2.86208391e-04
-5.95043153e-04
-1.10042552e-03
-8.70622547e-04
-2.05472702e-04
3.86038222e-04
6.13012920e-04
5.00388568e-04
2.99975388e-04
1.99391437e-04
2.21331990e-04
2.77706799e-04
2.23295860e-04
3.66045692e-05
-1.27577322e-04
-1.72150584e-04
-1.20019465e-04
-9.35869652e-05
-1.29422225e-04
-2.41274036e-04
-3.89149773e-04
-4.87320558e-04
-4.44903885e-04
-2.27383252e-04
3.42782716e-05
2.08308454e-04
2.55482460e-04
2.68322109e-04
4.64588753e-04
8.18258812e-04
9.96750781e-04
6.91299037e-04
-4.33353526e-05
-7.26090442e-04
-9.72219791e-04
-7.88801430e-04
-4.48654991e-04
-9.23366596e-05
2.26289472e-04
-1.77029208e-03
-1.47903459e-03
-1.06522347e-03
-5.48973124e-04
-2.47175559e-06
4.58954951e-04
7.32251637e-04
7.82699166e-04
6.57930324e-04
4.55207433e-04
2.68304858e-04
1.49300657e-04
1.00550959e-04
9.34183955e-05
9.63970418e-05
8.90098915e-05
5.78939368e-05
-6.19632648e-06
-1.02765044e-04
-2.14616282e-04
-3.16583859e-04
-4.44266915e-04
-7.31018945e-04
-1.13053719e-03
-1.30283684e-03
-9.61220713e-04
-3.27807912e-05
1.19163283e-03
2.20165084e-03
2.53792401e-03
2.08681182e-03
1.14595843e-03
1.60901972e-04
-2.53097842e-04
7.00567349e-04
2.56002462e-03
3.49319352e-03
2.47540827e-03
-1.85514567e-04
-3.38454040e-03
-5.73024453e-03
-6.42671386e-03
-5.49786136e-03
-3.56997007e-03
-1.53360122e-03
-1.24917781e-05
9.68769131e-04
1.66971533e-03
2.20949285e-03
2.56645324e-03
2.69684595e-03
2.68605202e-03
2.78025374e-03
2.97300445e-03
3.03071976e-03
2.69562983e-03
1.81700768e-03
5.14973915e-04
-8.66466776e-04
-2.03795225e-03
-2.84011482e-03
-3.16379925e-03
-3.01853924e-03
-2.55296493e-03
-1.88725826e-03
-1.10910410e-03
-3.61572460e-04
1.26248832e-04
1.82202535e-04
-1.00405734e-04
-4.46297968e-04
-5.70147825e-04
-4.09084883e-04
4.83553429e-05
7.72165858e-04
1.57535431e-03
2.13382148e-03
2.25949337e-03
1.96796458e-03
1.28474743e-03
3.06471365e-04
-6.18077635e-04
-1.08856542e-03
-1.04209938e-03
-6.86635954e-04
-2.86255598e-04
-1.01640441e-04
-2.69637996e-04
-6.58617556e-04
-9.48027681e-04
-9.34981598e-04
-6.54265969e-04
-2.07574928e-04
2.43538566e-04
5.82173945e-04
7.36404452e-04
6.54494488e-04
3.88507727e-04
9.70888869e-05
-7.84131144e-05
-3.18788436e-05
2.38188235e-04
5.81676448e-04
7.46598346e-04
5.95554379e-04
2.24538022e-04
-1.81424144e-04
-4.75366814e-04
-5.62056352e-04
-4.24727137e-04
-2.02750944e-04
-5.06068625e-05
-2.22078263e-05
-5.13231069e-05
-7.61443023e-05
-9.99547836e-05
-1.51614075e-04
-2.15593305e-04
-2.33187612e-04
-1.69096376e-04
-4.51088993e-05
6.50132071e-05
1.34987114e-04
2.50882691e-04
4.76824010e-04
7.66638787e-04
9.84283513e-04
1.01073304e-03
8.26607234e-04
9.96364515e-04
1.08360476e-03
1.09004754e-03
1.02410018e-03
8.98896978e-04
7.30008745e-04
5.33724349e-04
3.25890357e-04
1.21063312e-04
-6.82185199e-05
-2.31997645e-04
-3.63156228e-04
-4.57401725e-04
-5.13190663e-04
-5.31503982e-04
-5.15201560e-04
-4.68426172e-04
-3.96644759e-04
-3.06785574e-04
-2.06867994e-04
-1.05130939e-04
-8.97103523e-06
7.54561953e-05
1.37765814e-04
1.66740786e-04
1.78680379e-04
2.18450598e-04
3.22912546e-04
4.79447315e-04
6.19872898e-04
6.55883625e-04
5.28754981e-04
2.52976682e-04
-9.32649320e-05
-4.10227410e-04
-6.26924291e-04
-7.35133093e-04
-7.88587567e-04
-9.08271337e-04
-1.33394738e-03
-2.11893517e-03
-2.85711646e-03
-2.58841212e-03
-4.45104219e-04
3.25057935e-03
6.83804422e-03
8.43219944e-03
7.11730521e-03
3.47835879e-03
-8.66716436e-04
-4.28223841e-03
-5.86870431e-03
-5.71304508e-03
-4.54382483e-03
-3.16768968e-03
-2.04822542e-03
-1.21096615e-03
-5.04642834e-04
1.94848328e-04
9.26645837e-04
1.62286678e-03
2.15579568e-03
2.42501159e-03
2.36866143e-03
2.00972372e-03
1.47835854e-03
9.04770712e-04
3.84950725e-04
-1.50976843e-05
-3.23936963e-04
-6.23230474e-04
-9.20893549e-04
-1.11379815e-03
-1.11877007e-03
-9.51948356e-04
-6.49692691e-04
-2.56174273e-04
1.18891128e-04
3.22963744e-04
2.67902240e-04
1.64286299e-05
-2.50537908e-04
-3.71593851e-04
-2.76655564e-04
2.70611421e-06
3.12226324e-04
4.61806838e-04
3.98804701e-04
2.24943865e-04
1.07223637e-04
1.24532737e-04
1.94727779e-04
1.81802986e-04
4.33179050e-05
-1.50986006e-04
-2.85519327e-04
-2.92134507e-04
-1.62864600e-04
5.68447562e-05
2.65409669e-04
3.38390610e-04
2.12895636e-04
-4.56009985e-05
-2.63586211e-04
-3.09211928e-04
-1.97812658e-04
-4.03090680e-05
6.28488486e-05
6.38833078e-05
-2.13769063e-05
-1.25957716e-04
-1.52582137e-04
-3.25831348e-05
1.78825488e-04
2.99887658e-04
2.17907126e-04
2.47438097e-05
-1.10326507e-04
-1.25297271e-04
-8.05315687e-05
-5.44466755e-05
-4.99969180e-05
-2.71017928e-05
3.42627804e-05
1.21391869e-04
1.84653777e-04
1.47424347e-04
-6.25585833e-05
-1.17414029e-04
-1.59833524e-04
-1.88343556e-04
-2.02287533e-04
-2.01877287e-04
-1.88294750e-04
-1.63821803e-04
-1.31753169e-04
-9.58929511e-05
-5.97054435e-05
-2.56017686e-05
5.28617923e-06
3.27359473e-05
5.66528181e-05
7.65319376e-05
9.15447367e-05
1.00869440e-04
1.03779663e-04
9.96951419e-05
8.85435260e-05
7.11166405e-05
4.92198757e-05
2.53211838e-05
2.12327554e-06
-1.45735017e-05
-2.99399170e-06
8.08570872e-05
2.27190907e-04
3.33340719e-04
2.69262306e-04
2.65291976e-05
-2.67386993e-04
-4.63919516e-04
-4.99780660e-04
-4.27540364e-04
-3.25116649e-04
-2.44507379e-04
-2.03689306e-04
-1.79965648e-04
-1.42131931e-04
-2.40267814e-04
-7.20469546e-04
-1.87996554e-03
-3.05946734e-03
-2.50599831e-03
5.36963043e-04
4.83173970e-03
7.89411586e-03
7.92731434e-03
5.03999926e-03
8.28863971e-04
-2.80624348e-03
-4.69337776e-03
-4.90398937e-03
-4.19650251e-03
-3.27586885e-03
-2.44677094e-03
-1.70681784e-03
-9.66562340e-04
-1.45244475e-04
7.02323906e-04
1.37800054e-03
1.70369633e-03
1.64351047e-03
1.31462214e-03
9.23369861e-04
6.42875504e-04
4.96946482e-04
4.23482631e-04
3.92448713e-04
3.98540158e-04
3.99597560e-04
3.25047402e-04
1.52931225e-04
-6.27580996e-05
-2.65739260e-04
-4.27545183e-04
-5.43962173e-04
-6.10890766e-04
-5.79622987e-04
-4.50069871e-04
-2.82640903e-04
-1.79992370e-04
-1.91699870e-04
-2.96783418e-04
-4.32897279e-04
-4.95798513e-04
-3.34891346e-04
7.86259540e-05
5.37069889e-04
7.94239146e-04
7.19261305e-04
3.99556622e-04
9.18379683e-05
-2.84697417e-05
4.78190638e-06
7.18436547e-05
7.51479192e-05
2.24155459e-05
-5.12068130e-05
-1.35706653e-04
-1.77442962e-04
-5.72635370e-05
2.61696764e-04
6.19289988e-04
7.87915507e-04
6.50786730e-04
2.27490191e-04
-3.44435901e-04
-8.56988633e-04
-1.16164759e-03
-1.24500061e-03
-1.12844928e-03
-8.00402158e-04
-3.20588185e-04
1.52474956e-04
4.73733483e-04
6.16012143e-04
6.64454167e-04
7.12390273e-04
8.04930234e-04
8.92559023e-04
8.57659613e-04
6.47057269e-04
3.30549242e-04
-2.67180628e-06
-3.08752845e-04
2.16483023e-04
3.26625632e-04
4.04558743e-04
4.47735690e-04
4.56538529e-04
4.34355342e-04
3.86753051e-04
3.20384862e-04
2.42090843e-04
1.58229468e-04
7.44575310e-05
-4.29038521e-06
-7.38778613e-05
-1.31088736e-04
-1.73786857e-04
-2.01008213e-04
-2.12896747e-04
-2.10578548e-04
-1.95968603e-04
-1.71440371e-04
-1.39484746e-04
-1.02530299e-04
-6.30132349e-05
-2.35232533e-05
1.32821082e-05
4.53145035e-05
7.26177611e-05
1.00654541e-04
1.39182772e-04
1.82109106e-04
2.00643310e-04
1.71284613e-04
1.26149368e-04
1.05798641e-04
9.63702895e-05
3.88771364e-05
-6.68940622e-05
-1.65124217e-04
-2.14052927e-04
-2.13295124e-04
-1.76591635e-04
-1.35125658e-04
-1.67621623e-04
-3.21979828e-04
-7.93142756e-04
-1.38929964e-03
-1.21085355e-03
8.53042065e-05
1.97814412e-03
3.26722103e-03
3.25479152e-03
2.04838238e-03
3.03710490e-04
-1.12620625e-03
-1.71248102e-03
-1.70901052e-03
-1.61470530e-03
-1.53449091e-03
-1.29081577e-03
-8.88993833e-04
-4.78647098e-04
1.55772087e-05
4.65771956e-04
6.75332858e-04
7.19602160e-04
5.85797602e-04
4.01157249e-04
2.99865732e-04
2.11116188e-04
2.49879569e-04
4.31501522e-04
5.96555212e-04
5.70248053e-04
1.69211406e-04
-2.00921692e-04
-2.06554878e-04
-5.15886001e-05
-1.56906438e-05
-4.18851807e-05
-1.29499532e-04
-3.73595628e-04
-6.06140396e-04
-7.63961479e-04
-9.11781030e-04
-8.83326847e-04
-6.66892547e-04
-3.38937192e-04
2.11397314e-04
9.73970595e-04
1.55574753e-03
1.72920795e-03
1.38379087e-03
6.81458523e-04
-1.82657186e-04
-1.13852133e-03
-1.78906460e-03
-1.60024065e-03
-5.72922050e-04
6.77297620e-04
1.50535465e-03
1.52050718e-03
8.22650075e-04
-1.26693130e-04
-8.12900462e-04
-1.03355680e-03
-9.47824760e-04
-7.23693571e-04
-5.26180848e-04
-4.61822304e-04
-3.88764624e-04
-5.54446751e-05
5.74955875e-04
1.20139921e-03
1.37519154e-03
1.04717296e-03
5.27504001e-04
1.87035555e-06
-3.39954048e-04
-4.52890591e-04
-5.09717372e-04
-5.40545040e-04
-4.52716056e-04
-2.47055542e-04
-9.71960003e-05
-3.88563775e-05
1.31669227e-05
1.49805871e-04
3.17987816e-04
5.80577105e-03
8.66646171e-03
8.60432984e-03
6.14203710e-03
2.73124436e-03
-2.58340258e-04
-2.18740486e-03
-3.16439568e-03
-3.63674595e-03
-3.95294702e-03
-4.17320869e-03
-4.15406248e-03
-3.75055068e-03
-2.95945028e-03
-1.92626780e-03
-8.53385135e-04
1.01769483e-04
8.72399090e-04
1.46307697e-03
1.90055232e-03
2.19632110e-03
2.34038725e-03
2.31866909e-03
2.13370138e-03
1.81232912e-03
1.38290720e-03
8.21107635e-04
1.65860399e-04
-4.02566309e-04
-7.01267947e-04
-6.75782919e-04
-3.79078539e-04
-1.35818822e-05
1.28443697e-04
-1.39097702e-04
-7.30808391e-04
-1.33491154e-03
-1.65444252e-03
-1.60910213e-03
-1.32111717e-03
-9.46549909e-04
-6.30036012e-04
-6.85354528e-04
-1.21781128e-03
-1.26831275e-03
2.61986400e-04
2.93652907e-03
5.07660648e-03
5.64271778e-03
4.56259164e-03
2.33637527e-03
-2.73653688e-04
-2.51674789e-03
-3.92353113e-03
-4.32180297e-03
-3.88410225e-03
-2.95583240e-03
-1.86318480e-03
-9.25769093e-04
-2.55872810e-04
2.56090663e-04
8.13057375e-04
1.32808712e-03
1.66155427e-03
1.79979604e-03
1.84302948e-03
1.77823412e-03
1.56256065e-03
1.25956269e-03
9.04360659e-04
4.87506480e-04
5.75372384e-06
-4.68970782e-04
-8.40744472e-04
-1.13729206e-03
-1.40800965e-03
-1.55101421e-03
-1.36495102e-03
-8.93189350e-04
-3.56158758e-04
1.16635146e-04
4.44741104e-04
5.06777235e-04
3.22128893e-04
4.81766466e-05
-1.87270865e-04
-2.73361402e-04
-1.37889269e-04
1.40050655e-04
4.30381402e-04
6.67708782e-04
7.78540966e-04
7.23048823e-04
5.12251614e-04
2.00104959e-04
-1.24949536e-04
-3.39134536e-04
-3.94221490e-04
-3.24225375e-04
-2.24258855e-04
-1.54423749e-04
-9.03770085e-05
-2.40586097e-05
2.05345487e-05
6.52721039e-06
-5.85888059e-05
-1.85594585e-04
-3.75024111e-04
-5.60690084e-04
-6.26097042e-04
-4.64644182e-04
-5.02046626e-05
4.95326515e-04
9.75337728e-04
1.22102047e-03
1.13450271e-03
7.24840200e-04
1.43900195e-04
-3.98699677e-04
-7.57131773e-04
-8.62467804e-04
-7.33738786e-04
-4.78317526e-04
-2.16939735e-04
-3.30196810e-05
4.86092065e-05
5.82265967e-05
6.66088473e-05
-1.00843343e-04
-6.29341769e-05
2.10897514e-05
1.10982566e-04
1.64930960e-04
1.64881651e-04
1.21758557e-04
6.22036924e-05
1.01003442e-05
-2.43574019e-05
-4.39319758e-05
-5.64448232e-05
-6.71531571e-05
-7.59958211e-05
-7.96177739e-05
-7.50802001e-05
-6.22905004e-05
-4.40819695e-05
-2.45375140e-05
-6.97007470e-06
7.14937879e-06
1.79214441e-05
2.59665948e-05
3.15399958e-05
3.43778362e-05
3.42193329e-05
3.07830707e-05
1.82224593e-05
-1.73682760e-05
-7.33635642e-05
-1.10072310e-04
-6.72982611e-05
7.50070483e-05
2.59556962e-04
3.86361051e-04
3.82181970e-04
2.49662885e-04
5.82778916e-05
-1.14532399e-04
-2.29137990e-04
-3.01689862e-04
-3.67286945e-04
-4.43418493e-04
-5.09029903e-04
-5.41395178e-04
-6.45415743e-04
-1.03673271e-03
-1.74074542e-03
-2.08682390e-03
-9.93663993e-04
1.84474819e-03
5.17432356e-03
7.04636071e-03
6.20802109e-03
2.94742306e-03
-1.17014778e-03
-4.36206067e-03
-5.61303545e-03
-5.01175885e-03
-3.38812387e-03
-1.71906034e-03
-6.45762195e-04
-1.91744587e-04
4.90013447e-05
3.54812777e-04
7.28587290e-04
1.06661073e-03
1.27533176e-03
1.34801819e-03
1.33572907e-03
1.32121920e-03
1.29291066e-03
1.17264333e-03
8.93021072e-04
4.39007274e-04
-1.04766890e-04
-5.67867222e-04
-8.41459972e-04
-8.99037348e-04
-8.11435688e-04
-6.90453613e-04
-5.99734085e-04
-5.49901031e-04
-5.31912392e-04
-5.17076479e-04
-4.27585645e-04
-2.00473147e-04
1.41254031e-04
4.66907827e-04
6.22397802e-04
5.36994233e-04
2.95276539e-04
5.71430573e-05
-8.00942098e-05
-9.01714572e-05
1.77639120e-05
1.73929623e-04
2.69294961e-04
2.54095358e-04
1.59910623e-04
6.21097638e-05
-5.48551050e-06
-6.59068554e-05
-1.33249747e-04
-1.59189598e-04
-1.17384180e-04
-5.90173260e-05
-1.54451395e-05
1.48395195e-05
6.98998492e-05
1.46826969e-04
1.84971317e-04
1.00189180e-04
-1.33180844e-04
-4.40834441e-04
-6.70333436e-04
-7.09238720e-04
-5.18955905e-04
-1.45007331e-04
2.98711066e-04
6.65060199e-04
8.43834181e-04
8.13590118e-04
6.20089383e-04
3.24326760e-04
1.54711422e-06
-2.47747398e-04
-3.63803262e-04
2.85419000e-05
1.97915202e-04
2.81971210e-04
3.16647010e-04
3.34225010e-04
3.44080659e-04
3.36830941e-04
3.00465181e-04
2.33377330e-04
1.46489185e-04
5.64147392e-05
-2.32051749e-05
-8.62360205e-05
-1.33050373e-04
-1.66392331e-04
-1.87811473e-04
-1.96857303e-04
-1.92496426e-04
-1.75035182e-04
-1.46957217e-04
-1.12151720e-04
-7.45048079e-05
-3.69946799e-05
-1.72968912e-06
2.95340025e-05
5.51518573e-05
7.38405344e-05
8.44556546e-05
7.92371184e-05
3.87251296e-05
-4.27486284e-05
-1.44327256e-04
-2.10175578e-04
-1.84718398e-04
-7.70949395e-05
5.97775869e-05
1.87555259e-04
2.86973547e-04
3.31114373e-04
3.37301547e-04
3.57492835e-04
3.86884834e-04
3.65688263e-04
2.33385022e-04
-1.30786620e-05
-3.79027998e-04
-7.79857723e-04
-7.32193294e-04
2.92352508e-04
1.86586855e-03
2.79854939e-03
2.33477649e-03
4.74942067e-04
-2.23520712e-03
-4.75528610e-03
-6.01824880e-03
-5.52414488e-03
-3.39120508e-03
-3.26499815e-04
2.56255368e-03
4.39197772e-03
4.93881784e-03
4.46987959e-03
3.40744897e-03
2.14764244e-03
1.01743609e-03
1.18305714e-04
-6.23955878e-04
-1.28805213e-03
-1.87295693e-03
-2.25506424e-03
-2.24685331e-03
-1.79191191e-03
-1.00814667e-03
-1.97334109e-04
3.28443578e-04
4.83437961e-04
3.99650814e-04
1.94852911e-04
-3.54169431e-05
-9.60136935e-05
7.10012085e-05
3.49850838e-04
6.27160645e-04
7.89324274e-04
6.88065866e-04
3.58834831e-04
1.52583527e-05
-1.84093459e-04
-2.37016828e-04
-2.38323645e-04
-2.62076647e-04
-2.85586912e-04
-2.65167652e-04
-1.47358456e-04
5.13278805e-05
2.22002141e-04
3.05409658e-04
2.93683205e-04
1.41130618e-04
-1.19884836e-04
-3.79689887e-04
-5.38591341e-04
-5.53265062e-04
-3.77994794e-04
-7.07230692e-05
2.23094588e-04
4.04845085e-04
4.70055954e-04
4.79721319e-04
4.34340406e-04
2.96363759e-04
7.89744292e-05
-1.32931237e-04
-2.65494292e-04
-2.90606778e-04
-2.21297561e-04
-1.44153087e-04
-1.61037973e-04
-2.53633009e-04
-2.80167022e-04
-1.75998781e-04
5.10660930e-05
3.28694738e-04
5.14932166e-04
5.04281979e-04
3.09565818e-04
5.62552468e-06
-4.54659418e-04
-3.78709936e-04
-2.86999036e-04
-1.88207523e-04
-8.90183069e-05
5.32263658e-06
9.01301729e-05
1.61005200e-04
2.14186078e-04
2.47244678e-04
2.59598976e-04
2.52563145e-04
2.29054670e-04
1.93074726e-04
1.49091678e-04
1.01430325e-04
5.38756579e-05
9.46862619e-06
-2.96532189e-05
-6.23159651e-05
-8.80365309e-05
-1.06543016e-04
-1.17430799e-04
-1.20251809e-04
-1.14954167e-04
-1.02283622e-04
-8.37440790e-05
-6.11097009e-05
-3.61369282e-05
-1.09243532e-05
1.02320605e-05
1.99871481e-05
1.81883972e-05
2.17338639e-05
5.76997848e-05
1.26971154e-04
1.97721827e-04
2.29337064e-04
2.00936052e-04
1.25753392e-04
4.23177805e-05
-2.22317737e-05
-7.40645192e-05
-1.33635843e-04
-1.93559659e-04
-2.31564126e-04
-2.42765115e-04
-2.31157885e-04
-2.07232789e-04
-1.89062540e-04
-2.31415220e-04
-4.47480095e-04
-1.00986012e-03
-1.74478682e-03
-1.72577175e-03
-3.91590904e-05
2.86206687e-03
5.26983749e-03
5.63973714e-03
3.68146017e-03
4.57434377e-04
-2.42570632e-03
-3.89810211e-03
-3.83784034e-03
-2.87496631e-03
-1.81467934e-03
-1.14382949e-03
-8.56836568e-04
-6.89350957e-04
-4.23322269e-04
2.59601227e-05
6.02723041e-04
1.15503201e-03
1.49646223e-03
1.51104068e-03
1.27906030e-03
9.35691199e-04
6.35559497e-04
4.53018465e-04
3.80208386e-04
3.70293126e-04
3.93039905e-04
4.06327245e-04
3.22036860e-04
-1.28035277e-05
-6.17898473e-04
-1.28052016e-03
-1.66989392e-03
-1.57126479e-03
-1.05102882e-03
-3.82297958e-04
1.41640519e-04
3.82193943e-04
3.76940710e-04
2.39873456e-04
9.43935356e-05
3.06808887e-05
8.64044312e-05
2.39380208e-04
4.06966642e-04
4.69495758e-04
3.91915958e-04
2.78683650e-04
2.63144110e-04
3.19172175e-04
2.88202997e-04
9.93734264e-05
-1.43037714e-04
-3.17062555e-04
-3.43763920e-04
-2.22994702e-04
-6.77577753e-05
-6.72050715e-06
-6.82668579e-05
-2.08311523e-04
-3.44288917e-04
-3.65517725e-04
-2.40472489e-04
-6.21620295e-05
5.93427948e-05
1.05141604e-04
9.96556748e-05
5.66929628e-05
1.99763536e-05
5.11572882e-05
1.81824928e-04
3.53066419e-04
4.66823941e-04
