-9.69564132e-06
-9.65573680e-06
-9.16107306e-06
-7.89793802e-06
-6.05969477e-06
-4.67479369e-06
-4.15201728e-06
-3.77197375e-06
-2.86116525e-06
-1.96686961e-06
-9.29863184e-07
7.80674141e-07
3.46007547e-06
5.99934688e-06
7.54121713e-06
7.90529209e-06
6.88524587e-06
5.36601038e-06
4.26537554e-06
-3.19493465e-05
-6.21608873e-04
-1.77031148e-03
-1.56041690e-03
-3.57830527e-04
1.22359993e-03
2.49341009e-03
1.98022612e-03
1.17568907e-03
2.50721127e-04
-3.87821029e-04
-9.27765357e-04
-1.06539220e-03
-1.34557657e-03
-1.22898044e-03
5.78118082e-05
1.96641995e-03
2.89276081e-03
2.07142624e-03
4.72241855e-04
-9.04609120e-04
-1.69554074e-03
-1.33707964e-03
-1.29050594e-03
-9.26764942e-04
-5.17836235e-04
-5.50944177e-04
-1.56426770e-04
1.09959831e-04
5.11972614e-04
8.00212219e-04
6.67753502e-04
4.87747330e-05
-4.11767307e-04
-8.47032108e-04
-6.11218393e-05
4.61987079e-04
3.53790306e-04
2.94260873e-04
-5.68207076e-05
-1.15070750e-04
1.01953464e-04
4.35561908e-04
2.32642740e-04
3.78381616e-04
1.52013665e-04
-2.22686627e-04
-3.25571786e-04
-6.63028924e-04
-9.61234738e-04
-1.59258412e-04
6.34261066e-04
8.27272423e-04
8.74581646e-04
2.35960199e-04
3.49356798e-05
3.39695395e-05
-1.55962232e-04
-3.41138957e-04
-5.92292677e-04
-6.48358503e-04
-4.65150137e-04
-2.95258113e-04
-2.60585103e-04
5.54883643e-04
8.74186639e-04
4.98732242e-04
4.10201283e-04
-1.57837662e-04
-3.20044161e-04
-1.04548616e-04
-4.95783690e-05
1.08339235e-05
1.92313164e-04
3.05934721e-04
8.26726235e-06
-5.37430548e-04
-7.45322525e-04
-4.28779078e-04
3.09866988e-04
3.20135220e-04
1.17690952e-04
1.73155211e-04
2.35249446e-04
7.04259124e-05
4.81901124e-05
1.64867497e-04
1.45866354e-04
-1.46113642e-04
-4.80135505e-05
-2.36026176e-04
-3.27008012e-04
-3.12617617e-04
-1.28022284e-06
3.36036683e-05
-1.93929831e-05
2.99045468e-04
6.02782254e-04
-1.20640184e-05
-3.33742803e-04
-4.36633693e-06
7.75127098e-05
-5.36165533e-05
-3.72722008e-05
9.87417000e-05
-6.18919081e-05
1.21804864e-04
1.19119792e-04
5.50757486e-06
8.03575192e-07
6.50844511e-07
2.04737077e-07
-3.75663391e-08
2.73897561e-07
1.20407084e-06
2.38950876e-06
3.51185371e-06
3.89951679e-06
3.00031204e-06
9.47800670e-07
-1.48581735e-06
-3.63807205e-06
-5.26627164e-06
-5.83894811e-06
-5.27430243e-06
-3.96606629e-06
-2.40600108e-06
-1.01142865e-06
-1.22332014e-04
-1.12328637e-03
-1.44038013e-03
-5.47710594e-04
-1.64939334e-04
1.09411346e-03
1.43294728e-03
1.50785222e-03
1.08822317e-03
3.59423578e-04
-1.60763262e-04
-3.38326092e-04
-7.70275120e-04
-1.71103000e-03
-1.16279467e-03
5.20132250e-04
1.47434053e-03
2.14430508e-03
1.74147188e-03
4.75554340e-04
-3.36007364e-04
-1.19402888e-03
-1.43742028e-03
-1.35829930e-03
-1.00679030e-03
-4.11933226e-04
-1.81198664e-04
2.43570706e-04
5.82302431e-05
-1.63626529e-04
-3.66603238e-04
-2.92329406e-04
8.19151377e-05
3.83956981e-04
6.70033179e-04
5.09962020e-04
1.62427780e-05
-3.55352150e-04
-2.78225395e-04
-2.27860578e-04
5.60337782e-04
7.50814824e-04
9.20043995e-04
5.59989825e-04
-7.64871899e-05
-2.22067661e-04
-6.00951374e-04
-5.49792542e-04
-5.98856562e-04
-1.40144174e-04
7.79640148e-05
3.09812049e-04
-1.91528283e-04
-1.98928853e-06
-1.20569924e-04
-9.18410369e-07
9.32765642e-05
3.59050050e-04
1.56492641e-04
2.65372789e-06
6.65544416e-05
1.90919410e-04
1.72394886e-04
4.25162409e-05
-7.79300280e-05
-2.13110660e-04
-4.79082816e-04
-4.16467854e-04
-1.21955313e-04
7.57943963e-05
1.02355649e-04
1.76643189e-04
1.92993636e-04
1.99528711e-04
2.33534846e-04
1.19271313e-04
1.51240601e-04
1.17779563e-05
-1.66861185e-04
-5.97880839e-05
-2.04799904e-05
-1.80811519e-04
-2.47190988e-04
-2.49894547e-04
-1.78091711e-04
-1.22587852e-04
5.93542783e-06
1.36756956e-04
2.76284373e-04
3.44267314e-04
9.61254459e-05
1.31846055e-05
-4.86151075e-05
-2.69066211e-05
-8.71560987e-05
-1.45001434e-04
-3.97761444e-05
1.85859827e-04
2.71795850e-04
1.80733282e-04
-8.83658503e-05
-1.78370131e-04
-1.38591279e-04
-1.67352318e-04
-2.56429072e-04
-1.73618284e-04
-2.32995536e-05
4.34896595e-05
7.15813407e-05
3.61348772e-06
2.84319966e-06
2.20549011e-06
1.90966302e-06
1.45130642e-06
9.17435904e-07
8.29227518e-07
1.24297796e-06
1.41807230e-06
1.60785089e-06
1.84368175e-06
1.48729021e-06
3.39862836e-07
-8.09400176e-07
-1.11187786e-06
-1.01748998e-06
-6.80819509e-07
-5.17750722e-07
-3.92188968e-07
-1.49482929e-07
9.01038992e-08
-3.54122687e-07
4.47331001e-06
6.90071618e-05
1.42484192e-04
2.64032921e-04
5.26639094e-05
-1.42628052e-04
-2.59906069e-04
-3.89850891e-04
-3.14666106e-04
-1.89589662e-04
-3.51141879e-05
1.03273751e-04
2.62304587e-04
3.69941561e-04
3.08826686e-04
1.62049116e-04
-2.58065858e-04
-1.12973438e-03
-1.45925606e-03
-1.00866192e-03
3.47560219e-05
1.29605245e-03
1.93371708e-03
1.86639519e-03
1.04910680e-03
1.09013687e-04
-6.08835426e-04
-9.54608778e-04
-7.81391203e-04
-6.37890928e-04
-3.15306456e-04
-3.58692434e-05
-1.13251764e-04
-1.55672329e-04
-2.14207996e-04
-1.15428118e-04
1.64315302e-04
4.06627022e-04
5.55068917e-04
3.33572269e-04
3.64195414e-05
-2.67483135e-04
-4.52812089e-04
-4.95928571e-04
-3.09218650e-04
2.82618960e-05
2.98483601e-04
3.11793004e-04
3.49190717e-04
3.06575427e-04
1.93334236e-04
-2.73827947e-05
-1.19353414e-04
-1.14234725e-04
-1.45104281e-04
-1.65259385e-04
-7.48903901e-05
-1.28000392e-05
-1.27963563e-05
1.91582528e-05
9.95253640e-05
8.17666162e-05
1.75061544e-05
-2.67270097e-05
-6.74397663e-05
-6.37230424e-05
3.25350532e-05
1.91955041e-05
-8.46306538e-05
-3.59501643e-05
9.63489138e-05
1.79715461e-04
1.38087940e-04
1.15981689e-04
1.05655365e-04
2.38745340e-05
-6.49363328e-05
-1.99545321e-04
-2.39560261e-04
-1.08736791e-04
-4.42421775e-05
-9.02844288e-05
-9.18084734e-05
-1.36440023e-05
3.98896264e-05
1.22667553e-04
1.79204860e-04
9.43266082e-05
-9.29004623e-06
4.93050952e-05
-8.95297496e-06
6.18307415e-05
1.64264782e-04
2.88816168e-04
5.53779551e-05
-1.49751165e-04
-3.08884143e-04
-2.41708378e-04
-1.08752673e-04
2.50681043e-05
6.55885059e-05
-1.48027132e-05
-2.46777440e-04
-3.78275428e-04
-1.89614184e-04
2.19976734e-04
-1.49667124e-06
-1.10302717e-06
-4.84964879e-07
4.55416900e-08
9.40199851e-07
2.32818103e-06
3.40146795e-06
3.91940401e-06
3.81993152e-06
3.20089987e-06
2.32292345e-06
1.43959232e-06
6.74646549e-07
2.46569344e-08
-4.14826454e-07
-6.24091595e-07
-6.54039588e-07
1.85894119e-08
2.16727975e-06
4.87967899e-06
7.53325510e-06
9.14872278e-06
1.01997329e-05
3.99843160e-06
-5.64007623e-05
-3.03463748e-04
-4.25721812e-04
-1.85566114e-04
4.31455785e-04
6.99337583e-04
3.94707871e-04
1.02499733e-04
-1.83560347e-04
-2.14341936e-04
-1.13574040e-04
-1.61002896e-05
4.48631837e-05
5.31985326e-05
-4.13814809e-05
-2.95889478e-04
-6.30571112e-04
-1.00491389e-03
-1.27749541e-03
-1.96288637e-04
1.41563664e-03
2.22003228e-03
2.06942816e-03
5.86521018e-04
-3.58304731e-04
-7.19513322e-04
-9.24184034e-04
-7.38197958e-04
-4.50952846e-04
-2.48352418e-04
-4.20668127e-04
-1.31747810e-04
6.53870983e-05
2.52742683e-04
9.02621323e-05
4.67641682e-05
5.24285062e-05
-2.60916687e-06
9.63805118e-06
7.23467126e-05
1.54003926e-05
3.54180434e-05
-1.41935552e-04
-2.88809192e-04
-1.70194895e-04
5.86681702e-05
1.97206748e-04
2.36851689e-04
2.22319541e-04
6.43154605e-05
-1.38067427e-05
1.46158835e-05
1.09758295e-05
-1.52356188e-05
-7.77869279e-05
-1.05523238e-04
-1.14028610e-04
-1.10572062e-04
-2.88664545e-05
2.89234315e-05
1.44629119e-04
3.89471838e-04
3.73464122e-04
1.61192460e-05
-3.30882123e-04
-4.65956951e-04
-2.88898506e-04
-2.50046323e-05
-3.89355194e-05
-6.47684243e-05
-2.82971133e-06
9.66662668e-05
1.92188701e-04
1.69008389e-04
4.14506998e-05
2.38913540e-04
3.20507613e-04
2.75582963e-04
1.24637307e-04
-2.39726605e-05
-2.26758735e-04
-5.92224078e-04
-8.14529310e-04
-5.52784862e-04
-1.77135341e-04
6.02548619e-05
2.89641177e-04
5.79141665e-04
6.03018328e-04
3.23222345e-04
5.73714068e-05
-1.35672737e-05
4.41647911e-05
5.91993136e-05
4.92795695e-05
-5.94522049e-05
-1.53548249e-04
-2.51029454e-04
-2.22874784e-04
-1.22677114e-04
-3.52037209e-05
-4.88618955e-05
-1.59578974e-04
-2.29319256e-04
-2.31077071e-06
-2.06969347e-06
-1.64143370e-06
-1.28292830e-06
-8.47813190e-07
-7.06301196e-07
-5.89559529e-07
1.45100942e-07
1.38677033e-06
2.62883500e-06
3.51730178e-06
3.79946600e-06
3.54531645e-06
2.55698723e-06
1.42364220e-06
5.28621112e-07
-8.70112404e-08
-1.68315866e-07
9.33046122e-08
3.88789648e-07
4.47532235e-07
1.53954894e-07
-5.67476713e-07
-6.82862243e-06
-6.31165224e-05
-2.78347715e-04
-6.29043769e-04
-4.59609607e-04
4.12163965e-04
8.99731405e-04
7.21536759e-04
2.93143126e-04
-4.91130060e-05
-1.84505399e-04
-1.80887182e-04
-2.26090571e-04
-1.08595866e-04
-3.38207271e-05
-4.61491295e-05
-2.25020471e-04
-5.69614702e-04
-9.30686132e-04
-1.45426667e-03
-4.45953187e-04
1.27898726e-03
2.00288054e-03
3.06159154e-03
1.90915964e-03
-9.25320482e-04
-1.45705438e-03
-1.26792582e-03
-1.00858862e-03
-1.70259647e-04
-4.34046685e-04
-7.90202219e-05
2.47231028e-05
1.83315443e-04
9.18378480e-05
1.60638355e-04
-2.38300262e-04
1.55172035e-04
-4.77729770e-05
2.67777692e-04
-5.21713422e-04
-6.34934587e-04
-5.64151893e-05
1.59128297e-04
8.29471496e-04
5.54517399e-04
-1.41151926e-05
-1.18295511e-04
-2.00212112e-04
-5.27300092e-04
-2.00886376e-04
-9.89322548e-05
5.20050109e-04
3.66950915e-04
4.11877981e-04
1.58665758e-04
-3.78326889e-04
-6.75618897e-04
-3.76691547e-04
-1.66083796e-04
2.83254159e-04
2.31042344e-04
5.69485748e-04
3.05117045e-04
4.40423635e-05
-2.22073573e-04
-5.94773292e-04
-6.73327562e-04
-2.96873416e-04
2.93733368e-04
8.21352736e-04
7.06583211e-04
3.21586198e-04
-3.36131242e-05
-4.13861615e-04
-4.14602973e-04
-3.57859421e-04
-2.92640262e-04
-1.17360728e-04
-1.07340606e-04
-1.79698825e-04
-3.41360030e-05
2.61513984e-04
4.97481692e-04
5.70962389e-04
4.73612316e-04
2.88713887e-04
-2.53592052e-04
-4.41979939e-04
-4.30886921e-04
-4.23719912e-04
-5.78029708e-05
1.26153223e-04
-1.39268392e-06
-4.30466586e-05
1.40190878e-04
2.18559932e-04
1.78408866e-04
2.17148205e-04
1.80307762e-04
-6.71613552e-05
-3.80369213e-04
-2.29646781e-04
-1.17231670e-04
-4.99678056e-05
-6.69806932e-06
-2.86729183e-06
1.00876844e-06
3.83296239e-06
5.32346009e-06
5.70782520e-06
5.31082037e-06
4.50999844e-06
3.61060136e-06
2.61056604e-06
1.68035150e-06
9.96598548e-07
6.70546343e-07
6.55717136e-07
4.54219572e-07
-1.17820160e-07
-7.34254079e-07
-1.12426298e-06
-1.18355707e-06
-6.51810268e-07
2.01306821e-07
5.92898596e-07
2.59514691e-07
2.76516803e-06
1.89917551e-04
8.05908089e-04
5.46274425e-04
2.67736053e-05
-3.13989202e-05
-9.83066103e-04
-1.12080844e-03
-7.64362882e-04
-3.72478305e-04
1.74014907e-04
5.32222357e-04
5.77406890e-04
5.27362646e-04
3.54506474e-04
1.40865830e-04
-9.96225400e-05
-4.74615452e-04
-1.37429738e-03
-1.62206136e-03
-4.04667151e-04
1.04989530e-03
1.42065135e-03
1.39360627e-03
1.00874914e-03
9.11461405e-04
-6.24389395e-05
-2.23463632e-04
-5.92949578e-04
-1.11417953e-04
-1.86693922e-04
-2.60689765e-04
-3.88381317e-04
-8.88238982e-04
-3.78042430e-04
-2.33772017e-04
3.18098211e-04
1.24398006e-05
5.16803304e-04
4.08330235e-04
2.69158155e-04
-3.92254193e-04
-2.38401779e-04
-1.28313897e-04
1.53677734e-04
1.14194359e-04
6.74927718e-05
-6.50453232e-05
-9.80155876e-05
-3.09230669e-04
-3.59497010e-04
1.02366332e-05
4.27964015e-04
2.79601661e-04
-9.72840330e-06
6.86883484e-05
6.38842711e-05
-1.03349839e-04
7.69180937e-07
-2.61059665e-05
8.38610940e-05
1.72882779e-05
-2.89742459e-05
-2.00493118e-05
-4.96983012e-05
8.47585680e-05
1.44889081e-04
5.07975874e-05
-2.44080426e-05
-1.38884370e-04
-3.28486333e-05
-6.49066731e-05
-8.47547401e-05
-5.17395124e-06
3.31871616e-05
8.92982108e-05
2.37220954e-05
-1.82602269e-04
-5.76651245e-05
1.83864328e-04
-5.01185565e-06
-1.89081751e-04
-5.51783513e-05
1.53073917e-05
5.41348149e-06
1.70906487e-04
2.97349085e-04
2.04132890e-04
1.47334325e-04
1.51328092e-04
-2.65585627e-05
-3.07699849e-04
-5.22300768e-04
-4.54252747e-04
-2.11722220e-04
9.23636510e-05
2.66420746e-04
3.83468654e-04
2.99849016e-04
8.78399307e-05
-1.82424383e-04
-2.49376089e-04
-1.01267859e-04
7.15213272e-05
1.32647699e-04
-6.51597028e-06
-7.60440778e-06
-7.85244865e-06
-7.45898005e-06
-6.66370632e-06
-5.87817986e-06
-5.17028919e-06
-4.24128617e-06
-3.17573137e-06
-2.02737597e-06
-7.24147878e-07
3.62582687e-07
1.03410904e-06
1.41705160e-06
1.92583439e-06
2.70581059e-06
3.83988461e-06
4.85262956e-06
5.19781805e-06
4.79031091e-06
3.84214059e-06
2.59151885e-06
1.43133075e-06
5.69269432e-07
-1.92029589e-07
4.98164339e-06
7.68159252e-05
1.61083512e-04
2.63054299e-04
5.54337166e-05
-1.96772669e-04
-3.39044260e-04
-3.53129642e-04
-2.41373675e-04
-8.46777383e-05
3.55287075e-05
1.68516584e-04
2.46080367e-04
2.58697296e-04
1.88521919e-04
1.22764298e-04
2.98472845e-05
-9.76259219e-05
-1.47942483e-04
-2.47363073e-04
-4.89241250e-04
-4.65957942e-04
-3.48088936e-04
2.00700140e-04
8.04964318e-04
7.37941600e-04
7.30843146e-04
3.32739567e-04
6.68031979e-05
-2.06422713e-04
-3.72122382e-04
-4.61766715e-04
-3.07855299e-04
-2.11317754e-04
-9.30980323e-05
-1.86926772e-05
1.27781994e-04
7.95603778e-06
2.88290728e-05
3.96941769e-05
-6.67147009e-05
9.30316227e-05
1.59283274e-04
3.28616000e-04
1.83431657e-04
1.28334382e-04
1.42122986e-04
-2.54045927e-04
-3.24726792e-04
-4.09503634e-04
-3.49313174e-04
-6.52625440e-05
1.60822546e-04
2.24575687e-04
1.08306958e-04
-2.08037876e-05
1.41102165e-04
1.21371000e-04
3.33208686e-05
-1.13407619e-05
-3.71747137e-05
-1.17520641e-04
-1.09718580e-04
3.12266317e-05
1.93553237e-04
1.92020198e-04
1.88127458e-04
6.23838974e-05
-7.15489117e-05
-1.41633325e-04
-1.88479439e-04
-2.04457300e-04
-1.15791192e-04
1.90473365e-05
1.77781730e-05
-2.30269860e-05
1.51898941e-04
1.69356941e-04
1.04120336e-04
6.12188444e-05
6.47272905e-05
7.73806144e-05
9.61558487e-05
-2.26170453e-05
-2.67221958e-04
-5.15703404e-04
-5.15874130e-04
-2.74216973e-04
6.49747588e-05
3.46895672e-04
5.36733095e-04
6.35301580e-04
5.22409649e-04
1.73275645e-04
-8.19920082e-05
-2.77012734e-04
-3.78314687e-04
-5.03732475e-04
-3.68408273e-04
-1.01223528e-04
1.52025850e-04
1.76909386e-04
4.59537104e-05
-1.52232149e-06
-9.82455746e-07
-9.93465805e-07
-8.54698897e-07
-4.60392287e-07
5.94742948e-08
5.74589052e-07
6.55300467e-07
4.45456524e-09
-1.08236041e-06
-1.84334045e-06
-1.58640605e-06
-6.54224197e-07
4.60126429e-07
1.27433847e-06
1.18693304e-06
2.95294836e-07
-1.16332125e-06
-1.84596160e-06
-1.00308174e-06
8.32505485e-07
2.72607172e-06
4.27169467e-06
5.19242719e-06
5.23166367e-06
4.08923704e-06
-6.93023732e-06
-1.28301430e-04
-2.25320466e-04
-8.34440817e-05
1.44990781e-04
3.12251685e-04
2.59462673e-04
1.65109945e-04
5.24301861e-05
-7.09267657e-05
-2.24160630e-04
-2.73294747e-04
-5.22982810e-05
1.63685051e-04
8.85499757e-05
-5.85284781e-06
-1.21449131e-04
-2.23184504e-04
-4.12388799e-04
-2.81089617e-04
-3.88376764e-04
-6.81634168e-04
-1.39874933e-04
1.21337346e-03
1.59799405e-03
7.52023505e-04
5.85913748e-04
2.80385686e-04
-7.04445059e-04
-1.06316397e-03
-7.56069068e-04
-3.38852852e-04
2.60284133e-04
6.12970916e-04
8.31111373e-04
6.09469756e-04
-2.96074298e-05
-1.59680096e-04
-2.82802544e-04
-7.80963105e-04
-1.01973326e-03
-9.64817370e-04
-6.43161111e-04
2.66290265e-05
2.83055541e-04
3.68328178e-04
4.92519451e-04
4.57104761e-04
4.51603955e-04
2.44006779e-04
-6.34387566e-05
-3.64111633e-05
-1.83160669e-04
-1.05462942e-04
-5.27610883e-05
1.06741759e-04
1.40166023e-04
2.92941762e-04
2.09492510e-04
1.04540919e-04
1.83391465e-05
1.90960804e-05
-1.83590827e-04
-2.43159215e-04
-6.84172176e-06
-1.65277548e-04
-2.40827012e-04
-1.50415139e-04
-2.35469659e-04
-1.97679014e-04
-8.11744557e-05
2.09075094e-04
1.48597317e-04
2.45494544e-04
1.70045369e-04
1.59620659e-04
-1.43337174e-04
9.93505556e-05
1.28034404e-04
1.87503036e-04
2.05252814e-04
1.54498581e-04
-4.43301995e-05
-2.11526434e-04
-4.51535717e-04
-4.73444509e-04
-1.30423159e-04
8.45097142e-05
4.67752493e-05
4.94244960e-05
1.33681570e-04
8.14696806e-05
1.52516315e-05
-1.28058977e-05
3.08914764e-06
1.99126393e-04
2.07582230e-04
1.19179182e-05
-1.64926834e-04
-9.43136882e-05
7.33629042e-06
1.10509455e-04
2.08116489e-06
3.09791326e-06
3.35160041e-06
2.63339563e-06
1.39986753e-06
3.75667003e-07
1.96447529e-08
-3.32185190e-07
-7.58905750e-07
-1.27894944e-06
-1.91204290e-06
-2.53765059e-06
-3.03062257e-06
-2.95568359e-06
-1.83150265e-06
-1.13207136e-07
1.04146713e-06
1.36810660e-06
1.26502839e-06
1.00664138e-06
4.64351496e-07
-5.24139837e-07
-1.51471591e-06
-1.92633514e-06
-1.73014734e-06
-1.13513627e-06
-6.76052962e-07
-3.69349546e-07
2.40388874e-06
3.03184680e-05
7.33083644e-05
1.23817640e-04
1.05481697e-05
-9.79221782e-05
-1.26705999e-04
-1.61950139e-04
-1.23233011e-04
-4.73128332e-05
-1.19948064e-05
4.19769723e-05
9.45975027e-05
1.40072136e-04
1.03170339e-04
5.58068138e-05
6.06343504e-05
-1.02768451e-06
-8.03530660e-05
-8.12765650e-05
2.77883668e-05
1.23498802e-04
2.31949364e-04
-6.06232043e-05
-9.34011225e-04
-1.02347747e-03
-1.55358460e-04
5.79840448e-04
8.53215347e-04
8.94956714e-04
4.76552843e-04
-1.45728287e-05
-3.40657937e-04
-3.91762605e-04
-4.13191262e-04
-2.62851443e-04
-1.77758950e-04
5.08151797e-05
2.86617260e-04
2.14679262e-04
-7.62205217e-06
-1.39486277e-04
-9.21609035e-05
8.50326882e-05
1.29707598e-04
1.26611897e-04
-3.35460412e-05
2.48638744e-05
1.63570925e-04
2.31890732e-05
-2.23957854e-05
-1.16559789e-04
-1.54931674e-04
-1.78248477e-04
-1.70149365e-04
-1.61765716e-04
-6.36356167e-06
1.83096501e-04
1.22604460e-04
-7.42703370e-06
6.00291648e-05
1.31295754e-04
1.73212373e-04
-4.44511422e-05
-5.06136745e-05
-9.18570423e-05
6.74915169e-05
9.84726448e-05
9.07986313e-05
2.67529616e-05
-6.60045038e-06
-6.05689360e-05
1.57298797e-05
-9.16617204e-05
-1.97202040e-04
-2.32902309e-04
-1.04912190e-04
1.17322804e-04
3.18857613e-04
2.82463200e-04
7.99498871e-05
-2.17941780e-04
-2.92823932e-04
-3.00747490e-04
-1.43252075e-04
1.28877820e-04
3.72075413e-04
2.92213330e-04
9.98408631e-05
-4.30581123e-06
6.22142691e-06
-1.56745336e-04
-1.63623028e-04
-2.38011503e-05
1.27342836e-04
1.93676998e-04
2.56805900e-04
6.61067556e-05
-1.77042974e-04
-4.24063441e-04
