-3.87109091e-06
-9.18324942e-06
-1.25092637e-05
-1.44178347e-05
-1.51478193e-05
-1.44668692e-05
-1.21731353e-05
-8.62498230e-06
-4.63387771e-06
-8.71351876e-07
2.41344819e-06
5.30181492e-06
8.08454332e-06
1.11677134e-05
1.47584521e-05
1.84841425e-05
2.14320155e-05
2.25078546e-05
2.09957137e-05
1.68661972e-05
5.45563243e-07
-1.30576471e-04
-6.19588052e-04
-1.42924834e-03
-1.96609287e-03
-1.59602273e-03
-7.40523650e-05
2.00821869e-03
3.59821784e-03
3.94428953e-03
2.98452468e-03
1.25237132e-03
-5.30511897e-04
-1.88447990e-03
-2.68131374e-03
-2.80245650e-03
-1.98398461e-03
-2.15538006e-04
1.82654906e-03
3.03315962e-03
2.69621724e-03
9.55333103e-04
-1.24959177e-03
-2.89779861e-03
-3.49061713e-03
-3.13086761e-03
-2.27868001e-03
-1.37438546e-03
-5.93446945e-04
1.39230420e-04
9.83235672e-04
1.83452143e-03
2.35585410e-03
2.26973965e-03
1.59224469e-03
7.67019808e-04
3.08453481e-04
3.65681090e-04
6.51867396e-04
7.61396742e-04
5.06864290e-04
1.94772906e-05
-3.69363111e-04
-4.76640888e-04
-3.64214131e-04
-2.23221566e-04
-2.72106236e-04
-5.47843023e-04
-9.56578048e-04
-1.41185533e-03
-1.65458560e-03
-1.35032120e-03
-4.86258026e-04
5.82293339e-04
1.37436817e-03
1.58288923e-03
1.28119781e-03
7.34531949e-04
2.10840706e-04
-2.02284495e-04
-5.32818133e-04
-7.89182863e-04
-9.27686701e-04
-9.06226394e-04
-6.16822631e-04
1.36476166e-05
7.40279854e-04
1.23794596e-03
1.28203342e-03
8.70795915e-04
2.72237834e-04
-1.92990652e-04
-4.02528377e-04
-3.64994140e-04
-1.78478123e-04
-2.33011537e-05
-1.07193182e-04
-4.72947239e-04
-8.97153577e-04
-1.02397312e-03
-6.94029327e-04
-1.19011998e-04
3.77555797e-04
6.58119136e-04
7.04141830e-04
5.85961561e-04
4.57603780e-04
4.01478019e-04
3.43199080e-04
2.15943652e-04
7.71506900e-06
-2.65093345e-04
-5.20286335e-04
-6.33558302e-04
-5.49026583e-04
-3.54802245e-04
-1.03863396e-04
2.13039234e-04
4.73653444e-04
4.61380584e-04
2.39393912e-04
2.09568363e-05
-8.31827829e-05
-9.14332054e-05
-3.47788532e-05
1.09318149e-05
2.57865262e-05
4.00385613e-05
8.47584612e-06
1.26283758e-05
1.51539389e-05
1.59367082e-05
1.52057615e-05
1.34888699e-05
1.14565221e-05
9.66979572e-06
8.36587022e-06
7.35814828e-06
6.05242564e-06
3.70449728e-06
-1.24172195e-07
-5.21229321e-06
-1.07305433e-05
-1.55469631e-05
-1.85768321e-05
-1.91337062e-05
-1.71421603e-05
-1.38016729e-05
-3.36376710e-05
-2.35393243e-04
-7.73476403e-04
-1.38280929e-03
-1.55164558e-03
-9.67990038e-04
3.04725673e-04
1.78139354e-03
2.85238295e-03
3.08086954e-03
2.43232551e-03
1.26716499e-03
1.52149176e-05
-1.17363059e-03
-2.18262679e-03
-2.56793473e-03
-1.92714024e-03
-4.11338959e-04
1.33188901e-03
2.41431121e-03
2.28445883e-03
1.05579711e-03
-6.69100785e-04
-2.17398911e-03
-2.97469602e-03
-2.94004576e-03
-2.28135586e-03
-1.32035245e-03
-3.86883954e-04
2.73010060e-04
5.78746005e-04
6.37556287e-04
7.01423984e-04
9.47095688e-04
1.37134261e-03
1.79774166e-03
1.92707470e-03
1.57782683e-03
8.80919767e-04
1.37688953e-04
-2.68088482e-04
-1.48641766e-04
3.01831068e-04
7.20389820e-04
7.22217254e-04
2.09253260e-04
-5.98563747e-04
-1.37283282e-03
-1.86064038e-03
-1.93075795e-03
-1.59822730e-03
-1.01519131e-03
-4.51612481e-04
-9.79582439e-05
6.45534904e-05
1.68522887e-04
3.23093986e-04
5.94524814e-04
8.82449528e-04
1.03332083e-03
9.89537840e-04
8.29487971e-04
6.54377845e-04
4.98514330e-04
3.16109796e-04
6.44590477e-05
-2.87060038e-04
-6.78324443e-04
-9.52136050e-04
-9.64633125e-04
-7.31521274e-04
-3.76148407e-04
-4.06266680e-05
1.93555726e-04
3.30113480e-04
3.89574451e-04
4.08742980e-04
3.75241334e-04
2.74907470e-04
1.16693587e-04
-3.11062722e-05
-1.46916885e-04
-2.52929312e-04
-3.56854295e-04
-4.29562770e-04
-4.33481867e-04
-3.47048462e-04
-1.62078107e-04
9.37843005e-05
3.74683879e-04
5.72929292e-04
5.97180638e-04
4.57640274e-04
2.46787217e-04
4.90708313e-05
-1.03880625e-04
-1.93812985e-04
-1.86195541e-04
-6.90895674e-05
8.63481968e-05
1.57090270e-04
7.12021439e-05
-1.24506095e-04
-3.20327120e-04
-4.53075356e-04
-4.98472614e-04
-4.40265534e-04
-2.89961408e-04
-5.38164572e-04
-6.52030488e-04
-7.12213712e-04
-7.19622289e-04
-6.79399151e-04
-5.99968273e-04
-4.91539269e-04
-3.64608238e-04
-2.29019182e-04
-9.37919788e-05
3.28851232e-05
1.43942385e-04
2.33761229e-04
2.98468864e-04
3.36301181e-04
3.47877627e-04
3.35875496e-04
3.04234340e-04
2.57409707e-04
1.99941182e-04
1.36375210e-04
7.12079215e-05
8.57713302e-06
-4.72052678e-05
-8.10359698e-05
-6.55835109e-05
1.86658472e-08
6.94099190e-05
6.37788737e-05
-7.49538479e-05
-3.28205753e-04
-5.92776861e-04
-7.33276909e-04
-6.75314902e-04
-4.32786234e-04
-7.47488677e-05
3.10811698e-04
6.32297874e-04
8.00456174e-04
7.22870817e-04
2.73938483e-04
-5.43324375e-04
-1.40905301e-03
-1.76146937e-03
-1.18214727e-03
2.68474051e-04
2.00175390e-03
3.20590664e-03
3.32216309e-03
2.32997863e-03
6.99413611e-04
-8.78178133e-04
-1.89439907e-03
-2.20703827e-03
-1.98594916e-03
-1.54848468e-03
-1.16057755e-03
-9.14273298e-04
-7.39831853e-04
-4.75145896e-04
-1.96940145e-05
5.77007071e-04
1.11409231e-03
1.35194449e-03
1.18858219e-03
7.10342444e-04
1.25616098e-04
-3.30535595e-04
-4.77560044e-04
-2.91308971e-04
7.88911697e-05
4.28624957e-04
6.25114466e-04
6.34495086e-04
4.72553538e-04
1.96637239e-04
-1.03088401e-04
-3.50612152e-04
-5.19170420e-04
-5.98000396e-04
-5.86721729e-04
-5.01140346e-04
-3.71477627e-04
-2.16751137e-04
-5.52772064e-05
7.49236046e-05
1.45426880e-04
1.52012862e-04
1.18859595e-04
9.68671021e-05
1.12012598e-04
1.35128949e-04
1.35069283e-04
1.32660094e-04
1.69782093e-04
2.36993079e-04
2.91599402e-04
2.97447268e-04
2.35141100e-04
1.07130384e-04
-7.72078309e-05
-2.86982295e-04
-4.50765656e-04
-5.02492030e-04
-4.51635247e-04
-3.59599971e-04
-2.58487954e-04
-1.49610820e-04
-1.77661544e-05
1.43557834e-04
2.97250342e-04
3.75165976e-04
3.65623428e-04
2.95302356e-04
2.15532739e-04
1.79782847e-04
2.22170912e-04
2.79350014e-04
2.31871882e-04
2.09599353e-05
-2.80966673e-04
-5.19866471e-04
-5.77217966e-04
-4.50673609e-04
-2.49196990e-04
-1.29723300e-04
-1.80951500e-04
-3.20463415e-04
1.15122758e-04
1.70981213e-04
2.11101264e-04
2.34425172e-04
2.40854578e-04
2.31567598e-04
2.09030740e-04
1.76434948e-04
1.36997683e-04
9.36186429e-05
4.88995336e-05
5.32292434e-06
-3.46613581e-05
-6.87644065e-05
-9.51651597e-05
-1.12758496e-04
-1.21233556e-04
-1.20993926e-04
-1.12911544e-04
-9.79566543e-05
-7.72170463e-05
-5.22156022e-05
-2.51564050e-05
1.35161848e-06
2.38554807e-05
3.02215987e-05
-2.27058287e-05
-1.80885801e-04
-3.58185710e-04
-3.35817553e-04
2.23210707e-05
5.44517277e-04
8.99471414e-04
8.66653322e-04
4.90169693e-04
2.18822512e-05
-2.96855067e-04
-3.76681572e-04
-2.83341596e-04
-1.66585841e-04
-1.79616697e-04
-4.00459989e-04
-8.25290676e-04
-1.36034866e-03
-1.65129966e-03
-1.17105440e-03
2.47132236e-04
2.09385318e-03
3.37543541e-03
3.36243610e-03
2.15114737e-03
4.17807168e-04
-1.08340731e-03
-1.86913598e-03
-1.94696154e-03
-1.66858417e-03
-1.34431551e-03
-1.05332471e-03
-7.23493519e-04
-3.29972736e-04
6.31612580e-05
3.71742344e-04
5.44466345e-04
5.93947601e-04
5.75239671e-04
5.41473426e-04
5.14906357e-04
4.49618387e-04
2.89149495e-04
5.82438181e-05
-1.12502444e-04
-1.15963737e-04
3.83260518e-05
2.40190824e-04
3.52811020e-04
3.03503833e-04
1.34210846e-04
-5.44853992e-05
-1.89681981e-04
-2.69205941e-04
-3.22098717e-04
-3.70338675e-04
-4.11294341e-04
-4.14479950e-04
-3.48012016e-04
-1.98254693e-04
5.12213908e-05
3.55055488e-04
5.57696257e-04
5.00896574e-04
1.72017745e-04
-2.42709211e-04
-4.92131542e-04
-4.79867575e-04
-2.97743529e-04
-8.69440460e-05
7.62714229e-05
1.96387888e-04
2.96681288e-04
3.61090300e-04
3.99286851e-04
4.50901607e-04
5.05836932e-04
5.03764813e-04
3.82524353e-04
1.20597449e-04
-2.82848524e-04
-7.90454313e-04
-1.24014156e-03
-1.40635441e-03
-1.18673828e-03
-6.59926525e-04
2.19646722e-05
6.82505433e-04
1.12705975e-03
1.22849737e-03
1.02537642e-03
6.90682727e-04
3.96789039e-04
2.10535838e-04
8.72151691e-05
-5.81476216e-05
-2.68962415e-04
-5.06012080e-04
-6.73834530e-04
-6.96208569e-04
-5.84532779e-04
-4.31713160e-04
-1.23184570e-04
-1.53304858e-04
-1.70493628e-04
-1.74882127e-04
-1.67467485e-04
-1.50030734e-04
-1.24924341e-04
-9.47685423e-05
-6.20141792e-05
-2.87097193e-05
3.35660014e-06
3.24435814e-05
5.68202091e-05
7.49881679e-05
8.59559289e-05
8.94670189e-05
8.61202006e-05
7.71861192e-05
6.42851414e-05
4.90629288e-05
3.29175628e-05
1.68737801e-05
1.62921066e-06
-1.23184296e-05
-2.53339943e-05
-4.56812109e-05
-1.13262102e-04
-2.98855545e-04
-5.54301249e-04
-6.22601707e-04
-2.57727072e-04
4.33728587e-04
1.04660022e-03
1.22474216e-03
9.18483739e-04
3.54417533e-04
-1.78587021e-04
-4.95200344e-04
-5.61551406e-04
-4.76034586e-04
-4.00589716e-04
-4.80367725e-04
-7.81125586e-04
-1.27602052e-03
-1.65626182e-03
-1.34385239e-03
-5.74764841e-05
1.97412803e-03
3.89796841e-03
4.39586958e-03
2.99889379e-03
5.41728766e-04
-1.66052525e-03
-2.70256873e-03
-2.56369729e-03
-1.84972844e-03
-1.14559879e-03
-7.35737356e-04
-5.00978116e-04
-2.98230437e-04
-8.46767662e-05
1.31317179e-04
3.45279208e-04
5.26817321e-04
5.48928708e-04
3.47500318e-04
6.22968915e-05
-2.85157283e-05
2.56037586e-04
7.69000861e-04
1.14797237e-03
1.09932218e-03
6.34552177e-04
-2.55583370e-05
-5.62495835e-04
-7.89592241e-04
-6.57171008e-04
-2.64743698e-04
1.76708216e-04
4.22007620e-04
2.92546687e-04
-1.72937497e-04
-7.10025080e-04
-9.88498240e-04
-8.51694759e-04
-4.05043567e-04
1.50557103e-04
6.02637270e-04
7.74478548e-04
6.29046544e-04
2.23132943e-04
-3.03794020e-04
-6.96676366e-04
-7.14042508e-04
-2.45351031e-04
4.86980338e-04
1.06215372e-03
1.18083953e-03
7.94762972e-04
1.25045679e-04
-4.98122955e-04
-8.48725615e-04
-8.75635120e-04
-6.96574753e-04
-4.97547376e-04
-3.59714333e-04
-2.14732863e-04
4.72001470e-05
4.37719152e-04
8.47985003e-04
1.10303641e-03
1.01477899e-03
5.48982973e-04
-1.01058301e-04
-6.61752762e-04
-9.23704572e-04
-8.25800616e-04
-5.15121925e-04
-2.22951705e-04
-4.26798693e-05
7.59479923e-05
1.91289599e-04
3.23461583e-04
4.44928287e-04
4.64735597e-04
2.94722665e-04
-1.04162172e-05
-2.83568103e-04
-1.78611834e-04
-1.38985615e-04
-5.79035038e-07
1.72460440e-04
2.95063416e-04
3.16872215e-04
2.44983006e-04
1.26808501e-04
1.43108439e-05
-6.33275644e-05
-1.05047692e-04
-1.25506268e-04
-1.38594192e-04
-1.48416948e-04
-1.50603592e-04
-1.39356486e-04
-1.13500722e-04
-7.76444165e-05
-3.91355629e-05
-4.10757780e-06
2.46546491e-05
4.72668941e-05
6.47457424e-05
7.73118848e-05
8.51607307e-05
1.19788211e-04
3.05307704e-04
6.27257393e-04
8.40278021e-04
7.23913873e-04
1.97058376e-04
-6.65059268e-04
-1.49415931e-03
-1.89536550e-03
-1.67371926e-03
-9.25184557e-04
2.70371834e-05
8.31351922e-04
1.27402333e-03
1.32353223e-03
1.07410380e-03
6.35654990e-04
-3.50106655e-05
-9.44193068e-04
-1.67955236e-03
-1.60037545e-03
-5.67280649e-04
9.31448569e-04
2.20818722e-03
2.76713636e-03
2.46769442e-03
1.51639931e-03
3.36393872e-04
-6.17693070e-04
-1.13529513e-03
-1.30035728e-03
-1.35378562e-03
-1.52107897e-03
-1.75032389e-03
-1.79080479e-03
-1.43002643e-03
-7.52681555e-04
2.56283911e-05
7.24501593e-04
1.17454325e-03
1.22832011e-03
9.31028859e-04
5.49251947e-04
3.33325580e-04
3.43699244e-04
4.49927255e-04
4.81747206e-04
3.51651250e-04
8.25271644e-05
-2.62172135e-04
-5.06802961e-04
-4.80197527e-04
-2.02737593e-04
7.86901102e-05
1.86734553e-04
1.23037692e-04
-3.33887346e-05
-1.82812027e-04
-2.44746229e-04
-2.03466483e-04
-1.09296201e-04
-3.11386021e-05
-9.12867807e-06
-3.23408479e-05
-4.23907421e-05
1.53741652e-05
1.14072507e-04
1.77355190e-04
1.46823646e-04
5.07729301e-05
-4.52724079e-05
-1.09026704e-04
-1.24956378e-04
-8.56110104e-05
-7.77812216e-06
6.74788475e-05
6.99301158e-05
-5.82457911e-06
-4.76698084e-05
-1.85567902e-05
6.19374938e-06
-2.03328086e-05
-5.38802046e-05
-5.91860963e-05
-5.79311749e-06
1.27327613e-04
2.95182677e-04
4.04962032e-04
4.16983156e-04
3.17277241e-04
9.57166061e-05
-2.47497381e-04
-6.18373152e-04
-8.54924775e-04
-8.23113538e-04
-5.15173453e-04
-5.09759755e-05
3.89830692e-04
6.34620735e-04
5.99134689e-04
3.38831629e-04
3.64629243e-05
-1.22846898e-04
-3.79711611e-05
-5.25710341e-05
-5.18770361e-05
-4.04369850e-05
-2.56330070e-05
-1.29040762e-05
-3.81518160e-06
2.86736916e-06
8.92589791e-06
1.50560774e-05
2.06159375e-05
2.44575714e-05
2.58517735e-05
2.48317372e-05
2.20002243e-05
1.81658399e-05
1.40536970e-05
1.01863322e-05
6.83517218e-06
3.96231602e-06
1.28022762e-06
-1.53655950e-06
-4.63206508e-06
-7.86145914e-06
-1.08232145e-05
-1.30585089e-05
-1.30170517e-05
2.87724053e-06
5.98469468e-05
1.58795549e-04
2.39346022e-04
2.06984428e-04
1.67731936e-05
-2.70803732e-04
-5.22270097e-04
-6.12383809e-04
-5.02625662e-04
-2.43632064e-04
7.14390292e-05
3.49327294e-04
5.22366304e-04
5.67935255e-04
5.02558311e-04
3.51692204e-04
1.45692212e-04
-8.30126189e-05
-3.45255140e-04
-6.41186682e-04
-8.82667542e-04
-8.64052154e-04
-4.19524834e-04
3.34970735e-04
1.06757083e-03
1.45644046e-03
1.37021373e-03
8.88948752e-04
2.21366505e-04
-4.08778954e-04
-8.33623794e-04
-9.96509344e-04
-9.50065267e-04
-7.83730373e-04
-5.41825327e-04
-2.90246255e-04
-8.12728257e-05
5.58490200e-05
1.36969562e-04
1.87336875e-04
2.66218713e-04
3.98364166e-04
5.43458504e-04
6.24967640e-04
5.95943862e-04
4.19995202e-04
9.46732102e-05
-2.91109571e-04
-6.13946132e-04
-7.55846236e-04
-6.46995794e-04
-3.43680118e-04
-7.99540044e-06
1.98475692e-04
2.57773251e-04
2.47659856e-04
2.20699543e-04
1.95451540e-04
1.59048743e-04
8.75277140e-05
-1.97616498e-05
-1.09178541e-04
-1.04296240e-04
1.04731837e-05
1.68654363e-04
2.71664395e-04
2.43687232e-04
8.76250229e-05
-1.26811082e-04
-3.19453363e-04
-4.24135477e-04
-4.04520960e-04
-2.86554752e-04
-1.45253882e-04
-1.28810417e-05
1.21834430e-04
2.37835222e-04
3.03728730e-04
3.10074821e-04
2.76220902e-04
2.34871998e-04
1.79739659e-04
5.76442942e-05
-1.89034093e-04
-5.21249938e-04
-7.83714805e-04
-7.99203881e-04
-4.97947774e-04
3.35812770e-05
6.17684131e-04
1.05947698e-03
1.19933228e-03
9.89222739e-04
5.24934038e-04
-2.76936792e-05
-5.26283698e-04
-8.73177261e-04
-9.84769130e-04
-8.35023788e-04
-5.03519115e-04
-8.27346144e-06
9.94919094e-05
1.56419338e-04
1.83487745e-04
1.99973848e-04
2.11512420e-04
2.12295357e-04
1.94698644e-04
1.57220514e-04
1.05921429e-04
5.05308245e-05
-5.14719752e-07
-4.26596850e-05
-7.48967762e-05
-9.79169621e-05
-1.12438781e-04
-1.18716485e-04
-1.16994308e-04
-1.08064730e-04
-9.32820413e-05
-7.40664007e-05
-5.16620796e-05
-2.73577546e-05
-2.75306044e-06
2.02702070e-05
3.98014453e-05
5.41562023e-05
6.03632149e-05
3.97063773e-05
-3.63149414e-05
-1.31263045e-04
-1.44253349e-04
-9.00577072e-06
2.23501379e-04
4.23422424e-04
4.81605896e-04
3.66631493e-04
1.19260750e-04
-1.78040939e-04
-3.95258074e-04
-4.17669098e-04
-2.74410189e-04
-1.00143961e-04
-2.30133113e-05
-8.89535193e-05
-2.67047159e-04
-4.58809700e-04
-5.75810297e-04
-6.50211653e-04
-6.47091678e-04
-2.66583531e-04
6.43936778e-04
1.67212688e-03
2.26441360e-03
2.20201955e-03
1.46998144e-03
2.60468687e-04
-9.59531017e-04
-1.71426498e-03
-1.76929111e-03
-1.20775533e-03
-3.50025958e-04
4.12369044e-04
7.36161449e-04
5.46816882e-04
7.49410572e-05
-4.72449977e-04
-9.98612175e-04
-1.42021731e-03
-1.62430292e-03
-1.44910998e-03
-8.59005289e-04
-3.57234111e-05
7.74763126e-04
1.37806651e-03
1.70271759e-03
1.74838460e-03
1.53072122e-03
1.12754717e-03
6.54573068e-04
2.08789203e-04
-1.29125510e-04
-3.17743562e-04
-3.68827804e-04
-3.19886935e-04
-2.26479912e-04
-1.76919387e-04
-2.11948207e-04
-3.10977348e-04
-4.37389737e-04
-5.75284574e-04
-6.46169412e-04
-6.17874618e-04
-5.51263909e-04
-4.68158779e-04
-3.83224715e-04
-2.96721932e-04
-1.77919704e-04
3.36301041e-05
3.26324081e-04
6.17599732e-04
8.27701989e-04
8.99867864e-04
7.99010501e-04
5.83808154e-04
3.86699350e-04
2.73895157e-04
2.40236317e-04
2.18947030e-04
1.24993048e-04
-9.78227786e-05
-4.38113530e-04
-8.20283759e-04
-1.06573092e-03
-1.02503509e-03
-7.37841021e-04
-3.68652445e-04
-4.73443123e-05
1.68654072e-04
2.76238860e-04
3.05768719e-04
3.07405445e-04
3.44108206e-04
4.36776335e-04
5.07446966e-04
4.48801067e-04
2.62220956e-04
5.54657553e-05
2.77536618e-04
2.19525272e-04
1.54364517e-04
8.80065785e-05
2.43779236e-05
-3.40237412e-05
-8.50491329e-05
-1.26302514e-04
-1.55531407e-04
-1.71458409e-04
-1.74252107e-04
-1.65404432e-04
-1.47202272e-04
-1.22134728e-04
-9.24812706e-05
-6.01326846e-05
-2.67556648e-05
5.76406539e-06
3.51639405e-05
5.92279798e-05
7.64141218e-05
8.61453016e-05
8.86439899e-05
8.46723150e-05
7.54237795e-05
6.24131334e-05
4.72438148e-05
3.13088846e-05
1.56460219e-05
1.51055868e-06
-5.22241099e-06
7.06799611e-06
3.97384480e-05
6.68537896e-05
4.39649110e-05
-4.15379704e-05
-1.61930524e-04
-2.65545643e-04
-3.01935576e-04
-2.52816193e-04
-1.40455530e-04
-8.26983568e-07
1.36429095e-04
2.43188101e-04
2.94836748e-04
2.90982735e-04
2.40622135e-04
1.50960007e-04
4.01755673e-05
-4.59782031e-05
-6.06883663e-05
1.14064938e-05
7.96431875e-05
-7.62468853e-05
-5.63058162e-04
-1.05755214e-03
-1.06709200e-03
-4.27666616e-04
5.66449517e-04
1.39144179e-03
1.62064138e-03
1.19940323e-03
4.11515581e-04
-3.37824260e-04
-7.83685401e-04
-8.78745800e-04
-7.15068854e-04
-4.14051780e-04
-1.06883417e-04
8.00804683e-05
9.87832530e-05
1.46988948e-05
-4.26342193e-05
1.12299060e-05
1.41629788e-04
2.46040643e-04
2.52368376e-04
2.00902077e-04
1.36409908e-04
7.79080152e-05
9.26518079e-06
-8.53289559e-05
-1.95503379e-04
-2.96885951e-04
-3.67592270e-04
-3.63689325e-04
-2.44042781e-04
-3.17908197e-05
1.60204081e-04
2.52379713e-04
2.71387575e-04
2.79060943e-04
2.79035583e-04
2.26125218e-04
1.18745680e-04
1.78475821e-05
-2.18478180e-05
5.75664410e-06
4.85598476e-05
5.30561455e-05
-9.99076299e-08
-7.96782134e-05
-1.56065199e-04
-2.36203949e-04
-3.27459992e-04
-3.90796874e-04
-3.49236213e-04
-1.54439236e-04
1.42000227e-04
3.91187936e-04
4.32281943e-04
2.35819534e-04
-8.11861826e-05
-3.33562418e-04
-3.68871577e-04
-1.44459575e-04
2.12161078e-04
4.84683906e-04
5.33933942e-04
3.84434144e-04
1.40723499e-04
-9.70577669e-05
-2.41194992e-04
-2.42344802e-04
-1.21830726e-04
5.07498862e-05
1.75301150e-04
1.48316402e-04
