9.54079360e-07
2.06401422e-06
1.78629973e-06
7.69229378e-07
-3.17611605e-07
-8.65731616e-07
-2.97114284e-07
1.03592246e-06
1.02479828e-06
-1.14287871e-06
-3.01070172e-06
-1.79805793e-06
9.62547677e-07
2.21012401e-06
1.77688991e-06
7.46284760e-07
-1.41049943e-07
-8.39847322e-07
-1.04748035e-06
-1.45279951e-06
-1.57656412e-05
-7.26690126e-05
-5.04646598e-06
2.62026098e-04
3.05326371e-04
-1.03648929e-04
-6.61224172e-04
-5.48197462e-04
-7.15235167e-06
7.80874723e-04
8.41150300e-04
7.38139273e-05
-4.47831547e-04
-4.93576866e-06
5.43413133e-04
-1.90576695e-03
-4.01668729e-03
4.18802466e-03
5.50051033e-03
-1.47624483e-03
-3.17051531e-03
-1.87004767e-03
-5.93615574e-04
2.09335648e-03
4.63390970e-04
-5.47690772e-04
-9.61560199e-05
4.58261683e-04
1.46573681e-03
7.34891156e-04
-1.46563120e-03
-1.84373299e-03
-7.06590799e-04
1.04495051e-03
6.64584341e-04
7.76841804e-04
2.32952168e-05
-5.56331186e-04
-1.40404365e-04
5.76156307e-05
4.68611157e-04
-4.15337417e-05
-4.56968333e-04
-7.28620701e-04
-4.90687575e-04
9.23969503e-04
1.37675091e-03
-1.29384806e-04
-5.32381873e-04
-1.73115291e-04
-3.70305158e-04
-6.32458489e-04
2.28664644e-04
1.46989722e-03
-6.00766776e-04
-9.64050250e-04
4.24468306e-04
-2.51160119e-04
2.24837403e-04
9.87232253e-04
-3.13042826e-04
1.39132316e-04
1.17381181e-03
-1.76601933e-03
-1.70824421e-03
6.90428280e-04
2.72223947e-04
2.18805790e-04
1.53613737e-03
8.10689475e-04
-2.72011318e-04
-1.25403204e-03
-1.96466816e-03
3.71794027e-04
1.50365744e-03
1.46497740e-04
-1.45437709e-04
1.45083159e-04
-3.64469395e-05
-2.18588201e-05
-1.86722235e-04
-1.08515507e-04
3.63455252e-04
-5.20643234e-04
-3.05472341e-04
2.67784659e-04
6.70949054e-04
-1.13650673e-04
-2.69234878e-04
1.96527869e-04
1.59508065e-05
-3.06722983e-04
-4.48460323e-04
2.12645609e-04
5.79777517e-04
2.22382183e-05
1.24512779e-04
-5.68518406e-04
-8.44106227e-04
7.27646310e-04
1.24219316e-03
2.97195779e-04
-1.21286638e-03
-1.19983244e-03
3.15208439e-04
1.20927972e-03
-3.74949172e-05
-9.49235194e-04
2.85281142e-05
4.79012473e-06
-6.86249088e-05
-1.20689666e-04
-3.09242687e-05
1.40764973e-04
1.86285760e-04
7.40375280e-05
-5.28784268e-05
-1.21027194e-04
-1.28892931e-04
-8.63306254e-05
-1.27386083e-05
6.19837990e-05
8.68368442e-05
5.58250251e-05
4.06963761e-05
4.27727692e-05
8.38692381e-06
-5.66104089e-05
-1.71385167e-04
-3.29107958e-04
5.23288819e-04
9.65834759e-04
-8.28268721e-04
-9.91012143e-04
-9.05905883e-05
2.02105724e-04
4.28634909e-04
8.21238774e-04
6.93045358e-04
-4.49571995e-04
-5.39944455e-04
1.05403509e-03
-3.18701879e-03
-4.23820733e-03
5.71433858e-03
5.84890328e-03
-3.18001454e-03
-1.97311117e-03
3.47959338e-04
-1.74709661e-03
-1.39774417e-03
3.43754046e-04
1.31720050e-03
1.76832648e-03
7.11655061e-04
-9.53150705e-04
-1.54309300e-04
1.86753181e-04
-5.60902756e-04
-5.25247477e-04
-8.93972639e-04
-2.99464869e-04
1.25925572e-03
1.00513136e-03
1.59871355e-04
3.29770830e-04
-5.98940940e-04
-9.04886029e-04
1.08558675e-04
-1.70462909e-04
-6.36813123e-04
4.82194695e-04
8.30564010e-04
-1.86681666e-04
-1.78091894e-04
3.77651194e-04
6.67753688e-04
-2.95413937e-04
-7.62295309e-04
-7.55564223e-04
3.04247101e-04
4.43193969e-04
-4.28484274e-04
-2.84714990e-04
1.08616536e-03
8.37157337e-04
-7.44193243e-04
-4.79618574e-04
9.16906130e-04
-1.51828320e-04
-1.80103825e-03
-4.35914628e-04
1.35299048e-03
2.83222006e-04
-1.28609595e-04
8.48266241e-04
5.05313264e-04
-1.04937520e-03
-1.03930137e-03
4.04897660e-04
1.44720212e-04
-3.11686667e-04
3.38997526e-04
3.60809381e-04
2.61897058e-04
3.09433333e-04
-4.41150554e-04
-4.03141424e-04
-1.95772152e-04
-2.65361157e-04
-1.34853319e-04
6.43407475e-04
8.00516315e-04
-1.59600177e-04
-5.42070451e-04
2.30042489e-05
3.83192588e-05
-6.55004327e-04
-4.43963339e-05
6.76222516e-04
2.94537024e-04
-2.93785176e-04
-1.47028465e-04
1.94359713e-04
1.31355612e-04
-1.61448019e-04
-2.99264383e-04
-9.25841308e-05
6.68840072e-05
2.47886414e-04
3.49016149e-04
-2.04714446e-04
-4.67362701e-04
3.62418610e-05
3.42949057e-04
8.45179889e-05
4.68443567e-07
1.69241524e-06
6.28733547e-07
-1.12058870e-06
-9.87813445e-07
2.14307484e-07
7.23138126e-07
-7.98173430e-08
-1.10935212e-06
-1.15223680e-06
-3.92655095e-07
6.81646098e-07
1.37840001e-06
9.92640031e-07
1.35201470e-07
4.81520304e-07
7.19118523e-07
-1.55087804e-06
-3.06166896e-06
-1.12013868e-06
1.16666328e-06
1.73444706e-06
1.68333761e-06
-6.23485584e-06
-2.68434134e-05
8.77851636e-05
4.92921654e-05
-9.65550794e-05
-1.49457591e-04
-4.86799767e-05
9.94060861e-05
1.12057714e-04
1.36702040e-04
5.59149235e-05
-8.30930469e-05
-1.40813771e-04
-1.27298465e-04
-1.00030397e-04
5.70380793e-05
-2.98286369e-04
5.51353891e-04
1.17017392e-03
6.51541766e-04
-1.16797678e-03
-3.28345179e-03
-2.00283390e-03
2.66490495e-03
3.93545527e-03
1.73494613e-03
-2.59960064e-04
-1.79275312e-03
-2.26784436e-03
-1.85588658e-03
-5.94504578e-04
8.16325391e-04
1.57121995e-03
1.55155484e-03
6.74878443e-04
-8.76257064e-05
-3.00242878e-04
-8.15454371e-04
-1.12663845e-03
-3.79872219e-04
1.31988618e-04
4.03607222e-04
7.73256710e-04
3.17570821e-04
-6.40050965e-05
1.52390468e-05
-3.35834010e-04
-4.70792147e-04
1.34252969e-04
3.11893187e-04
-2.44358645e-04
-3.31975941e-04
4.36619538e-04
3.45643097e-04
-3.53971514e-04
-2.20941044e-04
3.97810810e-04
3.31332298e-04
-1.04137846e-04
-3.89489267e-04
-2.59952796e-04
2.45941316e-05
-1.02728299e-04
-2.61254419e-05
5.88266158e-04
4.07774537e-04
-2.29579629e-04
-4.02602167e-04
-2.84383032e-04
4.70834692e-05
3.45096747e-04
9.08247036e-05
-1.51622601e-04
-1.00036673e-04
5.97348716e-05
4.98074645e-05
-1.34981558e-04
-8.89127611e-05
2.30896342e-04
2.94012381e-04
6.73647665e-05
-3.34520427e-04
-4.30291177e-04
2.15776057e-05
3.22325864e-04
7.39593340e-05
-1.50664213e-05
1.27526572e-04
1.04480074e-04
-1.36318597e-04
-3.51975326e-04
-2.68181869e-04
3.80977525e-04
6.42858710e-04
-1.61913349e-04
-6.61740131e-04
-4.34850022e-05
4.14550291e-04
1.53918419e-04
-2.00304032e-04
-2.02338096e-04
8.01915076e-05
1.00064185e-04
-5.30514022e-05
1.65277500e-05
1.23716616e-06
-9.86414765e-09
-7.60751637e-07
-3.35671759e-07
-1.10462526e-07
-1.08378468e-06
-1.84468873e-06
-9.56892615e-07
7.90312536e-07
2.27145216e-06
2.42884806e-06
1.14290042e-06
-6.75917232e-07
-2.40622837e-06
-2.74927056e-06
-1.03415762e-06
5.83141910e-07
4.68230368e-07
5.54381811e-07
2.23024113e-06
2.66165368e-06
1.03984590e-06
-9.07358117e-07
-2.23502785e-06
1.58214026e-06
2.55900937e-05
5.88757420e-05
-1.51051101e-04
-2.31440415e-04
9.39847613e-05
4.73739195e-04
2.25629201e-04
-3.58202889e-04
-3.33783783e-04
-5.85618530e-05
1.39397222e-04
1.36674473e-04
-4.85440753e-05
6.66969805e-05
1.41295535e-04
-3.52305651e-04
-2.45720440e-04
1.23410314e-04
1.89221107e-03
2.63509552e-03
-4.66902422e-03
-6.23347287e-03
1.73489592e-03
6.16028691e-03
3.45457250e-03
-5.75132879e-04
-2.02829430e-03
-1.88715445e-03
-2.39251077e-03
-8.18718053e-04
1.14903351e-03
1.18461936e-03
5.95167647e-04
8.40725649e-04
9.64244905e-04
-2.13060169e-04
-1.23770256e-03
-6.00849252e-04
-8.10402378e-05
-1.49363335e-04
4.62408198e-05
2.44737772e-04
1.85597610e-04
1.16431356e-04
4.32975497e-04
-1.88674983e-05
-5.46810427e-04
-1.36424715e-04
2.63621033e-04
1.65238795e-04
-2.83542819e-04
-1.22249860e-04
1.88768067e-04
6.81952365e-05
1.05006806e-04
-1.78428924e-04
-1.85851328e-04
4.89492884e-05
2.46122480e-04
1.12149906e-04
-1.02680453e-04
-4.90978933e-05
1.86654904e-04
-3.33344624e-04
-7.01514901e-04
3.49935734e-04
7.80109786e-04
2.11360629e-04
-2.37492368e-05
-3.67574624e-04
-6.05463531e-04
1.13541548e-04
3.50398176e-04
3.63022764e-05
-1.16285334e-04
-5.40333823e-05
3.38999837e-04
2.78374768e-04
-4.27082307e-04
-7.08715306e-04
1.66620833e-04
7.43846836e-04
1.01875373e-04
-1.72923898e-04
1.26779774e-04
-1.11589748e-04
-5.07838116e-04
-6.37131847e-06
3.95402443e-04
-2.85343644e-04
-3.48028590e-04
4.93061830e-04
6.08083099e-04
-3.04796873e-05
-4.07191763e-04
-1.86030993e-04
-1.09263807e-04
-1.68483793e-04
2.08006141e-04
4.22239773e-04
-1.30864767e-04
-2.86892119e-04
2.01545152e-04
1.90160365e-07
-2.98229157e-07
-4.75423516e-07
-1.92739715e-07
4.32728111e-09
-2.73842482e-07
-2.66345318e-07
2.57011281e-07
-2.02808299e-07
-4.01378671e-07
3.03100430e-07
3.95108159e-07
1.82877308e-07
2.17853743e-07
1.16274810e-07
-2.36058504e-08
-1.70140502e-07
-3.31965823e-07
2.58922457e-08
4.40447207e-07
2.01881995e-07
-5.25139031e-07
-8.88354826e-07
-4.59875726e-07
9.14769528e-07
2.86560246e-06
7.59942340e-06
8.39365566e-06
-4.55166887e-05
-5.04304823e-05
3.80692422e-05
1.93267446e-04
-4.04600305e-05
-2.58666651e-04
-6.45941751e-05
3.38806731e-04
1.50193461e-04
-3.32127655e-04
-1.31347197e-04
1.83881305e-04
4.66304685e-05
-2.10012064e-04
1.27607544e-04
-1.23870392e-04
3.31666083e-04
2.55597823e-03
-2.54495362e-03
-3.35479705e-03
7.93913577e-04
3.47087341e-03
1.43688580e-03
-1.23753116e-03
-3.38561854e-04
-2.68999564e-04
-2.06261471e-03
-5.27045940e-04
2.51613778e-03
3.01514180e-04
-1.70559994e-03
9.28490616e-05
2.50051979e-03
-6.70793130e-04
-2.09317753e-03
1.69557875e-03
-2.02682917e-04
-1.02540663e-03
6.15212110e-04
-3.59388995e-04
3.91506959e-04
4.78448623e-04
-1.08386584e-03
4.20375910e-04
2.35913918e-04
1.30428815e-03
-4.55400031e-04
-2.59920425e-03
4.67316026e-04
2.81760413e-03
-1.14454574e-03
-1.90311750e-03
2.00775894e-03
6.97577500e-04
-2.15030692e-03
1.15788070e-03
3.39200720e-04
-1.44850675e-03
8.47671688e-04
6.38761315e-04
-2.01631308e-03
1.00138459e-03
1.52044028e-03
-4.43272357e-04
-4.54441709e-04
-5.81082311e-04
9.98889593e-04
4.90074360e-04
-2.31058954e-03
-1.63172653e-03
2.33100669e-03
1.56884339e-03
-9.79836084e-05
1.78529960e-04
-1.23842165e-04
-1.19544558e-03
-1.08156296e-03
6.65988109e-04
3.04985419e-04
-4.40574356e-04
9.22535544e-04
9.13586568e-04
-9.26759524e-04
-9.98575458e-04
3.35243173e-04
1.19656797e-03
4.47287044e-04
-1.71436639e-03
-1.49534633e-04
1.11841876e-03
-9.67106191e-04
2.17407284e-04
9.68843968e-04
-6.46704326e-04
-8.56709798e-04
1.11627300e-03
7.23013156e-04
-9.95382737e-04
-5.72238928e-04
1.35922704e-05
-1.58527609e-06
-1.23750055e-06
8.03882358e-07
2.80233995e-06
2.52316999e-06
8.27844129e-07
-5.09023506e-07
-1.32447413e-06
-1.48122474e-06
-1.16684109e-06
-8.84872935e-07
-5.35938168e-07
3.65578563e-07
1.18225232e-06
9.73381913e-07
4.71630054e-07
3.61946108e-07
-1.02212563e-07
-7.89912376e-07
-7.09350580e-07
-2.43226328e-07
-1.58877712e-07
1.58730791e-07
7.72179079e-07
-1.14557115e-05
-1.49304661e-04
1.70262894e-04
4.78016240e-04
-1.98851853e-04
-7.38949927e-04
1.23362779e-04
7.91892755e-05
-1.78795389e-04
3.76859260e-04
8.39169111e-04
1.38165781e-04
-6.92367219e-04
-6.69352101e-04
-1.79214584e-04
3.39930230e-04
1.24807176e-04
-4.36402533e-04
1.25983279e-04
3.46920524e-03
-2.97092220e-04
-6.26468646e-03
-2.21657722e-03
6.84430888e-03
2.81461633e-03
-3.60632125e-03
-4.05947435e-04
1.92290688e-03
-1.27346250e-03
-1.86923855e-03
-3.21533641e-04
1.88886912e-04
7.08042935e-04
5.20715236e-04
9.77799557e-04
7.02348426e-04
-1.84497040e-04
-1.62737881e-03
-4.05018467e-04
8.24569293e-04
-1.57748635e-04
-8.90822038e-04
2.94144741e-04
1.35219533e-03
-1.45233176e-04
-6.38289630e-04
2.33862364e-04
3.29198388e-04
-3.66623030e-04
-6.44901048e-04
8.20735496e-05
7.97952732e-04
2.25540095e-04
-1.08176093e-03
-3.33872208e-04
1.23848209e-03
2.16253138e-04
-1.00696932e-03
3.72601745e-04
8.81859517e-04
-7.45983138e-04
-5.11920994e-04
4.13226171e-04
-2.94872643e-04
-3.09102033e-04
6.90414251e-04
1.01636094e-04
-2.22435628e-04
2.78007334e-04
1.32922875e-04
-2.61381161e-04
-7.35258263e-05
-2.25796126e-04
-2.50023585e-04
9.59749030e-05
3.04460679e-04
3.13706388e-04
-1.73787499e-04
-1.67688077e-04
1.27304148e-04
1.61630855e-04
-2.71425756e-04
-1.84556073e-04
2.90100081e-04
1.39779984e-04
-2.44713759e-04
-1.54259514e-04
-1.39305530e-04
2.92040394e-05
3.17091672e-04
1.75636900e-04
2.60392696e-05
2.18983229e-04
-1.79508756e-05
-5.07433289e-04
-2.46053463e-04
5.93373780e-05
-1.34694038e-04
1.01631432e-04
3.71958406e-04
2.16688760e-04
1.59181400e-05
1.96038457e-05
-2.37972906e-04
-6.84725418e-07
-2.26309152e-07
3.10000935e-07
6.47596674e-07
7.42046369e-07
2.94699134e-07
-5.98599331e-07
-1.03190362e-06
-3.84939712e-07
5.69614784e-07
7.47597219e-07
8.36210386e-08
-3.78844998e-07
-2.37088051e-07
3.84907117e-08
-1.90771101e-08
-5.54205184e-07
-5.58721815e-07
5.05310366e-07
1.27642186e-06
7.28611664e-07
-3.47241500e-07
-7.43402231e-07
-4.61723048e-07
1.54101282e-07
-1.62593554e-08
-8.65046572e-06
-2.78810132e-05
5.42553646e-05
8.87145693e-05
-2.61046247e-06
-1.70712927e-04
-1.66941850e-04
6.15882046e-05
2.02141038e-04
1.48045073e-04
2.27457405e-05
-1.07606988e-04
-1.22015836e-04
-8.95671188e-05
1.44279362e-05
7.07852778e-05
6.28549971e-05
7.66906928e-06
-2.64098735e-04
-1.83642440e-04
6.14417594e-04
1.60656867e-03
2.03009219e-04
-3.15345167e-03
-3.64231363e-03
1.56495876e-03
4.58294368e-03
2.51326528e-03
-1.74211703e-04
-1.70958574e-03
-2.42236714e-03
-2.00071478e-03
-4.58540600e-04
7.16329975e-04
1.34246605e-03
1.77381895e-03
1.42156229e-03
-7.96533578e-04
-1.11654263e-03
-1.01921615e-04
-4.59176097e-04
-9.30685689e-04
-1.04884823e-04
6.66065799e-04
3.30632169e-04
2.63552914e-04
4.95370907e-04
1.25267863e-04
-2.85530000e-04
-1.59956353e-04
-4.88812583e-04
-3.77433216e-04
6.13208761e-05
1.68499792e-04
3.41631510e-04
2.48897553e-04
2.60670443e-05
-4.43109031e-05
1.22107022e-04
-2.08979905e-04
-4.74733312e-04
-2.01336847e-04
2.17691035e-04
3.85008929e-04
3.09357182e-04
2.68148979e-05
-3.67640675e-04
-1.65752607e-04
1.36844291e-04
-1.78006772e-04
-2.54907843e-04
3.48675685e-04
3.61362858e-04
-5.72204159e-05
-2.25614843e-04
-6.95242649e-05
1.14722858e-04
1.05854704e-04
-2.10822168e-04
-3.64690243e-04
3.38430811e-04
3.04407631e-04
-8.40460287e-05
-2.16429945e-04
-5.39124930e-05
8.53079030e-05
1.52576055e-04
1.18962328e-04
4.12220973e-06
-2.71488007e-04
-1.86082913e-04
3.73789276e-05
-1.76590926e-05
-1.23529460e-05
2.01394019e-04
2.94396819e-04
4.69043626e-05
-1.80732574e-04
-6.56229443e-05
4.79510814e-05
-2.04063122e-04
-3.74233168e-04
-5.64707374e-08
4.07248878e-07
1.75527598e-07
-2.65456361e-07
-4.78853569e-08
2.89871226e-07
2.64860481e-07
-1.69257245e-08
-2.87400475e-07
-3.14692244e-07
-1.90847244e-07
-2.58347089e-08
3.73567195e-08
4.41278220e-07
8.29851361e-07
1.00685871e-08
-7.31437523e-07
-5.59439698e-07
-3.03134706e-07
4.69647935e-07
9.52731176e-07
1.07640453e-07
-9.67785773e-07
-9.80479852e-07
1.40776635e-07
1.18438920e-06
5.58493827e-07
-8.59714323e-06
-3.74356794e-05
5.09160147e-05
8.04427349e-05
7.58895238e-06
-3.59397132e-05
-2.00463712e-04
-5.38609319e-05
2.14570028e-04
7.78443852e-05
-1.62149384e-04
9.55586865e-05
2.32527004e-04
-2.97397602e-04
-2.33543830e-04
2.04718472e-04
2.49656480e-04
-1.89125895e-04
-6.47976508e-05
1.02921802e-03
2.02908771e-04
-3.19854723e-03
-1.55397570e-03
4.09344498e-03
2.47495999e-03
-1.91139532e-03
-1.57475946e-04
8.81729567e-04
-2.36979894e-03
-1.85965410e-03
2.84420207e-04
1.57374706e-04
1.16750534e-03
2.63727090e-03
7.60572918e-04
-1.16067070e-03
-6.97604505e-04
-2.74180756e-04
-1.30405084e-03
-1.02595779e-03
6.55667351e-04
1.00897240e-03
4.95308139e-04
5.10401216e-04
-1.22688020e-04
-4.91912154e-04
-3.74127473e-04
-1.60423991e-04
4.17856148e-04
2.83805852e-04
-5.18196913e-04
-1.59092157e-04
8.87104038e-04
-2.85316434e-04
-1.06277477e-03
5.17553281e-04
5.81882461e-04
-5.91250142e-04
3.62457456e-04
8.56706040e-04
-6.54567505e-04
-8.90193632e-04
3.11220768e-04
3.52232816e-04
5.51846456e-05
-2.21384149e-04
1.41852557e-04
4.71975573e-05
-1.97078706e-04
1.57643935e-04
3.19425679e-04
-5.12695628e-04
7.24926511e-05
4.61358758e-04
-2.23401894e-04
-4.73904522e-04
3.19388166e-04
-3.61481929e-05
-4.00879749e-04
3.71148632e-04
4.87102642e-04
-1.09811646e-04
-4.04045880e-04
-2.90546633e-05
3.26036371e-04
5.05628840e-05
-3.43460952e-04
-1.96993122e-04
2.17693579e-04
-4.31825436e-05
-3.87125070e-05
3.83156621e-04
3.76418257e-04
-6.22720622e-04
-3.51481644e-04
3.34040378e-04
-1.07578071e-04
-9.27713637e-05
4.70971462e-04
9.22939523e-05
-2.47768962e-04
-2.64523930e-07
-7.18699744e-07
-1.40565764e-06
-1.50835705e-06
-7.90971689e-07
2.82090885e-07
1.31722210e-06
1.33250895e-06
7.78200804e-07
4.71219963e-07
4.73840839e-09
-2.50483395e-07
-3.91712197e-07
-7.39450463e-07
-1.16565104e-06
-8.59841962e-07
-4.94682318e-08
2.69886315e-07
2.92269465e-07
1.12288468e-06
1.91867072e-06
1.32026296e-06
-3.26419072e-07
-1.76080853e-06
-2.03233310e-06
-1.10720542e-06
5.52437130e-07
9.13475386e-07
-3.79035317e-07
-2.90314612e-06
-8.70483435e-06
2.21868176e-05
3.74648769e-05
5.42603057e-06
-9.77373263e-05
-7.53941059e-05
7.28166386e-05
9.55121004e-05
2.81431286e-05
2.61265139e-06
-5.76176317e-05
-8.85751889e-05
1.82415560e-06
1.16144274e-04
1.18976364e-05
-1.53691484e-04
2.84761646e-05
9.69062870e-05
-1.79445502e-05
-1.02233618e-04
-6.54471055e-05
-8.79736149e-05
6.18650035e-04
1.78075476e-03
-7.83332082e-04
-4.64960139e-03
-1.75201061e-03
4.51823147e-03
3.93032663e-03
-2.94016758e-05
-1.31570133e-03
-1.92981469e-03
-1.77515525e-03
-7.34655169e-04
4.64933472e-04
1.06119463e-03
1.28392260e-03
6.97896801e-04
-6.85964118e-05
-1.77529060e-04
-3.97536560e-04
-8.63240271e-04
-6.23155694e-04
6.97511623e-05
7.98351080e-04
2.61778452e-04
1.97157351e-05
1.80471423e-04
-1.38715668e-04
-1.97306446e-04
-7.80617261e-05
-1.69870646e-04
-1.79398813e-04
-7.29464009e-06
5.20651598e-04
7.06247032e-04
-1.89717519e-04
-7.58462569e-04
-5.78746732e-04
9.06604274e-06
3.68605711e-04
4.35219773e-04
2.61630934e-04
-3.75636211e-05
-7.38452594e-05
-5.27022955e-05
-2.27887103e-04
-2.97279962e-04
-1.16652247e-04
3.88040100e-05
3.68396050e-04
4.95626280e-04
-7.78483577e-05
-6.04932017e-04
-2.24943032e-04
5.79527975e-04
3.97424059e-04
-5.81051416e-04
-3.79863383e-04
3.22351471e-04
-5.94363678e-05
-8.94624570e-05
4.21921697e-04
1.53143439e-04
-2.73586117e-04
5.67213122e-05
-8.27571734e-05
-4.38134642e-04
6.36979325e-05
5.20254469e-04
-2.16204154e-05
-3.16320319e-04
2.28417949e-04
2.44438353e-04
-2.87449450e-04
-3.52394929e-04
4.42873273e-05
3.60629356e-04
