3.41734362e-03
3.05579422e-03
2.54155727e-03
1.92600494e-03
1.25937994e-03
5.88510390e-04
-4.50157795e-05
-6.06426656e-04
-1.06875931e-03
-1.41348946e-03
-1.63112548e-03
-1.72137779e-03
-1.69258459e-03
-1.56027617e-03
-1.34500619e-03
-1.07006054e-03
-7.59364734e-04
-4.35732506e-04
-1.19793995e-04
1.70403257e-04
4.18484638e-04
5.92155753e-04
5.80970071e-04
2.58898463e-04
-2.34990966e-04
-5.11922215e-04
-2.21544391e-04
6.86298356e-04
1.84133497e-03
2.72409928e-03
2.92475754e-03
2.32794251e-03
1.22229628e-03
1.25640440e-04
-8.61074463e-05
1.25071927e-03
3.26778522e-03
3.41511783e-03
5.93664173e-04
-3.83510523e-03
-7.54600276e-03
-9.12950416e-03
-8.39503061e-03
-6.01291800e-03
-3.01239575e-03
-2.46502449e-04
1.94241311e-03
3.61214930e-03
4.66928105e-03
5.01767297e-03
4.63474527e-03
3.85555837e-03
3.04246512e-03
2.39345314e-03
1.69911553e-03
8.17864196e-04
-9.23638618e-05
-8.05140932e-04
-1.21128879e-03
-1.52034218e-03
-2.02215353e-03
-2.63730579e-03
-2.95043848e-03
-2.60051571e-03
-1.66442883e-03
-5.03747438e-04
4.87104934e-04
1.02475768e-03
1.27557068e-03
1.32293614e-03
9.49971662e-04
1.78663664e-04
-4.86576989e-04
-5.77842418e-04
-7.15325577e-05
5.52646262e-04
7.91822432e-04
5.28369445e-04
8.46134294e-05
-2.12444618e-04
-1.95714511e-04
9.23618996e-05
5.50558747e-04
8.74013093e-04
7.42610324e-04
2.13772612e-04
-4.01397174e-04
-9.49867732e-04
-1.31084077e-03
-1.35074966e-03
-1.04801300e-03
-4.95472859e-04
2.39440153e-04
1.09779534e-03
1.68818245e-03
1.61946925e-03
9.72446686e-04
2.33457372e-04
-3.27428803e-04
-7.88237878e-04
-1.24509439e-03
-1.43096324e-03
-1.15841831e-03
-5.35295593e-04
1.07793818e-04
5.32715704e-04
7.01979416e-04
6.28198227e-04
4.29378566e-04
2.85481344e-04
3.48435927e-04
4.69363081e-04
4.40987037e-04
2.45376884e-04
-1.03319594e-04
-4.86547272e-04
-6.65668095e-04
-4.91562902e-04
-1.23692862e-04
1.14225848e-04
-2.39365460e-05
-3.40618706e-04
-4.99768362e-04
-3.23691568e-04
1.97785686e-04
7.66938816e-04
9.38568990e-04
5.59631246e-04
7.34281366e-05
5.95945963e-05
4.26167750e-05
2.41791344e-05
5.95511420e-06
-1.06077379e-05
-2.42601473e-05
-3.40513541e-05
-3.96385043e-05
-4.14258614e-05
-4.03718911e-05
-3.75358443e-05
-3.34832352e-05
-2.80791243e-05
-2.09498980e-05
-1.22046839e-05
-2.78589643e-06
5.72449551e-06
1.18044570e-05
1.47817724e-05
1.33298213e-05
-1.14547834e-05
-1.00992091e-04
-2.26897003e-04
-2.70074466e-04
-1.54934869e-04
9.80935402e-05
3.92251131e-04
5.97260245e-04
5.75761188e-04
3.03377604e-04
-6.72570603e-05
-3.13248813e-04
-2.18497686e-04
2.23073919e-04
6.93155507e-04
5.64295031e-04
-4.05513736e-04
-1.35348178e-03
-1.35187401e-03
-5.23080452e-04
3.45982701e-04
6.04419970e-04
1.74474433e-04
-4.76063465e-04
-7.14615367e-04
-2.69282071e-04
4.69972347e-04
9.20611905e-04
7.61929286e-04
2.15674577e-04
-2.38959967e-04
-3.38269562e-04
-1.16737925e-04
1.89117882e-04
2.96423628e-04
7.50309104e-05
-2.75649052e-04
-4.09236746e-04
-1.01176328e-04
5.06342392e-04
1.03377070e-03
1.11506371e-03
6.26746393e-04
-1.44760161e-04
-8.34715615e-04
-1.23696944e-03
-1.28877294e-03
-1.01927510e-03
-4.83622746e-04
1.57700184e-04
6.25417670e-04
6.61922070e-04
4.07966907e-04
1.11754500e-04
-1.14950409e-04
-1.93795614e-04
-3.38504122e-05
2.79789784e-04
5.17380101e-04
5.78147642e-04
4.96141343e-04
2.84469152e-04
-3.34075881e-05
-3.65062174e-04
-6.18723640e-04
-7.61018425e-04
-7.48376662e-04
-5.81872506e-04
-2.43482718e-04
2.14521572e-04
6.29104691e-04
8.27318335e-04
7.46248882e-04
4.54316286e-04
1.05702481e-04
-1.53502469e-04
-2.79051041e-04
-2.86103306e-04
-2.28831445e-04
-1.63789061e-04
-1.15847556e-04
-8.10148343e-05
-4.09506442e-05
1.77946536e-05
5.85811340e-05
5.97132454e-05
3.38081126e-06
-1.00936847e-04
-1.73698202e-04
-1.64223189e-04
-9.85440901e-05
-3.23118348e-05
5.47407568e-05
1.64896530e-04
2.45336609e-04
2.34016712e-04
1.29468478e-04
-3.64029918e-06
-6.46816997e-05
-2.39286275e-05
4.76520379e-05
9.68641768e-05
1.17677041e-04
9.75554872e-05
3.87087516e-05
-2.56489502e-05
-9.08495605e-05
5.03853479e-04
6.13194369e-04
6.71297129e-04
6.78689711e-04
6.40437730e-04
5.65027087e-04
4.62519169e-04
3.42844098e-04
2.14976294e-04
8.69863233e-05
-3.36116369e-05
-1.39935576e-04
-2.26391169e-04
-2.89262192e-04
-3.26809709e-04
-3.39098711e-04
-3.27803086e-04
-2.96146914e-04
-2.48705918e-04
-1.90815505e-04
-1.27762050e-04
-6.41699227e-05
-3.80702244e-06
5.06102475e-05
1.01413309e-04
1.60625851e-04
2.36525962e-04
3.18108586e-04
3.69594156e-04
3.46232862e-04
2.21576830e-04
1.83091662e-05
-1.93372218e-04
-3.35823554e-04
-3.62035607e-04
-2.81420399e-04
-1.48568534e-04
-2.44497351e-05
4.76865926e-05
-1.00048584e-04
-7.24500552e-04
-1.73838495e-03
-2.51770573e-03
-2.11117926e-03
9.34879572e-05
3.33771993e-03
5.89146133e-03
6.31588683e-03
4.38053664e-03
1.15694105e-03
-1.80465138e-03
-3.50414769e-03
-3.84766596e-03
-3.35123998e-03
-2.65336840e-03
-2.11889661e-03
-1.75884625e-03
-1.38838504e-03
-8.42079641e-04
-1.04972711e-04
6.96825199e-04
1.35933668e-03
1.71492022e-03
1.73310292e-03
1.52339857e-03
1.26704596e-03
1.07442031e-03
9.26544910e-04
7.67199291e-04
5.69879254e-04
2.55948032e-04
-2.03234832e-04
-7.06372348e-04
-1.10244423e-03
-1.28123990e-03
-1.20820525e-03
-9.18962807e-04
-4.92409709e-04
-1.33241492e-05
4.34106556e-04
7.32601677e-04
7.92986709e-04
5.92035474e-04
1.86745647e-04
-2.81344342e-04
-6.19258150e-04
-7.00654057e-04
-5.43288903e-04
-2.51869761e-04
5.60761188e-05
2.91313535e-04
4.21095367e-04
4.35385260e-04
3.33286824e-04
1.49155929e-04
-2.96844904e-05
-1.26592586e-04
-1.12807659e-04
-1.07414911e-05
1.36133176e-04
2.47693244e-04
2.48225495e-04
1.38836250e-04
-8.23242524e-06
-1.09856428e-04
-1.15150054e-04
-6.52500329e-05
-5.60135551e-05
-1.38222898e-04
-2.56310361e-04
-3.09579376e-04
-2.58527765e-04
-1.41335858e-04
-4.98777310e-05
-3.72074568e-05
-7.61661300e-05
-7.85815217e-05
2.12510252e-05
2.12428827e-04
4.15914083e-04
5.27989190e-04
4.81795159e-04
3.21077646e-04
1.41367668e-04
1.07622486e-05
-7.12845555e-05
-1.74168848e-04
-3.57159895e-04
1.30297729e-05
3.50236994e-05
5.26515507e-05
6.47488993e-05
7.07106227e-05
7.07685471e-05
6.57208038e-05
5.66426706e-05
4.47791903e-05
3.14486759e-05
1.79242407e-05
5.32169575e-06
-5.50711383e-06
-1.41971538e-05
-2.09189809e-05
-2.59382257e-05
-2.91432830e-05
-3.00623183e-05
-2.84759639e-05
-2.50416879e-05
-2.10912807e-05
-1.78212280e-05
-1.55876563e-05
-1.39360322e-05
-1.23816749e-05
-1.55263210e-05
-4.99367670e-05
-1.64793505e-04
-3.26176316e-04
-3.85298994e-04
-1.94750457e-04
1.88889689e-04
5.38315015e-04
6.53365658e-04
5.10785595e-04
2.41150691e-04
3.94583563e-06
-1.01239105e-04
-6.71720915e-05
1.74873758e-05
1.99336509e-05
-1.07779174e-04
-2.35511941e-04
-1.95278219e-04
1.62050760e-04
6.03878425e-04
7.22585509e-04
4.06087700e-04
-1.36075359e-04
-7.00182269e-04
-1.11724899e-03
-1.15788393e-03
-8.82076796e-04
-5.75443376e-04
-3.89696473e-04
-2.59171933e-04
-4.92089322e-05
2.67635265e-04
6.43147446e-04
9.43449041e-04
1.03139295e-03
8.76854531e-04
5.95388248e-04
3.15032264e-04
1.25514909e-04
5.86127621e-05
4.38843576e-05
-3.49996246e-06
-1.09847779e-04
-2.60913848e-04
-3.42905692e-04
-2.88700686e-04
-1.85639652e-04
-1.58143605e-04
-2.54501169e-04
-3.99381837e-04
-5.09813047e-04
-5.73659398e-04
-5.68538843e-04
-4.16761601e-04
-8.16642123e-05
4.01612616e-04
8.77447117e-04
1.11527304e-03
9.86149288e-04
5.36968649e-04
-8.31837449e-06
-3.79998833e-04
-4.66937514e-04
-3.43145511e-04
-1.69765928e-04
-3.97478237e-05
5.37095445e-05
1.59437496e-04
2.64831282e-04
2.48203492e-04
-1.00599693e-05
-4.36034899e-04
-7.72099100e-04
-7.90291897e-04
-4.65559349e-04
5.12146667e-05
4.91223124e-04
6.22258925e-04
4.59640412e-04
2.23362147e-04
1.00129962e-04
5.16966106e-05
4.87500335e-06
-2.69491242e-05
-4.24270662e-05
-4.94206311e-05
-6.76952626e-05
-8.14890170e-05
-4.78031717e-05
1.33281337e-05
3.99014691e-05
1.77209196e-06
-7.83817073e-05
-1.26517062e-04
-7.02740647e-05
8.27011728e-05
2.47871844e-04
3.08671306e-04
1.63695943e-04
-1.67414105e-04
-4.72953589e-04
-5.15826505e-04
8.63417836e-04
1.13591479e-03
1.30966108e-03
1.38069449e-03
1.35312457e-03
1.23952866e-03
1.05859755e-03
8.31529459e-04
5.78971090e-04
3.19517732e-04
6.94147065e-05
-1.57521421e-04
-3.50218761e-04
-5.00672510e-04
-6.04022128e-04
-6.58502660e-04
-6.65455046e-04
-6.29268501e-04
-5.56999558e-04
-4.57621919e-04
-3.40962830e-04
-2.16533191e-04
-9.27809369e-05
2.31467226e-05
1.25281079e-04
2.05987604e-04
2.40867157e-04
1.57094390e-04
-1.11148794e-04
-4.20360446e-04
-4.23304358e-04
6.24068479e-05
7.96653007e-04
1.33259074e-03
1.37236982e-03
9.51058958e-04
3.43850299e-04
-1.81630755e-04
-4.82680857e-04
-5.41296117e-04
-4.64013399e-04
-4.00395457e-04
-3.13929565e-04
1.59452736e-04
1.53356955e-03
3.02617298e-03
2.41742414e-03
-7.52842804e-04
-4.37354740e-03
-5.86238853e-03
-4.60365222e-03
-1.95366094e-03
4.56323051e-04
1.77745751e-03
2.14574805e-03
1.91257061e-03
1.56963024e-03
1.43789595e-03
1.55171979e-03
1.51289097e-03
1.12421589e-03
6.94823046e-04
3.14207957e-04
-3.35482914e-05
-3.22821913e-04
-5.81262543e-04
-9.00952023e-04
-1.13876068e-03
-1.28606864e-03
-1.24100083e-03
-9.95594743e-04
-7.17700975e-04
-4.19228515e-04
-1.28386915e-04
1.80518283e-04
4.30015623e-04
7.04958702e-04
9.91100270e-04
1.06422862e-03
9.18829785e-04
4.65267920e-04
-2.15768394e-04
-5.35799821e-04
-1.66970994e-04
4.13985600e-04
6.31887339e-04
2.90219640e-04
-3.72285719e-04
-9.77240559e-04
-1.19836164e-03
-9.88953121e-04
-3.87170166e-04
2.25154997e-04
3.74407331e-04
1.92998340e-04
1.67170948e-04
4.43233702e-04
7.26397869e-04
7.36038430e-04
3.07560676e-04
-3.14190896e-04
-7.23708904e-04
-7.89641590e-04
-5.57233472e-04
-7.57454015e-05
4.46655219e-04
6.42795583e-04
4.54242723e-04
1.37347673e-04
-7.28048971e-05
-1.46000585e-04
-6.55925654e-05
1.75791369e-04
4.60220471e-04
4.87528360e-04
1.08348172e-04
-4.62227806e-04
-8.81170860e-04
-8.33280590e-04
-3.97146307e-04
4.54698218e-05
2.28092444e-04
2.10766800e-04
1.69613556e-04
1.18566891e-04
1.28776253e-05
-9.85331830e-05
-1.11494777e-04
-7.92011392e-03
-1.27717737e-02
-1.14453752e-02
-2.40951428e-03
1.04120793e-02
2.06484555e-02
2.38053633e-02
1.95789525e-02
1.11011833e-02
2.38563383e-03
-3.96193033e-03
-7.48670393e-03
-9.15621387e-03
-1.01107531e-02
-1.08382644e-02
-1.11253705e-02
-1.05253716e-02
-8.84719130e-03
-6.32885696e-03
-3.47856681e-03
-7.87819808e-04
1.46367813e-03
3.22244791e-03
4.54973491e-03
5.49865275e-03
6.05162426e-03
6.11553289e-03
5.65296459e-03
4.79472642e-03
3.76475448e-03
2.76276736e-03
1.91268659e-03
1.17141049e-03
3.87111618e-04
-5.56379727e-04
-1.60755936e-03
-2.56191287e-03
-3.21847557e-03
-3.49019995e-03
-3.40357180e-03
-3.05459807e-03
-2.53872752e-03
-1.91466678e-03
-1.15553084e-03
-1.31509076e-04
9.90046681e-04
1.75465903e-03
1.76566428e-03
1.18842877e-03
3.99136150e-04
-1.76902652e-04
-3.10493688e-04
-4.57287785e-05
3.59482820e-04
7.33776314e-04
9.84748920e-04
9.72375482e-04
7.13270444e-04
3.19008173e-04
-4.87545102e-05
-1.86607018e-04
9.21174917e-06
3.73945998e-04
5.66050461e-04
4.19243618e-04
-9.40649658e-06
-4.84415358e-04
-7.93649564e-04
-9.14370893e-04
-9.07384784e-04
-7.72842050e-04
-5.50088214e-04
-2.73874167e-04
4.33800358e-05
3.38362846e-04
5.04784862e-04
5.54751240e-04
5.43342066e-04
4.58794126e-04
2.63025694e-04
3.40507210e-05
-1.67667898e-04
-2.84125247e-04
-2.84263150e-04
-2.23291405e-04
-1.74946054e-04
-1.34190991e-04
-6.68674911e-05
2.72160414e-05
1.10760214e-04
1.57400463e-04
1.70150286e-04
1.93868327e-04
2.44337412e-04
3.16587952e-04
3.38334310e-04
2.20421117e-04
4.33340933e-07
-2.01766093e-04
-3.27756500e-04
-3.74629120e-04
-3.56663479e-04
-2.73588380e-04
-1.56011300e-04
-7.14978161e-05
-4.13318860e-05
-2.10699708e-05
1.50239782e-05
7.67507514e-05
1.55655062e-04
2.08783365e-04
1.85685476e-04
8.30742115e-05
-2.87025563e-05
-5.88252539e-05
2.49379615e-05
1.61147283e-04
2.46108280e-04
2.09724933e-04
5.15063458e-05
-1.72459748e-04
-3.77181880e-04
-4.66551640e-04
-3.41950767e-04
9.77165418e-07
4.20654740e-04
6.90292831e-04
6.29613566e-04
7.82941288e-04
6.75713448e-04
4.09092114e-04
1.16392939e-04
-1.06672568e-04
-2.35043277e-04
-2.96134301e-04
-3.29039393e-04
-3.53849000e-04
-3.66227808e-04
-3.51312083e-04
-3.00764123e-04
-2.20401967e-04
-1.26233318e-04
-3.51115729e-05
4.23580960e-05
1.03165191e-04
1.48785865e-04
1.81155597e-04
2.00550840e-04
2.05965030e-04
1.96768275e-04
1.74093399e-04
1.41128978e-04
1.02295573e-04
6.18638015e-05
2.34770416e-05
-4.58741146e-06
-3.68881940e-06
3.86582499e-05
1.02220066e-04
1.29907287e-04
6.64238906e-05
-9.36663081e-05
-2.96101765e-04
-4.54038732e-04
-5.02652898e-04
-4.30230872e-04
-2.74855236e-04
-9.21634204e-05
7.97777938e-05
2.27381653e-04
3.38726679e-04
3.82099389e-04
2.65674863e-04
-1.92415302e-04
-1.06793397e-03
-2.07166592e-03
-2.30643859e-03
-8.56772206e-04
2.01617526e-03
4.83443859e-03
5.89505648e-03
4.52473610e-03
1.50057977e-03
-1.61182035e-03
-3.53627997e-03
-3.87284764e-03
-3.10931834e-03
-2.10376050e-03
-1.43761497e-03
-1.18214811e-03
-1.03546810e-03
-6.56847962e-04
1.45835229e-05
7.83460883e-04
1.36778889e-03
1.57192209e-03
1.41132673e-03
1.09961555e-03
8.25497104e-04
6.34191919e-04
4.91410752e-04
3.24470877e-04
6.31781962e-05
-2.42665056e-04
-4.40676410e-04
-4.33889506e-04
-2.26340386e-04
5.29631325e-05
2.24208671e-04
1.93929278e-04
-6.09784694e-05
-4.78625403e-04
-8.59019207e-04
-9.75464989e-04
-7.25889860e-04
-2.14694699e-04
2.97648076e-04
5.78876125e-04
5.56299307e-04
3.20371148e-04
5.93977681e-05
-7.36258752e-05
-5.61737909e-05
1.55779682e-05
3.30273178e-05
-3.50261492e-05
-1.15785325e-04
-1.22634657e-04
-2.25797643e-05
1.43886580e-04
2.78607243e-04
3.07692239e-04
2.38445639e-04
1.36483171e-04
7.52954543e-05
5.56902399e-05
2.05970823e-05
-6.84615857e-05
-1.73937778e-04
-2.14056928e-04
-1.36727387e-04
-2.09720095e-06
4.79060430e-05
-9.81494711e-05
-4.09938076e-04
-7.17779642e-04
-8.04363514e-04
-5.45148943e-04
-7.34757051e-06
5.84023359e-04
9.86575987e-04
1.06786801e-03
8.38899282e-04
4.18284968e-04
-1.01341376e-05
-2.86630094e-04
1.94148047e-04
5.75613519e-04
7.50102215e-04
8.05659611e-04
8.19213604e-04
8.13499568e-04
7.68184847e-04
6.57459633e-04
4.79526044e-04
2.60985147e-04
4.10131958e-05
-1.48426989e-04
-2.92888985e-04
-3.93229168e-04
-4.56507611e-04
-4.87970461e-04
-4.88721713e-04
-4.58339195e-04
-3.98806817e-04
-3.16458773e-04
-2.20879023e-04
-1.22109665e-04
-2.82493777e-05
5.55200832e-05
1.26338181e-04
1.82403977e-04
2.22159938e-04
2.44696801e-04
2.54703199e-04
2.60420866e-04
2.51038885e-04
2.26986687e-04
2.14166764e-04
2.04162185e-04
1.45864498e-04
2.29164888e-05
-1.12894851e-04
-1.98431182e-04
-2.35843207e-04
-2.61740029e-04
-3.06277026e-04
-3.49455244e-04
-3.41829375e-04
-2.66096709e-04
-1.02706932e-04
1.66028308e-04
4.82545377e-04
5.90824213e-04
1.65881236e-04
-7.87634450e-04
-1.81121597e-03
-2.14005423e-03
-1.16350806e-03
8.34770808e-04
2.83606202e-03
3.85184755e-03
3.47624605e-03
2.01547848e-03
1.24098968e-04
-1.63130524e-03
-2.63688261e-03
-2.60623430e-03
-1.94883751e-03
-1.21014979e-03
-5.62950865e-04
-6.56239878e-05
2.70134571e-04
5.18401080e-04
6.70190500e-04
7.06652892e-04
6.68981880e-04
6.01319601e-04
5.09963439e-04
3.82681764e-04
1.71406017e-04
-1.43162238e-04
-3.94255643e-04
-4.67445037e-04
-4.06784561e-04
-3.33773483e-04
-3.31652301e-04
-3.37472777e-04
-2.16706722e-04
-2.32425517e-05
1.11994310e-04
2.01718272e-04
2.80827418e-04
3.82691501e-04
4.92009248e-04
5.12313196e-04
3.72223959e-04
1.21975939e-04
-1.49008688e-04
-3.12742216e-04
-2.60776191e-04
-8.64436803e-05
5.39307680e-06
-1.09685423e-05
-1.01467469e-04
-2.65842507e-04
-4.17149053e-04
-4.06333795e-04
-2.10745365e-04
7.00037493e-05
2.75408884e-04
3.23815483e-04
2.35014762e-04
4.72010055e-05
-1.59171413e-04
-2.69589093e-04
-2.28618865e-04
-6.19732877e-05
1.85439586e-04
4.64811319e-04
6.23654293e-04
5.27898200e-04
2.38387720e-04
-5.23183308e-05
-2.30803888e-04
-2.74266526e-04
-2.33677990e-04
-2.20651672e-04
-2.94648119e-04
-3.96165299e-04
-4.10435443e-04
-3.07920348e-04
-1.47691601e-04
2.83259606e-05
-6.40486902e-04
-4.89549451e-04
-3.22915467e-04
-1.55368059e-04
2.10144109e-06
1.41770633e-04
2.57927401e-04
3.46186517e-04
4.03614988e-04
4.29015325e-04
4.23239659e-04
3.89503636e-04
3.33249197e-04
2.61373439e-04
1.81145389e-04
9.92544796e-05
2.11766779e-05
-4.89734210e-05
-1.08192056e-04
-1.54286360e-04
-1.85770330e-04
-2.01910766e-04
-2.02896987e-04
-1.90022257e-04
-1.65705133e-04
-1.33251340e-04
-9.63379576e-05
-5.83614940e-05
-2.20184016e-05
1.10243505e-05
4.26241447e-05
8.22021090e-05
1.36923563e-04
1.96168586e-04
2.23134775e-04
1.86816288e-04
8.71001204e-05
-4.37739677e-05
-1.53847169e-04
-2.04492091e-04
-1.95215654e-04
-1.48000975e-04
-8.01100739e-05
5.17984456e-06
9.72343487e-05
1.71361058e-04
2.08646569e-04
1.94895461e-04
1.31914255e-04
3.82776009e-05
-1.38513108e-04
-4.96539678e-04
-1.08577759e-03
-1.50819452e-03
-9.92675591e-04
4.70064131e-04
2.10682182e-03
2.98454830e-03
2.66631163e-03
1.47475400e-03
8.94688283e-05
-9.56983467e-04
-1.55188991e-03
-1.86631256e-03
-1.92776937e-03
-1.60551306e-03
-9.58628727e-04
-2.36860889e-04
3.20694891e-04
5.62145698e-04
4.43795876e-04
8.70346760e-05
-2.35376060e-04
-2.54074491e-04
6.95126065e-05
4.88762695e-04
7.79386644e-04
8.52057785e-04
7.43672638e-04
5.94652410e-04
4.72345980e-04
3.30993542e-04
6.83238919e-05
-2.90522501e-04
-6.00396024e-04
-7.02191417e-04
-5.98464271e-04
-4.14925750e-04
-2.57687803e-04
-1.07073020e-04
6.04636351e-05
1.77657779e-04
1.61550651e-04
4.43147799e-05
-7.41600668e-05
-9.94407215e-05
-1.83947894e-05
9.45381637e-05
1.55446706e-04
1.63540966e-04
1.33349646e-04
5.13603372e-05
-4.97841560e-05
-1.27014966e-04
-1.64750522e-04
-1.52790830e-04
-6.11302993e-05
1.02836765e-04
2.92138388e-04
4.28933590e-04
4.67485477e-04
3.84026725e-04
1.48304174e-04
-2.05886795e-04
-5.30720472e-04
-6.57699794e-04
-5.41056416e-04
-3.05482369e-04
-1.17183841e-04
-3.72244233e-05
-5.15145959e-05
-8.37510557e-05
-2.76310753e-05
1.59103581e-04
4.05329865e-04
6.01028199e-04
6.35050507e-04
4.48438447e-04
