2.64645200e-05
2.04456737e-05
1.31648020e-05
5.25196841e-06
-2.61167156e-06
-9.95325748e-06
-1.66303741e-05
-2.26845190e-05
-2.80881162e-05
-3.26859687e-05
-3.62568321e-05
-3.85976221e-05
-3.96154491e-05
-3.93248605e-05
-3.78009856e-05
-3.51382142e-05
-3.13669616e-05
-2.64515513e-05
-2.04234855e-05
-1.35377994e-05
-7.34341057e-06
-1.49274498e-05
-6.79381389e-05
-1.48157426e-04
-1.63692764e-04
-5.79816305e-05
1.78814260e-04
4.57797685e-04
6.55182584e-04
6.71685658e-04
4.53668280e-04
5.62217651e-05
-3.84495651e-04
-6.86554744e-04
-5.70006530e-04
-1.47830616e-04
5.75763270e-05
-3.40441710e-04
-1.00824156e-03
-1.52294178e-03
-1.64886418e-03
-1.24863293e-03
-3.60705932e-04
8.56853648e-04
2.02920206e-03
2.85967434e-03
3.18118304e-03
2.88216776e-03
2.05066580e-03
8.86897930e-04
-3.00362411e-04
-1.21029319e-03
-1.73282423e-03
-1.87180039e-03
-1.78752630e-03
-1.52791642e-03
-1.20232982e-03
-8.82127408e-04
-6.59949606e-04
-5.84253752e-04
-6.18594295e-04
-6.02930921e-04
-4.49116148e-04
-1.59073482e-04
1.94419394e-04
5.24681707e-04
7.28864962e-04
7.90115644e-04
7.58684611e-04
5.66565525e-04
2.56360161e-04
1.37949735e-05
-5.13762060e-06
1.82858513e-04
4.81507114e-04
7.23488661e-04
8.32438262e-04
8.17385780e-04
7.11259798e-04
5.47372257e-04
3.76561665e-04
2.50018045e-04
1.55363643e-04
1.80830001e-05
-1.77890503e-04
-3.71541456e-04
-5.41255903e-04
-6.87224601e-04
-7.30598511e-04
-6.48680357e-04
-4.78452464e-04
-2.57735020e-04
-3.02316638e-05
1.13836707e-04
3.97579569e-05
-2.18597475e-04
-5.08698809e-04
-7.27721398e-04
-8.55358584e-04
-8.76469625e-04
-7.28849694e-04
-3.70783242e-04
6.36876467e-05
4.63751135e-04
7.09734308e-04
7.98596832e-04
7.19466867e-04
5.22965257e-04
2.92963846e-04
1.35689872e-04
6.47746305e-05
3.24666100e-05
4.70392834e-05
7.44700726e-05
8.59294825e-05
1.03705669e-04
1.67365056e-04
2.44590880e-04
2.88509868e-04
2.45743538e-04
1.48885347e-04
8.61871829e-05
5.69052195e-05
8.77916416e-05
1.47503935e-04
1.46841945e-04
3.63728623e-05
-1.25258905e-04
7.64305104e-06
4.72219045e-06
1.83733696e-06
-8.73421352e-07
-3.26555375e-06
-5.20255733e-06
-6.59249484e-06
-7.49027778e-06
-8.11979835e-06
-8.78463530e-06
-9.75419079e-06
-1.11163096e-05
-1.26983433e-05
-1.41776017e-05
-1.52724612e-05
-1.58688089e-05
-1.60421564e-05
-1.59858860e-05
-1.58305332e-05
-1.55737573e-05
-1.65623693e-05
-2.78568539e-05
-4.91810461e-05
-5.15315000e-05
-1.82912966e-05
3.91729640e-05
1.02781811e-04
1.44432557e-04
1.33962923e-04
5.41403638e-05
-5.94070225e-05
-1.52713860e-04
-1.76449907e-04
-9.77643928e-05
2.60214956e-05
7.51850641e-05
-6.51088137e-05
-2.34898598e-04
-2.04191590e-04
-1.84773659e-05
1.56287830e-04
2.47226733e-04
2.28794012e-04
1.45375803e-04
7.82085228e-05
9.78768294e-05
1.55433384e-04
1.75369546e-04
1.21733387e-04
1.05580042e-05
-7.83262860e-05
-1.21540429e-04
-1.25086520e-04
-9.15541988e-05
-5.95893313e-05
-6.71248291e-05
-9.67632602e-05
-1.05804016e-04
-5.51770284e-05
3.97211440e-05
1.06882300e-04
1.04128405e-04
-1.55613600e-05
-1.95263020e-04
-3.55256633e-04
-4.47949064e-04
-4.35620283e-04
-2.96745082e-04
-4.92202830e-05
2.43866738e-04
4.78283870e-04
5.44804252e-04
4.51943840e-04
2.85516399e-04
8.82305665e-05
-8.55431553e-05
-1.50042646e-04
-9.73814489e-05
3.37591694e-06
9.07426406e-05
1.46681626e-04
1.38452211e-04
5.09459164e-05
-7.39188184e-05
-1.80123009e-04
-2.39530982e-04
-2.25350696e-04
-1.36830832e-04
2.81139755e-06
1.66526684e-04
2.87670142e-04
3.12659134e-04
2.29847668e-04
6.49564788e-05
-1.24008689e-04
-2.77128014e-04
-3.52618693e-04
-3.42403222e-04
-2.52179680e-04
-1.23521141e-04
8.21465119e-06
1.07541904e-04
1.61039664e-04
1.67548724e-04
1.37576035e-04
7.94486749e-05
2.05153201e-05
-3.47615838e-05
-6.16096005e-05
-4.91023773e-05
-1.09824082e-05
2.79794061e-05
6.71089395e-05
1.03056086e-04
1.16764390e-04
9.19199556e-05
3.67069769e-05
-2.82843960e-05
-7.54807486e-05
-8.63037749e-05
-7.59335309e-05
-5.72269691e-05
-2.99915289e-05
-8.99652922e-06
-7.75283627e-06
-1.99030097e-05
-3.78847572e-05
-5.90745117e-05
-2.80121758e-06
-3.84387561e-06
-4.17338656e-06
-3.72860401e-06
-2.63611647e-06
-1.15976337e-06
3.67569824e-07
1.58540969e-06
2.22586643e-06
2.24196786e-06
1.81208464e-06
1.24162753e-06
8.06788672e-07
6.35429782e-07
7.11774418e-07
9.16392401e-07
1.08799974e-06
1.08651427e-06
8.15138171e-07
2.43387614e-07
-5.58439444e-07
-1.44640008e-06
-2.22480664e-06
-2.67823192e-06
-2.68634945e-06
-2.26795199e-06
-1.57500380e-06
-4.97702869e-07
3.21851397e-06
6.90443357e-06
6.34163872e-06
8.81368140e-06
1.43665555e-05
9.29568604e-06
-1.16783962e-05
-3.46590378e-05
-4.42684724e-05
-4.09630087e-05
-3.38359159e-05
-2.41483898e-05
-1.34236503e-05
8.19369054e-06
3.64238362e-05
6.83831149e-05
1.09189605e-04
1.53678628e-04
1.60000772e-04
5.57648297e-05
-1.57602763e-04
-3.74238330e-04
-4.49562130e-04
-2.34282673e-04
2.27033419e-04
6.94465315e-04
9.34226923e-04
8.22773015e-04
3.66343209e-04
-2.77773617e-04
-9.35041304e-04
-1.36949593e-03
-1.36005935e-03
-9.66136309e-04
-3.83613620e-04
2.45470159e-04
7.74998357e-04
1.03955896e-03
1.03523406e-03
8.06027322e-04
4.47892718e-04
8.23608605e-05
-1.85384223e-04
-3.24437597e-04
-3.38259429e-04
-2.73290227e-04
-1.92004124e-04
-1.09848791e-04
-1.66183299e-05
5.21541496e-05
8.47523436e-05
7.83233039e-05
5.51066398e-05
5.39301589e-05
7.05206348e-05
5.73881122e-05
3.41258351e-05
1.38776677e-05
-9.16298956e-06
-3.08412544e-05
-6.70143581e-05
-1.29940691e-04
-1.99398113e-04
-2.52021744e-04
-2.71514709e-04
-2.25927365e-04
-1.28578934e-04
-4.26566051e-05
2.01637458e-05
6.81999990e-05
7.59672286e-05
4.98844038e-05
4.43199340e-05
7.54008740e-05
1.29898251e-04
1.80999354e-04
2.02215149e-04
1.93074292e-04
1.47048067e-04
7.44710535e-05
1.13027436e-05
-1.16768637e-05
5.74078528e-06
5.56089246e-05
1.24856743e-04
1.72005495e-04
1.41033518e-04
4.17309558e-05
-7.54388217e-05
-1.72705183e-04
-2.33101037e-04
-2.37599884e-04
-2.03242225e-04
-1.55586755e-04
-1.03654832e-04
-4.42897070e-05
1.52024917e-05
5.51383516e-05
7.48582472e-05
8.72973161e-05
-3.51367129e-08
2.18189986e-07
1.16361613e-06
3.17534723e-06
6.17862568e-06
9.35003130e-06
1.11755051e-05
1.00029479e-05
4.81998490e-06
-4.19629520e-06
-1.55821932e-05
-2.69349228e-05
-3.55760896e-05
-3.93129004e-05
-3.70128572e-05
-2.88239302e-05
-1.60416268e-05
-7.03961211e-07
1.49482228e-05
2.89686312e-05
3.99943119e-05
4.73134327e-05
5.07813261e-05
5.06659283e-05
4.70828534e-05
3.28702414e-05
-1.94659372e-06
-3.59293327e-05
-4.07974312e-05
-9.68270742e-06
6.05633440e-05
1.44151901e-04
1.90473063e-04
1.58723116e-04
4.67682694e-05
-1.03278917e-04
-2.41501842e-04
-3.26608362e-04
-3.40014506e-04
-2.78155573e-04
-1.68884972e-04
-3.12469099e-05
8.78924248e-05
2.24738215e-04
3.35381795e-04
3.46892552e-04
1.81103857e-04
-8.54295011e-05
-3.40155663e-04
-5.00429091e-04
-4.89360010e-04
-2.98168735e-04
-3.18764150e-06
3.19662250e-04
5.93126451e-04
7.22384233e-04
6.65927744e-04
4.74086753e-04
2.11934473e-04
-2.20358009e-05
-1.41213021e-04
-1.54460295e-04
-1.31389462e-04
-1.41547031e-04
-1.90172684e-04
-2.80081396e-04
-3.59993491e-04
-4.14134468e-04
-4.28839123e-04
-3.71158719e-04
-2.43672067e-04
-8.47784289e-05
7.66538694e-05
2.07838378e-04
2.62624805e-04
2.45611975e-04
1.90572551e-04
1.14784934e-04
2.24990487e-05
-4.77021501e-05
-6.62016316e-05
-4.16859665e-05
3.28103981e-05
1.24875938e-04
2.00544379e-04
2.45049055e-04
2.63564228e-04
2.48343323e-04
2.00486868e-04
1.26784339e-04
4.42765819e-05
-2.81158923e-05
-8.02088006e-05
-1.13806114e-04
-1.36577556e-04
-1.75419328e-04
-2.28215774e-04
-2.62496981e-04
-2.72476817e-04
-2.58321637e-04
-2.17578537e-04
-1.49868820e-04
-6.44370611e-05
9.63850620e-06
5.47676285e-05
7.92599207e-05
8.92756495e-05
8.57573645e-05
8.28529300e-05
7.87265658e-05
6.95284743e-05
5.11486105e-05
3.65034789e-05
3.99560942e-05
6.64134392e-05
1.01880931e-04
1.25518541e-04
1.22182524e-04
8.87312158e-05
3.42382707e-05
-2.37584873e-05
-6.03899712e-05
-4.81197087e-05
2.36161354e-05
1.19458992e-04
1.85315576e-04
1.70381954e-04
6.44585796e-05
7.86160987e-06
7.56569996e-06
6.43003160e-06
4.52148109e-06
2.10143678e-06
-4.60915340e-07
-2.85304269e-06
-4.91200795e-06
-6.60655866e-06
-7.94836502e-06
-8.92782104e-06
-9.53363621e-06
-9.77615083e-06
-9.63330447e-06
-9.05056528e-06
-7.99976462e-06
-6.55849617e-06
-4.95771622e-06
-3.49646571e-06
-2.40908775e-06
-1.76594105e-06
-1.47627691e-06
-1.34325783e-06
-8.84230162e-07
2.69429388e-06
1.09380219e-05
2.24493702e-05
2.91021964e-05
2.19922029e-05
-3.64987819e-06
-4.37471295e-05
-8.12423119e-05
-9.81359891e-05
-8.18445575e-05
-3.32597448e-05
3.32373761e-05
9.62150864e-05
1.38680768e-04
1.39568250e-04
2.27377527e-05
-1.80177629e-04
-3.43454866e-04
-2.86188146e-04
1.59427496e-04
8.28878883e-04
1.32260991e-03
1.31435619e-03
7.15451433e-04
-2.81813512e-04
-1.29699044e-03
-1.98020229e-03
-2.14498283e-03
-1.76695138e-03
-9.98263542e-04
-7.97967581e-05
7.41185736e-04
1.29463157e-03
1.51408733e-03
1.43704511e-03
1.15932116e-03
7.97894013e-04
4.31460194e-04
1.21761382e-04
-1.04514065e-04
-2.36583921e-04
-2.85667745e-04
-2.89257931e-04
-2.83419642e-04
-2.75011592e-04
-2.87147301e-04
-3.38146790e-04
-4.00915637e-04
-4.36395795e-04
-4.16823519e-04
-3.32338687e-04
-1.88947857e-04
-1.59806079e-05
1.50258457e-04
2.72772108e-04
3.14718999e-04
2.57046841e-04
1.14781955e-04
-7.19836019e-05
-2.46550232e-04
-3.41606264e-04
-3.15021555e-04
-1.76610545e-04
2.85502748e-05
2.44003960e-04
4.10295712e-04
4.88941423e-04
4.66937865e-04
3.54821867e-04
1.87556141e-04
2.29385239e-05
-9.20108018e-05
-1.35029793e-04
-1.12671476e-04
-4.68577714e-05
2.47470974e-05
5.92236582e-05
4.08381605e-05
-1.61993781e-05
-8.60796534e-05
-1.40352203e-04
-1.63578056e-04
-1.66264702e-04
-1.57208940e-04
-1.36065755e-04
-9.39868166e-05
-3.81224373e-05
1.86954760e-05
5.98601624e-05
7.61626749e-05
7.42335744e-05
7.07876308e-05
7.95276458e-05
1.00331566e-04
1.21660087e-04
1.26785797e-04
9.84433381e-05
4.10414128e-05
-2.37085776e-05
-8.02452869e-05
-1.17900386e-04
-1.38982200e-04
-1.52961247e-04
-1.55513627e-04
2.37949712e-07
4.27734130e-07
5.35273551e-07
5.19461250e-07
3.74610549e-07
1.13847190e-07
-2.37042613e-07
-6.23863070e-07
-9.56680997e-07
-1.14093722e-06
-1.12094289e-06
-8.96967082e-07
-5.06757717e-07
-7.42413700e-09
5.04786501e-07
9.01810413e-07
1.08512360e-06
1.03144586e-06
7.97616508e-07
4.83917726e-07
1.80727083e-07
-6.24997801e-08
-2.16261586e-07
-2.34046587e-07
-8.87862033e-08
1.83353401e-07
9.39288349e-07
5.31941108e-06
1.54099108e-05
2.81521355e-05
3.08138620e-05
1.28211144e-05
-2.59116988e-05
-7.23244455e-05
-1.05755592e-04
-1.08756355e-04
-7.59567169e-05
-1.49176579e-05
5.70752993e-05
1.21123763e-04
1.62631117e-04
1.71880208e-04
1.42783946e-04
7.44888833e-05
-5.52078418e-05
-2.40753777e-04
-4.33853701e-04
-4.65121164e-04
-1.21975895e-04
5.24206248e-04
1.12949721e-03
1.31314369e-03
8.95369109e-04
1.63683696e-05
-9.76617612e-04
-1.71435051e-03
-1.94922479e-03
-1.63487727e-03
-9.27416994e-04
-7.52060502e-05
6.83765472e-04
1.18802881e-03
1.38730086e-03
1.31369580e-03
1.04225126e-03
6.80282561e-04
3.15051506e-04
4.18756206e-06
-2.02129387e-04
-2.94494947e-04
-3.08492361e-04
-2.81338740e-04
-2.41055101e-04
-2.21235352e-04
-2.29132405e-04
-2.32583571e-04
-2.13097745e-04
-1.67343514e-04
-1.07310210e-04
-6.89647413e-05
-7.12028867e-05
-1.18689313e-04
-2.09777167e-04
-2.98115140e-04
-3.18387191e-04
-2.37136638e-04
-6.74808819e-05
1.27710201e-04
2.78230139e-04
3.41373271e-04
3.10719763e-04
2.18783483e-04
1.18054906e-04
4.88180468e-05
2.39900205e-05
3.82572152e-05
7.55060954e-05
1.26501211e-04
1.79833015e-04
2.19918093e-04
2.36798593e-04
2.18094183e-04
1.59221309e-04
7.38198336e-05
-1.81230810e-05
-9.41037599e-05
-1.46423540e-04
-1.81919104e-04
-2.06836037e-04
-2.16268265e-04
-2.01538183e-04
-1.60436327e-04
-1.08448049e-04
-7.71685017e-05
-8.66701655e-05
-1.32231414e-04
-1.76905511e-04
-1.78614313e-04
-1.04331062e-04
3.50629747e-05
1.91576782e-04
3.02800621e-04
3.24266206e-04
2.42766564e-04
8.07428368e-05
-1.07006917e-04
-2.48776362e-04
-3.01642961e-04
-1.20598063e-05
-1.63874161e-05
-1.94939874e-05
-2.13461555e-05
-2.21481352e-05
-2.22231668e-05
-2.18701458e-05
-2.12534671e-05
-2.04401979e-05
-1.94810563e-05
-1.83466986e-05
-1.68711906e-05
-1.48073365e-05
-1.19383279e-05
-8.17791328e-06
-3.64856673e-06
1.30814599e-06
6.23540112e-06
1.07014585e-05
1.43994270e-05
1.72052459e-05
1.91678749e-05
2.04185729e-05
2.10664035e-05
2.11343187e-05
2.05655642e-05
1.93116816e-05
1.74132645e-05
1.50236302e-05
1.25895963e-05
1.20673741e-05
1.53065362e-05
2.12020047e-05
2.18108387e-05
1.00562227e-05
-1.27543539e-05
-4.01831876e-05
-6.09001228e-05
-6.39836485e-05
-4.80675888e-05
-1.85841421e-05
1.79891583e-05
5.48341548e-05
8.32041570e-05
9.21546375e-05
7.77847271e-05
4.29211769e-05
-6.30888619e-06
-5.68850002e-05
-1.01949878e-04
-1.65336761e-04
-2.41124451e-04
-3.04375775e-04
-1.57875180e-04
1.98600153e-04
5.57011020e-04
7.28170443e-04
6.04837668e-04
2.31093803e-04
-2.42897185e-04
-6.71828243e-04
-9.33632171e-04
-9.89588058e-04
-8.14127232e-04
-4.06179140e-04
1.18138202e-04
5.84061875e-04
8.67333799e-04
9.22104863e-04
7.48481720e-04
4.23016740e-04
7.62091189e-05
-1.62539456e-04
-2.26538073e-04
-1.59432822e-04
-3.75560015e-05
8.54076189e-05
1.43988923e-04
1.27587085e-04
4.54193910e-05
-8.56900943e-05
-2.43631133e-04
-3.85520747e-04
-4.57315623e-04
-4.27374322e-04
-3.12154161e-04
-1.63515622e-04
-2.59473954e-05
8.20552221e-05
1.59024157e-04
1.79508405e-04
1.31916938e-04
4.90203934e-05
-2.68437442e-05
-6.02575674e-05
-4.27057659e-05
1.25194862e-05
7.60879011e-05
1.33355995e-04
1.76520846e-04
1.82057622e-04
1.55414317e-04
1.18807236e-04
8.41954427e-05
6.23544118e-05
6.53051589e-05
9.25822970e-05
1.24729866e-04
1.37898664e-04
1.14629902e-04
5.53231101e-05
-4.56748941e-05
-1.71928410e-04
-2.81062270e-04
-3.19514829e-04
-2.74194775e-04
-1.70413499e-04
-6.18061232e-05
2.62678917e-05
7.42021327e-05
7.51421054e-05
5.16540512e-05
3.02823481e-05
1.59563343e-05
3.96630669e-06
-1.49521075e-05
-5.94189560e-05
-1.26357373e-04
1.02986079e-06
1.06654396e-06
1.76932692e-07
-1.31977850e-06
-2.96141760e-06
-4.33988587e-06
-5.20504419e-06
-5.43764070e-06
-5.03194907e-06
-4.08080102e-06
-2.74343404e-06
-1.20643931e-06
3.22019478e-07
1.59636576e-06
2.43784356e-06
2.84968987e-06
2.99271892e-06
3.05156570e-06
3.06924343e-06
2.95097987e-06
2.61835078e-06
2.11536147e-06
1.60854206e-06
1.30295136e-06
1.08275991e-06
-1.97534928e-06
-1.79835232e-05
-4.53612517e-05
-5.34385653e-05
-8.70120431e-06
7.84330470e-05
1.52295349e-04
1.71533913e-04
1.25414984e-04
3.68067994e-05
-6.26719716e-05
-1.41535381e-04
-1.73780414e-04
-1.58630530e-04
-1.20201713e-04
-8.45871411e-05
-4.83674281e-05
1.42156132e-06
7.84325154e-05
1.81844961e-04
1.74348887e-04
7.58796543e-05
-5.30747336e-05
-1.81569396e-04
-2.82509637e-04
-2.75431864e-04
-1.49179391e-04
1.95196332e-05
1.74840258e-04
3.00615484e-04
3.91768550e-04
4.25381093e-04
3.97400017e-04
3.17596163e-04
1.87032349e-04
1.50284497e-05
-1.47768859e-04
-2.76383827e-04
-3.54256657e-04
-3.60615788e-04
-3.22941580e-04
-2.61609833e-04
-1.99754932e-04
-1.56551721e-04
-1.21376257e-04
-7.90768407e-05
-4.01572533e-05
-2.59610020e-05
-3.02083505e-05
-3.66111224e-05
-2.46701198e-05
-5.07134678e-07
3.36194055e-05
1.00774591e-04
2.04325774e-04
3.23910889e-04
4.23609095e-04
4.45287779e-04
3.60071667e-04
1.85060673e-04
-2.71925195e-05
-1.92469481e-04
-2.62320986e-04
-2.34737898e-04
-1.39443109e-04
-1.93273970e-05
9.42860845e-05
1.70104679e-04
1.88077336e-04
1.30415461e-04
-9.46680644e-06
-1.86517151e-04
-3.18822780e-04
-3.43287147e-04
-2.54682871e-04
-9.19187232e-05
8.01790551e-05
1.78945060e-04
1.73870902e-04
9.92025520e-05
2.60718399e-06
-9.57766063e-05
-1.85342602e-04
-2.15717219e-04
-1.82994727e-04
-1.11589478e-04
-2.94167357e-05
3.93899183e-05
9.25886752e-05
1.24164148e-04
1.20847354e-04
9.01882720e-05
4.86073031e-05
1.64002276e-05
1.41573333e-05
4.20821117e-05
7.91201906e-05
1.02272959e-04
8.45268713e-05
1.86002871e-05
-5.55378862e-05
-7.69842723e-05
-3.43955379e-05
-2.85889962e-05
-2.62761902e-05
-2.29880139e-05
-1.92121597e-05
-1.52754915e-05
-1.12877765e-05
-7.21369382e-06
-2.99212149e-06
1.37626217e-06
5.79831683e-06
1.00622972e-05
1.38383052e-05
1.67834982e-05
1.87098721e-05
1.96850764e-05
1.99684463e-05
1.98563264e-05
1.95452307e-05
1.90734340e-05
1.83380180e-05
1.72230692e-05
1.56947736e-05
1.38036191e-05
1.16612127e-05
9.24515407e-06
4.66952520e-06
-1.15928905e-05
-5.76105223e-05
-1.13080500e-04
-1.02793388e-04
1.80081242e-05
1.89692128e-04
3.09999852e-04
3.14236007e-04
1.95860422e-04
2.82317013e-06
-2.02236617e-04
-3.60598595e-04
-4.22021099e-04
-3.75351338e-04
-2.58160265e-04
-1.10973178e-04
8.04569590e-05
3.82317947e-04
7.22394399e-04
5.79616020e-04
-2.09532689e-04
-1.04669909e-03
-1.38103493e-03
-1.05290544e-03
-3.35335483e-04
5.00461633e-04
1.21013303e-03
1.64278367e-03
1.64641903e-03
1.25052687e-03
6.33705696e-04
7.98274395e-06
-5.01928678e-04
-8.64746103e-04
-9.59041704e-04
-8.30402368e-04
-6.39081758e-04
-4.38720390e-04
-2.78813423e-04
-2.17683577e-04
-2.10394966e-04
-2.07810090e-04
-2.03876710e-04
-1.24699304e-04
-2.60302718e-05
8.66572711e-05
1.99381636e-04
2.96802793e-04
3.44754852e-04
3.36502948e-04
3.36941670e-04
2.63174748e-04
1.53268417e-04
2.85909402e-05
-1.40162350e-04
-2.18738809e-04
-8.86055476e-05
1.04168789e-04
2.25422410e-04
2.36544219e-04
1.65062089e-04
4.92786026e-05
-4.30463632e-05
-7.34473249e-05
-8.52152445e-06
1.30599760e-04
1.89310742e-04
1.63805443e-04
1.41015290e-04
1.35980031e-04
7.06773675e-05
-5.61180394e-05
-2.31212875e-04
-4.06763730e-04
-4.85264472e-04
-4.50415686e-04
-3.41416844e-04
-1.57938174e-04
6.39629683e-05
1.93146067e-04
1.86249142e-04
9.89803928e-05
-1.14252404e-05
-1.22802697e-04
-1.95673637e-04
-1.78931009e-04
-8.82555478e-05
9.46348426e-07
3.35913322e-06
-4.01407660e-05
-8.70799425e-05
-6.69468578e-05
3.33935575e-05
1.45480282e-04
2.21431080e-04
2.62111441e-04
2.85960730e-04
2.64997940e-04
1.83107600e-04
8.18108526e-05
1.42155548e-05
6.48280599e-07
