8.960521299999999409e-12
-1.062827999999999920e-08
-2.899822200000000062e-08
-3.515048299999999888e-08
-1.353500700000000068e-08
4.158312200000000169e-08
1.241698700000000110e-07
2.187998200000000093e-07
3.058672899999999884e-07
3.673304799999999886e-07
3.910710200000000147e-07
3.728998100000000095e-07
3.162127300000000006e-07
2.299695199999999931e-07
1.259331200000000053e-07
1.602509299999999943e-08
-8.963316800000000656e-08
-1.837667000000000040e-07
-2.621415899999999875e-07
-3.231459200000000016e-07
-3.670544599999999737e-07
-3.952420599999999924e-07
-4.095281299999999813e-07
-4.117379199999999785e-07
-4.034858700000000221e-07
-3.861338699999999869e-07
-3.608553000000000139e-07
-3.287385700000000182e-07
-2.908807600000000253e-07
-2.484442099999999919e-07
-2.026688299999999920e-07
-1.548472700000000101e-07
-1.062767499999999991e-07
-5.820299499999999687e-08
-1.176849699999999950e-08
3.202712199999999871e-08
7.235161299999999736e-08
1.085500499999999986e-07
1.401430299999999894e-07
1.668167800000000002e-07
1.884085599999999953e-07
2.048900600000000095e-07
2.163503899999999871e-07
2.229797300000000021e-07
2.250536199999999961e-07
2.229180599999999907e-07
2.169751700000000036e-07
2.076693000000000079e-07
1.954735699999999959e-07
1.808770700000000014e-07
1.643727899999999915e-07
1.464465499999999966e-07
1.275672699999999935e-07
1.081784700000000019e-07
8.869132300000000359e-08
6.947918199999999480e-08
5.087359500000000272e-08
3.316166999999999680e-08
1.658473500000000084e-08
1.338099899999999928e-09
-1.242845899999999959e-08
-2.460636699999999997e-08
-3.488667900000000023e-08
-4.063266700000000034e-08
-2.958156299999999946e-08
5.000595799999999777e-08
4.939826300000000445e-07
2.116520299999999926e-06
5.611917799999999777e-06
9.934388599999999429e-06
1.123929000000000026e-05
7.241562899999999933e-06
-5.738966200000000447e-07
-1.059951799999999998e-05
-2.022760499999999960e-05
-2.578303700000000154e-05
-2.520047000000000167e-05
-1.889004900000000112e-05
-9.196362999999999351e-06
8.832579399999999746e-07
9.061253500000000268e-06
1.408120399999999922e-05
1.595012500000000003e-05
1.632149399999999976e-05
1.619451400000000051e-05
1.514759599999999950e-05
1.310666099999999936e-05
1.047017700000000057e-05
6.434682699999999913e-06
1.025411300000000079e-06
-4.811022100000000309e-06
-1.017229800000000037e-05
-1.364480399999999947e-05
-1.429543900000000040e-05
-1.261883399999999987e-05
-8.991784899999999894e-06
-2.746366600000000049e-06
7.820083399999999810e-06
2.350186199999999877e-05
3.648978700000000199e-05
3.626526799999999900e-05
1.976052300000000122e-05
-7.245372999999999587e-06
-3.991066099999999718e-05
-6.938063899999999775e-05
-8.418273799999999340e-05
-8.056914700000000274e-05
-6.121306799999999754e-05
-3.040513000000000005e-05
8.198952400000000739e-06
4.571747599999999827e-05
7.347832600000000201e-05
8.911030300000000117e-05
9.409659199999999431e-05
8.706808999999999328e-05
7.553398299999999899e-05
7.027979800000000552e-05
7.077329099999999751e-05
7.006322200000000388e-05
6.024706800000000035e-05
3.274124500000000063e-05
-1.535470500000000091e-05
-7.290506900000000290e-05
-1.204187799999999984e-04
-1.462787299999999946e-04
-1.517757299999999998e-04
-1.390727699999999990e-04
-1.096036100000000028e-04
-2.647162700000000227e-10
1.815635899999999922e-07
6.331929499999999749e-07
1.412912600000000025e-06
2.609493800000000128e-06
4.047438300000000012e-06
5.223222100000000360e-06
5.495944700000000126e-06
4.351661299999999996e-06
1.564124399999999979e-06
-2.676452199999999948e-06
-7.728655900000000760e-06
-1.266227500000000067e-05
-1.656320299999999911e-05
-1.883273999999999953e-05
-1.924981699999999974e-05
-1.789104600000000116e-05
-1.506751800000000023e-05
-1.119240200000000025e-05
-6.639587200000000078e-06
-1.710800499999999901e-06
3.327541099999999917e-06
8.206188699999999550e-06
1.264912699999999942e-05
1.640402499999999919e-05
1.927977900000000052e-05
2.116351100000000168e-05
2.204703599999999929e-05
2.203464599999999991e-05
2.126208499999999990e-05
1.982815799999999943e-05
1.781940799999999939e-05
1.533534600000000122e-05
1.253897799999999953e-05
9.629192200000000570e-06
6.802198200000000104e-06
4.162967500000000051e-06
1.686297099999999915e-06
-7.310303700000000207e-07
-3.231763299999999982e-06
-5.934080399999999700e-06
-8.809721800000000001e-06
-1.164532800000000005e-05
-1.409364799999999968e-05
-1.576249800000000149e-05
-1.634508800000000094e-05
-1.578081099999999984e-05
-1.429234299999999964e-05
-1.226551699999999954e-05
-1.011444300000000022e-05
-8.194176699999999164e-06
-6.710797899999999773e-06
-5.696023500000000302e-06
-4.942910500000000115e-06
-2.842565900000000078e-06
5.353512299999999799e-06
2.236711200000000087e-05
3.776115900000000144e-05
3.495057399999999928e-05
1.502000500000000054e-05
-1.541037399999999958e-05
-4.969899199999999777e-05
-7.537946799999999798e-05
-8.257559300000000355e-05
-7.298217699999999769e-05
-4.986982000000000291e-05
-1.998215199999999855e-05
9.073810599999999755e-06
3.164306699999999836e-05
4.466167699999999669e-05
4.799599199999999731e-05
4.572853400000000069e-05
4.137758599999999669e-05
3.748881800000000188e-05
3.421104999999999833e-05
3.021465099999999987e-05
2.393532900000000036e-05
1.592438200000000030e-05
8.596001199999999640e-06
2.581814300000000201e-06
-2.219606099999999996e-06
-3.924709899999999793e-06
-2.302072999999999838e-06
4.747222200000000113e-06
2.612807099999999875e-05
5.913175199999999723e-05
6.634897800000000441e-05
3.033535600000000060e-05
-3.586358999999999928e-05
-1.061563099999999994e-04
-1.668229999999999984e-04
-2.000891499999999984e-04
-1.904501400000000041e-04
-1.320011899999999985e-04
-1.131693699999999956e-05
1.543866499999999866e-04
3.085827499999999925e-04
3.891103099999999740e-04
3.623187199999999787e-04
2.368310700000000012e-04
6.276994599999999595e-05
-1.191045700000000027e-04
-2.790016800000000145e-04
-3.657055799999999824e-04
-3.573503099999999935e-04
-2.918516300000000116e-04
-1.876171099999999971e-04
-6.780943099999999976e-05
3.491869599999999728e-05
1.048405200000000016e-04
1.383250700000000061e-04
1.384683900000000033e-04
1.081446799999999934e-04
5.999618999999999926e-05
1.110318199999999977e-05
-2.502041200000000137e-05
-5.551372499999999847e-05
-7.264727600000000596e-05
-5.928654400000000270e-05
-2.346376399999999872e-05
1.423843100000000056e-05
4.518087499999999795e-05
7.821856699999999991e-05
1.109338999999999985e-04
1.334613599999999998e-04
1.422701300000000005e-04
1.411112200000000133e-04
1.344146600000000098e-04
1.963482900000000073e-10
-1.544532799999999967e-07
-5.109708499999999886e-07
-1.043701000000000089e-06
-1.779851099999999960e-06
-2.643475299999999949e-06
-3.402278200000000137e-06
-3.731106900000000200e-06
-3.306913200000000077e-06
-1.916733500000000188e-06
3.995009299999999827e-07
3.331869999999999831e-06
6.394967100000000269e-06
9.014107199999999665e-06
1.064638800000000077e-05
1.095851100000000029e-05
9.941175200000000459e-06
7.914932899999999722e-06
5.411821100000000314e-06
2.952852600000000142e-06
8.958678599999999541e-07
-6.388975400000000068e-07
-1.792562000000000008e-06
-2.821954699999999831e-06
-3.904749299999999759e-06
-5.053738399999999955e-06
-6.150205899999999804e-06
-7.028138699999999877e-06
-7.601157499999999738e-06
-7.921845900000000176e-06
-8.110939900000000029e-06
-8.257476499999999171e-06
-8.390869799999999288e-06
-8.474824599999999185e-06
-8.438287699999999172e-06
-8.265428799999999959e-06
-7.994620500000000751e-06
-7.665639599999999579e-06
-7.246908999999999635e-06
-6.609128900000000187e-06
-5.564687400000000304e-06
-3.970546300000000172e-06
-1.820227800000000001e-06
7.407891199999999889e-07
3.445117899999999980e-06
5.990282399999999742e-06
8.118703900000000045e-06
9.642702400000000256e-06
1.049188600000000033e-05
1.071639699999999971e-05
1.045799700000000063e-05
9.911600799999999620e-06
9.266891299999999520e-06
8.661496200000000611e-06
8.153672900000000760e-06
7.700369300000000020e-06
7.191025400000000080e-06
6.496226199999999911e-06
5.693226999999999659e-06
5.842069999999999955e-06
8.668908199999999381e-06
1.227925900000000067e-05
1.285200599999999968e-05
8.869943500000000231e-06
1.023527800000000074e-06
-1.024990099999999929e-05
-2.222792099999999849e-05
-3.148638200000000140e-05
-3.549625400000000182e-05
-3.293688999999999900e-05
-2.488711200000000046e-05
-1.402209200000000059e-05
-2.777713200000000129e-06
6.936635600000000180e-06
1.358103200000000011e-05
1.889586500000000073e-05
2.244966500000000048e-05
2.314892099999999866e-05
2.241998799999999931e-05
2.078860599999999921e-05
1.734315400000000109e-05
1.350604300000000007e-05
9.779676499999999606e-06
5.782412499999999925e-06
6.020919899999999794e-07
-5.952706200000000242e-06
-1.222854199999999978e-05
-1.476840100000000016e-05
-1.048842100000000019e-05
6.078935799999999783e-06
3.467866700000000026e-05
5.848229399999999766e-05
5.077597599999999735e-05
9.932946300000000041e-06
-4.777505300000000081e-05
-1.063934600000000010e-04
-1.547621899999999928e-04
-1.742778099999999874e-04
-1.479583400000000055e-04
-8.082812499999999449e-05
1.127043500000000045e-05
1.160664600000000014e-04
2.208030599999999974e-04
2.924163200000000091e-04
3.009403700000000143e-04
2.464408199999999815e-04
1.516571400000000115e-04
3.054509300000000086e-05
-9.907593100000000271e-05
-2.129327999999999885e-04
-2.941713099999999806e-04
-3.276171099999999848e-04
-3.054353900000000193e-04
-2.323160599999999937e-04
-1.288073000000000093e-04
-1.922461599999999930e-05
7.749760299999999629e-05
1.389612500000000038e-04
1.567590899999999872e-04
1.424846699999999925e-04
1.079771699999999981e-04
6.247440900000000407e-05
1.714368499999999881e-05
-1.398715600000000015e-05
-2.036197500000000083e-05
-2.711528999999999954e-06
1.756117800000000034e-05
2.073893100000000041e-05
-2.358015200000000141e-11
2.923343799999999845e-08
8.330422300000000427e-08
1.251323899999999970e-07
1.439627400000000132e-07
1.483437200000000114e-07
1.396559799999999969e-07
1.113767599999999950e-07
7.999898600000000269e-08
9.864106799999999817e-08
2.067694899999999942e-07
4.091642299999999843e-07
6.917197800000000517e-07
1.025969300000000023e-06
1.360412400000000014e-06
1.624602100000000076e-06
1.779173200000000030e-06
1.872997099999999965e-06
1.998622299999999806e-06
2.210648999999999932e-06
2.477574899999999798e-06
2.654989500000000019e-06
2.508132699999999789e-06
1.833703200000000082e-06
5.824013599999999841e-07
-1.079201700000000001e-06
-2.821703599999999951e-06
-4.281430199999999644e-06
-5.187056000000000334e-06
-5.431104200000000387e-06
-5.064390200000000191e-06
-3.522102000000000181e-06
5.771305999999999865e-06
3.351317899999999879e-05
8.043956400000000300e-05
1.193271199999999994e-04
1.153210100000000033e-04
4.942889799999999819e-05
-6.137177000000000550e-05
-1.776982599999999963e-04
-2.564076699999999790e-04
-2.750270000000000080e-04
-2.348134099999999911e-04
-1.517394399999999954e-04
-4.823251700000000264e-05
5.029552300000000279e-05
1.266418099999999983e-04
1.743143800000000114e-04
1.970246499999999941e-04
2.017445599999999968e-04
1.919004099999999905e-04
1.695663400000000059e-04
1.355189200000000093e-04
9.489572600000000468e-05
6.678261300000000217e-05
5.602185299999999781e-05
2.368811700000000094e-05
-6.349038000000000316e-05
-1.963640299999999943e-04
-3.319382900000000260e-04
-3.963618300000000126e-04
-3.487223899999999997e-04
-1.996380099999999890e-04
-3.121522200000000161e-06
1.765754600000000009e-04
2.929515700000000071e-04
3.356682799999999777e-04
3.096060200000000048e-04
2.332030800000000020e-04
1.304833699999999894e-04
1.414051899999999986e-05
-9.738267199999999521e-05
-1.769596599999999896e-04
-2.013837599999999917e-04
-1.643602199999999935e-04
-9.028071000000000522e-05
-1.989364700000000066e-05
2.364000400000000162e-05
4.268237199999999989e-05
4.235985999999999799e-05
3.610441199999999892e-05
3.155502699999999911e-05
2.407906499999999881e-05
1.786456399999999988e-05
2.165855699999999864e-05
2.713810500000000061e-05
3.561992500000000269e-05
5.171319999999999812e-05
4.930154299999999981e-05
1.231737499999999995e-05
-4.751537899999999832e-05
-1.104251799999999997e-04
-1.635672800000000072e-04
-1.946106199999999978e-04
-1.879197099999999965e-04
-1.447075099999999904e-04
-8.690308999999999740e-05
-2.869459100000000006e-05
2.802705799999999982e-05
7.675766600000000575e-05
1.114999000000000063e-04
1.290531199999999940e-04
1.283066099999999896e-04
1.089408700000000038e-04
8.137031100000000604e-05
5.424290099999999805e-05
3.599992200000000088e-05
3.731565599999999881e-05
4.822256199999999741e-05
5.034322100000000017e-05
3.994693700000000327e-05
2.678150199999999978e-05
9.397350300000000570e-06
-1.210523400000000025e-05
-3.454503999999999816e-05
-5.692680400000000283e-05
-7.471329299999999584e-05
-8.604076200000000067e-05
-7.711412700000000139e-05
-5.261303399999999890e-05
-2.085444799999999939e-05
8.648361299999999871e-06
3.864714899999999870e-05
7.072086500000000005e-05
8.951191099999999598e-05
7.377257100000000651e-05
3.120742700000000264e-05
-1.359555999999999964e-05
-1.738353300000000046e-12
-1.077457400000000039e-08
-2.066620299999999976e-08
1.098495800000000027e-08
1.071748399999999938e-07
2.400983000000000133e-07
3.189329099999999791e-07
2.265984499999999931e-07
-1.181777499999999943e-07
-7.326597900000000297e-07
-1.552772000000000056e-06
-2.435955499999999991e-06
-3.219590399999999962e-06
-3.769533799999999867e-06
-3.989296199999999842e-06
-3.805257299999999916e-06
-3.165793200000000147e-06
-2.048651899999999975e-06
-5.083577800000000275e-07
1.292905100000000014e-06
3.115887500000000074e-06
4.707022899999999632e-06
5.857018499999999766e-06
6.456386099999999689e-06
6.505868500000000338e-06
6.112795500000000350e-06
6.695474399999999986e-06
1.696416400000000084e-05
4.241361499999999761e-05
7.987450699999999477e-05
1.047677000000000032e-04
9.254126999999999904e-05
3.655502899999999746e-05
-5.015201600000000070e-05
-1.395638900000000134e-04
-2.033098900000000092e-04
-2.237556200000000042e-04
-1.926963800000000126e-04
-1.166110700000000036e-04
-1.534020800000000117e-05
8.402038699999999716e-05
1.599766600000000066e-04
1.962740100000000124e-04
1.839520099999999905e-04
1.299468900000000002e-04
3.998114800000000042e-05
-8.875145100000000496e-05
-2.341187099999999925e-04
-3.476417800000000148e-04
-3.560714699999999785e-04
-2.255253199999999883e-04
-3.912646700000000026e-06
2.480272899999999819e-04
4.549116299999999852e-04
5.641920300000000240e-04
5.479482500000000100e-04
4.164595400000000022e-04
2.099177699999999890e-04
-9.131959900000000631e-06
-1.940116100000000119e-04
-3.145729700000000234e-04
-3.539933799999999829e-04
-3.169158000000000261e-04
-2.388285999999999990e-04
-1.514929599999999916e-04
-7.576082399999999365e-05
-2.921438600000000107e-05
-1.811309799999999895e-06
2.036325200000000071e-05
5.027730399999999814e-05
8.106728700000000675e-05
1.072351199999999939e-04
1.216266599999999960e-04
9.346659899999999440e-05
2.279713399999999863e-05
-7.684724699999999353e-05
-1.796967999999999970e-04
-2.443945900000000192e-04
-2.454268399999999821e-04
-1.883685700000000090e-04
-1.039765400000000059e-04
-1.922487600000000055e-05
6.241692600000000658e-05
1.250104499999999882e-04
1.572416299999999977e-04
1.594421999999999962e-04
1.356877800000000041e-04
9.068620800000000111e-05
3.907722599999999692e-05
5.029034699999999713e-06
6.449249099999999828e-06
3.834851700000000037e-05
8.686160500000000232e-05
1.278744300000000055e-04
1.414043199999999987e-04
1.213646700000000050e-04
7.030763199999999838e-05
-4.322916800000000211e-07
-6.782403299999999668e-05
-1.115018799999999957e-04
-1.297452800000000047e-04
-1.258765499999999968e-04
-9.115343799999999766e-05
-3.657420699999999872e-05
1.765765999999999926e-05
5.890286499999999902e-05
8.300884199999999870e-05
9.320620499999999575e-05
9.209379000000000176e-05
7.076297800000000654e-05
1.236984999999999982e-05
-8.995999799999999371e-05
-2.122808500000000125e-04
-3.097812799999999866e-04
-3.397302499999999784e-04
-2.818787899999999880e-04
-1.407327500000000054e-04
5.677431499999999718e-05
2.577215600000000201e-04
3.986937100000000219e-04
4.439680399999999913e-04
3.867775500000000116e-04
2.448253900000000151e-04
4.889422699999999736e-05
-1.443845900000000060e-04
-2.770958500000000077e-04
-3.179904999999999906e-04
-2.787388699999999932e-04
1.253446699999999948e-11
-1.761402000000000118e-08
-4.901578199999999699e-08
-6.379556100000000661e-08
-3.982320000000000285e-08
2.002131000000000063e-08
8.749626099999999860e-08
1.387322099999999953e-07
1.800736600000000124e-07
2.402183500000000131e-07
3.319544100000000140e-07
4.185839200000000122e-07
4.041076300000000156e-07
1.903326700000000084e-07
-2.432017100000000163e-07
-8.051307799999999811e-07
-1.339468200000000104e-06
-1.685053399999999910e-06
-1.741298199999999990e-06
-1.491000699999999995e-06
-9.839445400000000128e-07
-3.138974600000000225e-07
4.080907999999999871e-07
1.078073200000000085e-06
1.630379399999999906e-06
2.026479099999999989e-06
2.233317399999999876e-06
2.214759400000000061e-06
1.946694599999999822e-06
1.440619900000000000e-06
7.645502200000000044e-07
4.040026200000000191e-08
-5.956591999999999847e-07
-1.052704200000000091e-06
-1.308882399999999976e-06
-1.397480099999999983e-06
-1.368770100000000092e-06
-1.258398199999999921e-06
-1.091959499999999925e-06
-8.926568600000000454e-07
-6.917496600000000210e-07
-5.245188699999999651e-07
-3.978860799999999926e-07
-2.912978100000000177e-07
-1.813793100000000119e-07
-5.608084400000000094e-08
8.430895900000000092e-08
2.273399099999999874e-07
3.426144999999999873e-07
3.988224900000000001e-07
3.745076199999999790e-07
2.700900200000000247e-07
1.351394499999999945e-07
6.212275100000000316e-08
2.670058700000000070e-07
1.170794800000000065e-06
3.036363400000000064e-06
5.382177100000000264e-06
6.366877500000000097e-06
4.866761800000000062e-06
1.186097400000000058e-06
-3.517145300000000174e-06
-7.921292699999999220e-06
-1.135075799999999992e-05
-1.288217400000000064e-05
-1.171424599999999958e-05
-8.036060399999999521e-06
-3.361310599999999815e-06
8.553221000000000063e-07
4.362985399999999964e-06
7.447826100000000313e-06
9.593126400000000581e-06
1.088657100000000077e-05
1.302083900000000078e-05
1.606003299999999898e-05
1.799858900000000068e-05
1.667223399999999905e-05
1.123786399999999944e-05
3.140448899999999967e-06
-5.372462099999999968e-06
-1.202114899999999985e-05
-1.340055899999999958e-05
-6.944521499999999813e-06
7.245755300000000208e-06
2.462174100000000059e-05
3.544270600000000177e-05
2.651023600000000088e-05
-6.502837999999999589e-06
-5.752155100000000095e-05
-1.115359899999999966e-04
-1.479913999999999872e-04
-1.507399699999999946e-04
-1.158913600000000037e-04
-5.354882100000000214e-05
2.581429600000000022e-05
1.134564499999999969e-04
1.887719100000000085e-04
2.274305500000000074e-04
2.132656700000000048e-04
1.557663500000000100e-04
8.545394200000000007e-05
1.490832900000000022e-05
-5.254541399999999835e-05
-1.037660399999999983e-04
-1.271655299999999893e-04
-1.222693399999999877e-04
-1.005211000000000022e-04
-7.500698899999999852e-05
-4.887461599999999833e-05
-2.239350999999999899e-05
1.071637000000000003e-06
1.800907000000000137e-05
2.339356400000000064e-05
8.503965499999999175e-06
-2.400718999999999876e-05
-5.816871499999999861e-05
-7.508132799999999883e-05
-6.805693900000000227e-05
-3.793306099999999768e-05
1.688851400000000098e-05
8.865650999999999458e-05
1.582748300000000135e-04
2.020375299999999867e-04
2.005457900000000130e-04
1.498546200000000083e-04
7.090656300000000188e-05
-2.403711199999999928e-06
-4.314543200000000287e-05
4.337159499999999782e-12
-1.488997999999999990e-08
-3.527966299999999739e-08
-2.027474000000000106e-08
5.963660599999999344e-08
2.002514699999999953e-07
3.568189599999999744e-07
4.527692799999999794e-07
4.112446100000000155e-07
1.868725700000000104e-07
-2.247140399999999959e-07
-7.713935100000000013e-07
-1.344143000000000100e-06
-1.798299099999999914e-06
-2.001661900000000108e-06
-1.906215499999999961e-06
-1.562800599999999945e-06
-1.068826400000000093e-06
-5.192933499999999627e-07
2.560308300000000101e-08
5.691220099999999890e-07
1.138467299999999950e-06
1.702792300000000048e-06
2.150828599999999789e-06
3.798822100000000073e-06
3.377557199999999904e-05
1.309703300000000109e-04
2.492562499999999770e-04
3.192120099999999931e-04
3.131307399999999760e-04
1.684089800000000052e-04
-8.858890899999999943e-05
-3.689603900000000048e-04
-5.848434600000000433e-04
-6.639452300000000433e-04
-5.849728100000000253e-04
-3.815461900000000225e-04
-1.147878099999999997e-04
1.421707699999999886e-04
3.264653400000000092e-04
4.000824099999999973e-04
3.286389400000000048e-04
6.914823699999999760e-05
-3.084917100000000205e-04
-5.951795599999999730e-04
-6.271837199999999576e-04
-4.045063999999999800e-04
5.814796999999999920e-06
4.800790800000000148e-04
8.970340800000000097e-04
1.122193299999999947e-03
1.122331100000000101e-03
9.246272299999999710e-04
6.302532199999999864e-04
3.088784300000000228e-04
1.279491900000000041e-05
-2.425452499999999933e-04
-4.654273899999999877e-04
-6.089138199999999650e-04
-6.544372599999999460e-04
-5.937435100000000056e-04
-4.794215199999999851e-04
-3.102148700000000015e-04
-1.268406399999999891e-04
1.439633699999999924e-05
5.029458200000000201e-05
8.365242000000000706e-06
-6.742546700000000325e-05
-1.311792800000000049e-04
-1.679641099999999872e-04
-1.743120200000000089e-04
-1.605279899999999911e-04
-1.354460800000000095e-04
-1.261652999999999896e-04
-1.342880000000000126e-04
-1.205665399999999944e-04
-5.418535399999999878e-05
3.663382500000000327e-05
1.147168299999999945e-04
1.783210099999999897e-04
2.199847800000000002e-04
2.261851700000000020e-04
2.097486900000000059e-04
1.819974199999999879e-04
1.567571499999999870e-04
1.352125399999999894e-04
1.161731699999999989e-04
9.831800300000000450e-05
8.215464899999999507e-05
7.863164499999999752e-05
8.725001800000000242e-05
9.323569899999999632e-05
8.478884700000000572e-05
5.719168200000000074e-05
2.317691200000000115e-05
-1.603304199999999868e-05
-5.721273999999999799e-05
-8.714700900000000227e-05
-9.889082300000000150e-05
-9.162035899999999562e-05
-7.935500399999999928e-05
-8.329074400000000575e-05
-8.710246300000000041e-05
-7.338275599999999777e-05
-6.354107300000000000e-05
-7.244564800000000105e-05
-8.295736699999999594e-05
-8.498755799999999766e-05
-7.793581599999999717e-05
-4.774786099999999729e-05
1.018519700000000046e-05
7.599732700000000557e-05
1.353627000000000042e-04
1.785721699999999956e-04
1.850956799999999957e-04
1.326107799999999928e-04
2.082792200000000113e-05
-1.150467699999999956e-04
-2.265603500000000102e-04
-2.730450000000000260e-04
-2.412683399999999913e-04
-1.401762900000000009e-04
-7.531726800000000050e-06
1.063376099999999971e-04
1.605743300000000073e-04
1.506677700000000125e-04
1.047763299999999971e-04
5.530269300000000248e-05
-3.961265100000000143e-12
1.377618200000000093e-09
6.355443300000000355e-09
2.063916600000000036e-08
5.209032700000000025e-08
1.045735800000000056e-07
1.742772399999999899e-07
2.500912299999999998e-07
3.170646700000000079e-07
3.609389999999999738e-07
3.719165300000000232e-07
3.466078499999999878e-07
2.879863099999999818e-07
2.038295099999999888e-07
1.044248099999999960e-07
2.913744799999999990e-10
-9.955525400000000198e-08
-1.885649100000000124e-07
-2.628684599999999962e-07
-3.209412899999999816e-07
-3.629710300000000045e-07
-3.901649800000000069e-07
-4.041630600000000231e-07
-4.066380099999999748e-07
-3.990920799999999837e-07
-3.828109799999999796e-07
-3.589150799999999806e-07
-3.284486499999999796e-07
-2.924622200000000191e-07
-2.520630700000000143e-07
-2.084264800000000104e-07
-1.627734900000000018e-07
-1.163275299999999969e-07
-7.026353899999999505e-08
-2.566065700000000047e-08
1.653420199999999923e-08
5.552851799999999901e-08
9.069602599999999536e-08
1.220661700000000105e-07
1.544522100000000063e-07
2.068070800000000059e-07
3.130390599999999809e-07
5.075496600000000524e-07
8.068545500000000429e-07
1.235415099999999994e-06
1.830243799999999924e-06
2.625541700000000175e-06
3.575037999999999855e-06
4.490501199999999730e-06
5.104412000000000113e-06
5.190046100000000222e-06
4.659464600000000363e-06
3.596291100000000097e-06
2.190459699999999959e-06
6.057236699999999724e-07
-1.114740999999999963e-06
-2.967397300000000115e-06
-4.616735000000000107e-06
-5.144097900000000017e-06
-5.567160600000000049e-06
-7.129200599999999920e-06
-9.784295200000000023e-06
-1.280308700000000057e-05
-1.562052200000000081e-05
-1.724457800000000069e-05
-1.702252900000000109e-05
-1.498976900000000024e-05
-1.157528900000000070e-05
-7.418449700000000281e-06
-2.877660000000000160e-06
2.076021299999999876e-06
7.660388300000000716e-06
1.308974500000000083e-05
1.797196600000000038e-05
2.180098100000000153e-05
2.384981500000000096e-05
2.358090900000000113e-05
2.105499000000000015e-05
1.616932499999999956e-05
1.004930099999999989e-05
4.115370800000000398e-06
-2.313961000000000083e-07
-1.990726100000000079e-06
1.536355599999999895e-06
1.480345100000000078e-05
2.953438600000000139e-05
3.276914199999999926e-05
1.182605399999999931e-05
-3.105325100000000231e-05
-7.686307400000000161e-05
-1.091513000000000064e-04
-1.157079699999999953e-04
-9.427404199999999377e-05
-4.555451600000000279e-05
2.417743300000000024e-05
9.584453500000000273e-05
1.487384000000000124e-04
1.572923899999999979e-04
1.112403499999999962e-04
4.416044099999999700e-05
-5.312786300000000047e-06
-2.863503600000000127e-05
-4.017766400000000144e-05
-4.063218800000000089e-05
-2.986140700000000092e-05
-2.499731499999999972e-05
-2.856362300000000169e-05
-3.287108000000000309e-05
-3.620279100000000044e-05
-3.866489000000000243e-05
-3.298914799999999690e-05
-2.251214900000000156e-05
-1.990707400000000008e-05
-2.357724999999999860e-05
-1.917388700000000062e-05
6.671541299999999882e-07
2.152288999999999952e-05
2.826029799999999896e-05
1.452512399999999988e-05
-3.407062700000000176e-06
-8.866796999999999667e-06
-1.082946099999999980e-06
1.140358999999999969e-05
2.734156799999999836e-05
4.300598600000000299e-05
5.754634999999999834e-05
7.499764599999999410e-05
9.628005900000000117e-05
