-2.02235428e-05
-1.26781009e-05
-5.44866005e-06
1.13500004e-06
6.88143258e-06
1.16918593e-05
1.55541203e-05
1.86195548e-05
2.12278885e-05
2.37555819e-05
2.63668841e-05
2.89062796e-05
3.10012369e-05
3.22338712e-05
3.23094925e-05
3.11293908e-05
2.87999444e-05
2.55737165e-05
2.17633745e-05
1.76391449e-05
1.24814941e-05
-7.27175089e-07
-3.35373910e-05
-8.38841468e-05
-1.15466665e-04
-7.04895820e-05
6.19694160e-05
2.44295662e-04
3.74804647e-04
3.67106247e-04
2.10587852e-04
-4.76059421e-05
-3.28319992e-04
-5.33785247e-04
-5.00754654e-04
-1.58103182e-04
9.65159094e-05
3.05384766e-05
-2.68392011e-04
-6.15052903e-04
-7.24907148e-04
-5.22408338e-04
-1.20410787e-04
4.09720607e-04
9.44947175e-04
1.36648301e-03
1.52310840e-03
1.30034248e-03
7.36099968e-04
2.82935255e-05
-5.68163899e-04
-9.16213136e-04
-1.01279591e-03
-8.99752159e-04
-7.13302635e-04
-4.74297160e-04
-2.51237580e-04
-8.31363442e-05
1.04029059e-05
-6.76936036e-06
-7.14364900e-05
-1.19226599e-04
-6.92189221e-05
8.76542870e-05
2.54400073e-04
3.29102462e-04
2.88896112e-04
1.51852860e-04
-2.30502351e-05
-1.66201996e-04
-2.15945804e-04
-1.88904922e-04
-1.21256420e-04
2.28915485e-05
2.52365425e-04
5.11415130e-04
7.74567339e-04
9.20434787e-04
8.64737959e-04
6.11306362e-04
1.71545758e-04
-3.65628539e-04
-7.68852269e-04
-8.95330208e-04
-7.45877618e-04
-3.70518114e-04
4.47235632e-05
3.10598662e-04
3.32207946e-04
1.36047917e-04
-1.29702378e-04
-2.89775113e-04
-3.36966943e-04
-2.99510629e-04
-2.13286463e-04
-1.14780457e-04
-3.48893782e-05
9.16630283e-06
3.54507103e-06
-3.69437995e-05
-9.77953373e-05
-1.65540248e-04
-1.82049330e-04
-1.41687698e-04
-5.89715740e-05
1.91024094e-05
8.16131119e-05
1.22287702e-04
1.31511530e-04
1.26340426e-04
1.33791324e-04
1.70690475e-04
2.21801595e-04
2.51514688e-04
2.56317292e-04
2.33561370e-04
2.22807103e-04
2.37928576e-04
2.05456566e-04
7.96468557e-05
-1.19102136e-04
-2.89987311e-04
-3.35515884e-04
-2.70242962e-04
-1.44033303e-04
1.18948286e-05
1.80218211e-04
2.89205689e-04
7.89328157e-06
-4.42978489e-05
-8.18877580e-05
-1.11420116e-04
-1.50074212e-04
-2.12959912e-04
-3.00981770e-04
-3.97809628e-04
-4.75740568e-04
-5.06931363e-04
-4.74189360e-04
-3.77150190e-04
-2.32425927e-04
-6.71635214e-05
8.93033222e-05
2.11507611e-04
2.83700659e-04
3.04331813e-04
2.85836131e-04
2.49021297e-04
2.09820560e-04
1.50342454e-04
6.95644273e-05
4.45878896e-05
1.28294907e-04
3.12642697e-04
5.36409755e-04
6.82629419e-04
6.46335998e-04
3.88098977e-04
-2.01972969e-05
-4.55193887e-04
-7.81112778e-04
-7.49879589e-04
-3.44874110e-04
-1.03371253e-05
-5.28834080e-05
-3.77314535e-04
-8.71469745e-04
-1.26998504e-03
-1.31566934e-03
-9.20110752e-04
-1.34713440e-04
8.06539165e-04
1.61160742e-03
2.08737345e-03
2.17659863e-03
1.87026229e-03
1.27302865e-03
5.47750172e-04
-1.18176700e-04
-5.67920613e-04
-7.53193076e-04
-7.85817153e-04
-7.73377303e-04
-8.09534781e-04
-9.52157638e-04
-1.12942042e-03
-1.27202375e-03
-1.31702700e-03
-1.18970902e-03
-8.72528298e-04
-4.26206428e-04
6.07181627e-05
5.11649693e-04
8.38038285e-04
9.78649180e-04
8.99199643e-04
6.70913000e-04
4.13079260e-04
2.39393504e-04
1.99197301e-04
2.97658215e-04
5.18148531e-04
7.80963213e-04
9.46813464e-04
9.26535314e-04
7.17456620e-04
3.51972093e-04
-1.22349148e-04
-5.62089372e-04
-8.10059009e-04
-8.19626771e-04
-6.58899203e-04
-4.02921277e-04
-1.69124825e-04
-5.77808712e-05
-9.48757200e-05
-2.09014026e-04
-3.17665680e-04
-3.79710362e-04
-3.62954447e-04
-2.60728399e-04
-1.23809866e-04
6.80101169e-06
7.46740432e-05
5.94880178e-05
4.55731425e-06
-4.82107570e-05
-4.93251465e-05
2.37593425e-05
1.52592654e-04
2.67864689e-04
3.12770203e-04
2.83408642e-04
2.09233971e-04
1.16905890e-04
4.72162422e-05
4.12447539e-05
8.75870703e-05
1.45587940e-04
1.87270409e-04
2.00975721e-04
1.83511097e-04
1.27840900e-04
4.06662646e-05
-5.04348132e-05
-1.14052985e-04
-1.34662727e-04
-1.17829561e-04
-8.73885887e-05
-6.44191804e-05
-4.32132513e-05
-1.36307177e-05
6.12950017e-06
-5.13666684e-06
-6.14204131e-05
-1.59284675e-04
5.78349135e-07
2.19276215e-07
-1.98156891e-07
-6.61659051e-07
-1.16076482e-06
-1.67539293e-06
-2.15990279e-06
-2.54919014e-06
-2.78671789e-06
-2.84370500e-06
-2.73460785e-06
-2.50997220e-06
-2.25151750e-06
-2.03099509e-06
-1.84181140e-06
-1.62613993e-06
-1.32348184e-06
-8.99834056e-07
-3.85701691e-07
1.76838193e-07
7.96648474e-07
1.51192839e-06
2.32831580e-06
3.15872772e-06
3.85931185e-06
4.32422257e-06
4.53277804e-06
4.05858892e-06
-1.15938336e-06
-1.24949336e-05
-2.51744428e-05
-3.05591408e-05
-1.37781159e-05
2.07716484e-05
5.83995543e-05
8.88906029e-05
1.06014579e-04
9.91126749e-05
6.43483852e-05
2.32859083e-05
-1.71535661e-05
-6.13883179e-05
-1.13002370e-04
-1.64753909e-04
-2.12168805e-04
-2.59029571e-04
-2.35321417e-04
-1.74368177e-06
3.66876667e-04
5.70571325e-04
4.55796163e-04
5.75721326e-05
-5.36465986e-04
-1.11058503e-03
-1.34777357e-03
-1.08572176e-03
-3.26361707e-04
7.44463233e-04
1.76199163e-03
2.34841735e-03
2.33227570e-03
1.73839236e-03
7.38125258e-04
-3.93283477e-04
-1.34734022e-03
-1.90680964e-03
-2.02312636e-03
-1.76219867e-03
-1.26187337e-03
-6.83343945e-04
-1.33281091e-04
3.10376207e-04
6.03796658e-04
7.33704162e-04
6.88476318e-04
5.14485961e-04
2.92620929e-04
8.27233687e-05
-8.78894524e-05
-1.58582568e-04
-9.53648401e-05
4.07282892e-05
2.01479911e-04
3.40547005e-04
3.88806962e-04
3.24099107e-04
2.05766690e-04
9.04436703e-05
1.06174585e-06
-4.74283641e-05
-6.12221826e-05
-3.48832537e-05
9.32385530e-06
5.80260132e-05
9.13155211e-05
8.76542349e-05
3.08593127e-05
-4.79253469e-05
-1.54743798e-04
-2.73179202e-04
-3.64540585e-04
-3.96265115e-04
-3.67550711e-04
-2.71308875e-04
-1.25386773e-04
1.51781036e-05
1.08218517e-04
1.42572332e-04
1.25466736e-04
6.88096764e-05
-2.12854544e-05
-1.15922409e-04
-1.76209392e-04
-1.77650253e-04
-1.25322289e-04
-2.87565688e-05
7.82315321e-05
1.56921873e-04
1.87319393e-04
2.01795588e-04
2.12084806e-04
2.17487684e-04
2.26877106e-04
2.22219479e-04
1.80578966e-04
1.06184705e-04
1.19988559e-05
-8.32560385e-05
2.18666660e-06
2.81563452e-06
2.75931295e-06
1.68563082e-06
-4.36054936e-07
-3.29973628e-06
-6.33724377e-06
-8.88054846e-06
-1.03227203e-05
-1.02514749e-05
-8.55038513e-06
-5.43746467e-06
-1.39675421e-06
2.96563332e-06
7.05155892e-06
1.03762265e-05
1.26559212e-05
1.38155139e-05
1.39296480e-05
1.31590639e-05
1.16947297e-05
9.69616607e-06
7.27800594e-06
4.54538583e-06
1.05704687e-06
-1.46921634e-05
-5.34444606e-05
-7.87827624e-05
-5.11872266e-05
2.11248545e-05
1.30849518e-04
2.31793726e-04
2.60586161e-04
1.63005316e-04
-3.73292472e-05
-2.63860803e-04
-4.25155197e-04
-4.68827296e-04
-3.98663063e-04
-2.35154215e-04
-2.67981393e-05
1.41706002e-04
1.35819919e-04
1.25471006e-04
3.73554492e-04
8.37097346e-04
1.10098866e-03
1.00376184e-03
5.91313852e-04
-9.07490498e-05
-8.88970266e-04
-1.55698457e-03
-1.87695740e-03
-1.72406962e-03
-1.12968867e-03
-2.77532509e-04
6.11533722e-04
1.29316334e-03
1.61696558e-03
1.57309571e-03
1.27892939e-03
8.38721063e-04
3.45131818e-04
-7.41753403e-05
-3.42510704e-04
-4.60453896e-04
-5.00781899e-04
-4.87901206e-04
-4.58185927e-04
-4.48359211e-04
-4.71200274e-04
-5.00997957e-04
-5.01358405e-04
-4.59318649e-04
-3.95221432e-04
-2.89800596e-04
-1.07613728e-04
1.27082747e-04
3.29724346e-04
4.67911763e-04
5.35699203e-04
4.98987635e-04
3.59655120e-04
1.92531358e-04
4.66157270e-05
-3.55289922e-05
-1.73726126e-05
8.55487470e-05
2.12147585e-04
3.25733231e-04
3.80575897e-04
3.41387578e-04
2.15089951e-04
3.31306778e-05
-1.56501283e-04
-2.96135819e-04
-3.50380044e-04
-3.26055167e-04
-2.50753816e-04
-1.66329566e-04
-9.14494334e-05
-4.44106175e-05
-4.22391318e-05
-8.32299937e-05
-1.45647703e-04
-2.06335012e-04
-2.56207321e-04
-2.74546995e-04
-2.36355388e-04
-1.33119368e-04
2.80530608e-05
2.06680041e-04
3.43156848e-04
3.94166672e-04
3.36346816e-04
1.74040086e-04
-4.21085590e-05
-2.33670463e-04
-3.40508088e-04
-3.29941224e-04
-1.99761421e-04
3.39017608e-06
2.13680501e-04
3.70598097e-04
4.36630775e-04
4.06162828e-04
3.08082790e-04
1.83541641e-04
1.67004804e-05
1.53275483e-05
1.27195154e-05
9.15508488e-06
5.00627662e-06
6.94052339e-07
-3.32321082e-06
-6.62568534e-06
-8.95914078e-06
-1.03076790e-05
-1.08982105e-05
-1.10899934e-05
-1.12253364e-05
-1.15227478e-05
-1.20532759e-05
-1.26895406e-05
-1.30823110e-05
-1.28590836e-05
-1.18620467e-05
-1.01985802e-05
-8.17010522e-06
-6.13470805e-06
-4.34299565e-06
-3.27065456e-06
-6.12600619e-06
-8.93022080e-06
-4.91546430e-06
1.52962806e-05
4.76540766e-05
7.55823944e-05
8.15079517e-05
5.07861728e-05
-1.33957245e-05
-9.25413660e-05
-1.59399113e-04
-1.89130110e-04
-1.71148578e-04
-1.14973328e-04
-4.03831340e-05
-1.05562638e-05
-6.07707266e-05
-1.32979534e-04
-5.86143977e-05
3.47727112e-04
1.03941148e-03
1.64241212e-03
1.75343425e-03
1.16559903e-03
-1.83093930e-05
-1.41347949e-03
-2.54998835e-03
-3.04293984e-03
-2.74283449e-03
-1.77140322e-03
-4.47842901e-04
8.46775016e-04
1.80352610e-03
2.25644975e-03
2.19005003e-03
1.74202690e-03
1.11932724e-03
5.03352812e-04
2.33961836e-05
-2.82694377e-04
-4.42187182e-04
-4.95719797e-04
-4.94366307e-04
-4.77498319e-04
-4.57430329e-04
-4.34859026e-04
-4.21160263e-04
-4.10039514e-04
-3.73159201e-04
-2.92586395e-04
-1.88061764e-04
-7.39062398e-05
4.00675493e-05
1.29597397e-04
1.56052352e-04
1.05531597e-04
-6.51948812e-07
-1.07070525e-04
-1.62186062e-04
-1.40251929e-04
-3.57750686e-05
1.16909293e-04
2.51212448e-04
3.25466939e-04
3.37287782e-04
3.07791786e-04
2.65196848e-04
2.15885782e-04
1.55536437e-04
9.43486262e-05
4.70582791e-05
2.47103267e-05
2.76130894e-05
4.73705709e-05
7.68336519e-05
9.70332427e-05
7.97023206e-05
1.01192088e-05
-9.91374770e-05
-2.04444088e-04
-2.63874639e-04
-2.69234311e-04
-2.35312633e-04
-1.80778823e-04
-1.27521166e-04
-9.34766863e-05
-8.28594303e-05
-8.11616446e-05
-6.60006077e-05
-3.06792765e-05
-3.85283049e-06
-1.07928323e-05
-3.30500468e-05
-3.88957750e-05
-2.43573462e-05
-2.77146840e-06
1.79071021e-05
4.19025949e-05
7.60930245e-05
1.11565570e-04
1.38243357e-04
1.47397583e-04
1.27814329e-04
7.20971988e-05
4.04840423e-07
5.71697743e-07
6.06247158e-07
4.31964703e-07
5.55285166e-08
-4.25018754e-07
-8.78410655e-07
-1.21802812e-06
-1.42251202e-06
-1.49735662e-06
-1.43078660e-06
-1.20117205e-06
-8.02344756e-07
-2.52074669e-07
4.13182567e-07
1.14852032e-06
1.86151403e-06
2.39306613e-06
2.58160982e-06
2.35599846e-06
1.77124065e-06
9.69781882e-07
1.18132017e-07
-6.40024058e-07
-1.18268465e-06
-1.41089354e-06
-1.76446114e-06
-5.55991493e-06
-1.30309635e-05
-1.78681498e-05
-7.00277386e-06
2.32076723e-05
5.97674248e-05
8.10244385e-05
7.01417714e-05
2.64174335e-05
-3.51216655e-05
-9.38890177e-05
-1.32630394e-04
-1.43757429e-04
-1.28899548e-04
-9.40519717e-05
-4.55813005e-05
1.13478474e-05
5.45787187e-05
3.31164164e-05
-6.89206661e-05
-1.40067063e-04
5.30401230e-05
5.93727416e-04
1.19549500e-03
1.43924425e-03
1.06328322e-03
1.10648480e-04
-1.08607160e-03
-2.07589109e-03
-2.49548388e-03
-2.20714199e-03
-1.32126498e-03
-1.43181447e-04
9.55373689e-04
1.67421195e-03
1.92905076e-03
1.74374410e-03
1.24083572e-03
6.11657998e-04
5.69122149e-05
-3.10590612e-04
-4.52792982e-04
-4.10778996e-04
-2.71647693e-04
-1.39912055e-04
-8.65608495e-05
-1.32455009e-04
-2.57691754e-04
-3.91806110e-04
-4.74001531e-04
-4.73790700e-04
-3.86766674e-04
-2.48905709e-04
-9.96714048e-05
2.50854370e-05
1.03700850e-04
1.25636069e-04
1.19188320e-04
1.19375387e-04
1.43024517e-04
1.79361125e-04
1.98230474e-04
1.81179173e-04
1.31020082e-04
7.79961073e-05
4.01131329e-05
2.72067771e-05
5.20326760e-05
1.07273344e-04
1.57762140e-04
1.77367263e-04
1.59160381e-04
1.12363242e-04
4.83099376e-05
-2.53197909e-05
-9.56973366e-05
-1.39716009e-04
-1.41697099e-04
-1.25622929e-04
-1.05600379e-04
-8.84286194e-05
-7.32620788e-05
-6.27403947e-05
-6.79235798e-05
-9.79788957e-05
-1.51361481e-04
-2.06040280e-04
-2.28023396e-04
-1.92523804e-04
-9.80402809e-05
4.33671993e-05
1.96079267e-04
3.13314416e-04
3.53687416e-04
3.05236673e-04
1.84388150e-04
2.31307832e-05
-1.36452500e-04
-2.44536204e-04
-2.66242779e-04
-2.11889671e-04
-1.05509512e-05
-1.33424943e-05
-1.51585259e-05
-1.57281779e-05
-1.50729703e-05
-1.34977650e-05
-1.14597787e-05
-9.43076558e-06
-7.78396068e-06
-6.69435712e-06
-6.12844698e-06
-5.85663154e-06
-5.52384057e-06
-4.76260145e-06
-3.33546855e-06
-1.22437505e-06
1.36694643e-06
4.05237185e-06
6.33572611e-06
7.76841994e-06
8.13221120e-06
7.53422870e-06
6.36070400e-06
5.10264860e-06
4.16767628e-06
3.75958155e-06
3.90480726e-06
4.49115358e-06
5.24683397e-06
5.62030061e-06
4.20693779e-06
7.14729462e-07
-2.11732407e-06
2.05194623e-06
1.43352279e-05
2.65109680e-05
3.05925772e-05
2.17292799e-05
1.43335802e-06
-2.21448605e-05
-4.05859194e-05
-5.15895162e-05
-5.68148484e-05
-5.36111094e-05
-3.67240605e-05
-1.21103880e-05
1.43971526e-05
3.74535245e-05
5.37006309e-05
5.54230456e-05
2.56626312e-05
-6.04138221e-05
-2.02015335e-04
-2.19871855e-04
1.05645552e-04
6.89251009e-04
1.12624370e-03
1.09826564e-03
5.30118492e-04
-3.82580781e-04
-1.27649700e-03
-1.83045449e-03
-1.86541760e-03
-1.39883283e-03
-6.12018010e-04
2.34885067e-04
9.19763018e-04
1.30595080e-03
1.35923155e-03
1.14421542e-03
7.97208888e-04
4.42773275e-04
1.56144663e-04
-4.90153730e-05
-1.70930612e-04
-2.27231943e-04
-2.47545261e-04
-2.39108962e-04
-2.26062470e-04
-2.09010820e-04
-1.91510472e-04
-1.76243371e-04
-1.79165438e-04
-2.28001963e-04
-3.37553117e-04
-4.46352190e-04
-4.82765613e-04
-3.93464871e-04
-1.88644484e-04
6.79314867e-05
2.95922963e-04
4.34145194e-04
4.59757622e-04
3.83412101e-04
2.43182508e-04
1.00122669e-04
7.52220037e-06
-9.07575618e-06
4.12920040e-05
1.13815471e-04
1.63304262e-04
1.83170212e-04
1.83598607e-04
1.63934410e-04
9.90526494e-05
-5.53369212e-06
-1.04314927e-04
-1.64595286e-04
-1.81545003e-04
-1.49791215e-04
-9.62735569e-05
-5.67117101e-05
-4.72904290e-05
-6.35543779e-05
-1.00215013e-04
-1.28172140e-04
-1.22108150e-04
-9.17253400e-05
-5.72457497e-05
-2.29762470e-05
7.07340766e-06
1.95337378e-05
1.38601139e-05
1.00340579e-05
2.13635598e-05
4.62145412e-05
6.22773534e-05
6.20080721e-05
2.78270719e-05
2.85040895e-05
2.73914291e-05
2.49310975e-05
2.17149292e-05
1.83097726e-05
1.50601473e-05
1.20098168e-05
8.96540208e-06
5.69695724e-06
2.13710705e-06
-1.53393484e-06
-4.93535981e-06
-7.67572465e-06
-9.55529788e-06
-1.06171467e-05
-1.11087747e-05
-1.14486044e-05
-1.21413841e-05
-1.35616634e-05
-1.57572332e-05
-1.84059558e-05
-2.08969734e-05
-2.25683693e-05
-2.26939153e-05
-1.87823796e-05
-3.07195470e-06
2.62970397e-05
4.71191004e-05
2.99457321e-05
-2.79268861e-05
-9.40216483e-05
-1.37125203e-04
-1.37542562e-04
-9.88606414e-05
-3.67488838e-05
3.80109478e-05
1.02402060e-04
1.43803672e-04
1.61307168e-04
1.45524928e-04
4.00723972e-05
-1.63242084e-04
-4.22185866e-04
-3.39838129e-04
3.05427995e-04
1.16876211e-03
1.72783165e-03
1.58891840e-03
7.20649060e-04
-5.68581263e-04
-1.81978662e-03
-2.60631834e-03
-2.70802140e-03
-2.14635331e-03
-1.12215417e-03
7.78036673e-05
1.13734816e-03
1.81612063e-03
2.02864726e-03
1.83751226e-03
1.36681075e-03
7.77101832e-04
2.15142135e-04
-2.07093910e-04
-4.38858197e-04
-4.84487098e-04
-3.87753218e-04
-2.43580172e-04
-1.00877517e-04
5.00150623e-06
4.26104635e-05
1.30222000e-06
-1.08914903e-04
-2.41179835e-04
-3.58643743e-04
-4.34551258e-04
-4.58316917e-04
-4.32045529e-04
-3.53548411e-04
-2.37814271e-04
-1.17993825e-04
-2.68960290e-05
1.97377752e-05
3.01796343e-05
2.09680965e-05
1.60540947e-05
6.11846208e-05
1.74280480e-04
3.09266756e-04
3.99134983e-04
4.09494793e-04
3.38773444e-04
2.32078651e-04
1.42609501e-04
8.09077468e-05
4.70291792e-05
4.02764271e-05
5.14453574e-05
7.15883225e-05
7.24818146e-05
4.97037058e-05
2.99372356e-05
3.84349521e-05
4.93101214e-05
2.05734008e-05
-6.15562206e-05
-1.90614431e-04
-3.39758354e-04
-4.61831896e-04
-5.05070406e-04
-4.56323431e-04
-3.24307486e-04
-1.15361829e-04
1.29649133e-04
3.36692530e-04
4.44771555e-04
4.39164985e-04
3.46847164e-04
2.10739089e-04
7.27917140e-05
-3.81636534e-05
-1.22492745e-04
-1.89273298e-04
-2.29555439e-04
-2.41328236e-04
-2.37003084e-04
-2.19785522e-04
-2.22574220e-05
-2.11244907e-05
-1.94718673e-05
-1.73592507e-05
-1.48083778e-05
-1.18352561e-05
-8.48750276e-06
-4.82918379e-06
-9.93710826e-07
2.80460044e-06
6.32820367e-06
9.34576864e-06
1.16817231e-05
1.32535313e-05
1.40750175e-05
1.42496159e-05
1.39404519e-05
1.33134205e-05
1.25258180e-05
1.17336094e-05
1.10812537e-05
1.06548177e-05
1.04288654e-05
1.02579354e-05
9.97304828e-06
9.58680723e-06
9.80150590e-06
1.25699372e-05
1.76755543e-05
1.89264397e-05
9.19873163e-06
-4.69573296e-06
-1.20369657e-05
-1.38970475e-05
-2.42687187e-05
-4.31990972e-05
-5.28213169e-05
-4.89001878e-05
-3.27396814e-05
-1.15764793e-05
1.42827428e-05
2.97224522e-05
1.38303826e-05
-3.67470578e-05
-1.70057315e-04
-1.47551666e-04
1.21355445e-04
4.88619312e-04
7.24651380e-04
6.54052180e-04
3.06154547e-04
-2.22554711e-04
-7.30947714e-04
-1.02449483e-03
-1.03999624e-03
-8.64384934e-04
-5.10259102e-04
-4.68641933e-05
4.18394025e-04
7.10677716e-04
8.29152788e-04
8.12831924e-04
6.16784655e-04
3.63614745e-04
1.08881035e-04
-1.07410954e-04
-2.12959571e-04
-2.37897158e-04
-2.04735329e-04
-8.20632710e-05
2.03702785e-05
7.12083988e-05
5.45211012e-06
-1.14829561e-04
-1.52743049e-04
-1.54641190e-04
-1.94539347e-04
-1.96539138e-04
-1.54007529e-04
-1.41494542e-04
-1.48499491e-04
-1.14661883e-04
-1.14063629e-04
-7.65737952e-05
2.21407173e-05
1.30361452e-04
2.59147199e-04
4.32289508e-04
5.24639126e-04
4.79807785e-04
3.06257855e-04
2.54528159e-05
-2.56270628e-04
-5.22659493e-04
-6.75008006e-04
-5.54880760e-04
-1.64252448e-04
2.86341172e-04
6.29092819e-04
7.30219569e-04
5.53926127e-04
1.93804399e-04
-1.95775268e-04
-4.74630936e-04
-5.93056105e-04
-5.32899244e-04
-3.23947030e-04
-7.27941463e-05
1.46851186e-04
3.31817942e-04
4.61832578e-04
4.86089811e-04
3.61729381e-04
9.95999526e-05
-1.60797567e-04
-3.72098045e-04
-5.13840028e-04
-5.09632796e-04
-4.26078250e-04
-2.87206526e-04
-9.91368760e-05
9.74388100e-05
2.24555092e-04
2.54060310e-04
2.33813445e-04
1.88556741e-04
1.44484600e-04
7.12277717e-05
