3.96026306e-04
2.95929603e-04
1.89115672e-04
8.31250844e-05
-1.56843662e-05
-1.02236254e-04
-1.72755902e-04
-2.24691464e-04
-2.56719508e-04
-2.68930580e-04
-2.62837006e-04
-2.41012661e-04
-2.06742381e-04
-1.63771012e-04
-1.15934103e-04
-6.67339836e-05
-1.91583282e-05
2.43327616e-05
6.13821105e-05
8.92093101e-05
1.05282228e-04
1.10753574e-04
1.12492402e-04
1.20139723e-04
1.30082828e-04
1.31248828e-04
1.31421091e-04
1.35052568e-04
9.44831473e-05
-4.01532421e-05
-1.29787570e-04
5.35621201e-05
3.22621114e-04
3.98337673e-04
2.46488001e-04
4.97573756e-04
4.91098297e-04
-1.52384746e-04
-9.83791940e-04
-1.41295800e-03
-1.23457687e-03
-8.18884273e-04
-3.98002846e-04
-1.53928455e-04
1.36493888e-05
1.96210017e-04
4.96379197e-04
8.80247365e-04
1.20045526e-03
1.21146943e-03
9.17203836e-04
4.93434119e-04
3.71725680e-05
-3.53665494e-04
-5.46510568e-04
-5.76583618e-04
-5.33331389e-04
-4.58649965e-04
-3.98677217e-04
-3.44020733e-04
-2.28028953e-04
-5.10946563e-05
1.09528495e-04
1.35747275e-04
5.83326633e-05
-3.87746785e-05
-6.47745652e-05
3.67071494e-05
2.42619061e-04
3.58653091e-04
2.43567293e-04
-4.40404266e-05
-3.07678643e-04
-3.87076845e-04
-2.42270115e-04
5.02445028e-05
3.09576385e-04
3.97935113e-04
3.11210244e-04
1.36970550e-04
4.27649916e-06
-9.76290867e-05
-1.64997804e-04
-1.00899616e-04
1.77498197e-05
7.09197755e-05
5.06913969e-05
-1.07138414e-05
-3.65360042e-05
-7.50596781e-05
-1.55231918e-04
-1.85423138e-04
-1.20579918e-04
-3.74241167e-05
1.39048614e-05
2.41036674e-05
1.05992121e-05
1.98069908e-05
9.91432284e-05
2.01112581e-04
2.35000045e-04
1.62443828e-04
6.68381221e-06
-1.51079713e-04
-2.27139875e-04
-2.19729082e-04
-1.91666898e-04
-1.44485743e-04
-2.30619217e-05
1.45194450e-04
2.48277522e-04
2.57968058e-04
2.16555992e-04
1.53097347e-04
7.70620293e-05
-3.32320801e-06
-5.67518037e-05
-8.31533701e-05
-1.03600812e-04
-1.37293421e-04
-1.97069749e-04
-2.72011327e-04
-3.04078175e-04
-2.22032927e-04
-6.04765330e-05
1.03531075e-04
2.16351049e-04
2.53848996e-04
9.33861621e-05
1.82837271e-04
2.50988629e-04
2.95919234e-04
3.17552244e-04
3.17100212e-04
2.96777936e-04
2.59899146e-04
2.10747246e-04
1.54090794e-04
9.47081667e-05
3.68273987e-05
-1.66037213e-05
-6.39450625e-05
-1.03919214e-04
-1.34784425e-04
-1.54393572e-04
-1.61094069e-04
-1.54845490e-04
-1.37808097e-04
-1.13667512e-04
-8.58133788e-05
-5.28837013e-05
4.26337701e-06
1.24735749e-04
3.11341637e-04
4.74764646e-04
5.16422559e-04
4.52171893e-04
3.55542355e-04
1.63928084e-04
-2.17003663e-04
-6.93432247e-04
-1.00140451e-03
-9.21874491e-04
-4.93146249e-04
-1.04890955e-04
-2.92722816e-04
-1.18423607e-03
-2.12297893e-03
-1.92166258e-03
-4.17802808e-04
1.42047690e-03
1.69556684e-03
1.29540861e-03
1.68047864e-03
2.87985650e-03
3.88634302e-03
3.55727480e-03
1.15328554e-03
-2.17790356e-03
-4.12719178e-03
-2.62836868e-03
1.03280194e-03
3.50025669e-03
2.47981329e-03
-1.00558226e-03
-4.37049257e-03
-5.48032716e-03
-4.03239170e-03
-1.23050925e-03
1.02531007e-03
1.49606213e-03
7.79024458e-04
1.46239693e-04
-3.71129070e-05
3.10327534e-04
8.83866665e-04
1.39029113e-03
1.74416938e-03
1.76347155e-03
1.29550821e-03
4.99333329e-04
-1.28982937e-04
-3.73098891e-04
-3.96471968e-04
-3.32084801e-04
-4.89666371e-04
-7.52148308e-04
-8.33764019e-04
-6.99274154e-04
-5.85247853e-04
-3.58892535e-04
-2.10500317e-05
9.28515994e-05
-1.21394227e-04
-2.93697763e-04
-3.39160062e-05
6.53529812e-04
1.27811245e-03
1.22380648e-03
5.35044936e-04
-2.33419921e-04
-5.55966913e-04
-3.05415282e-04
-3.09140977e-06
-2.52725608e-04
-6.45290016e-04
-7.36890919e-04
-3.09574330e-04
2.92245524e-04
5.52423364e-04
2.81615583e-04
-7.04327417e-05
-1.59701831e-04
-3.07599323e-05
2.06441233e-04
2.54515534e-04
1.68990026e-04
7.32374307e-05
1.64694371e-05
-1.87629007e-05
-9.70133143e-05
-1.64436222e-04
-2.36986587e-04
-2.44840415e-04
-1.64315510e-04
-3.00418500e-05
1.55999997e-04
3.09321292e-04
2.93869320e-04
1.21219469e-04
-8.51118573e-05
-1.99449015e-04
-1.70770766e-04
-8.18396722e-05
4.72379260e-05
2.04463368e-04
-1.31872114e-03
-1.34626715e-03
-1.28447339e-03
-1.14896306e-03
-9.57541291e-04
-7.28151152e-04
-4.78398886e-04
-2.25458880e-04
1.46603731e-05
2.28274106e-04
4.04894536e-04
5.37541316e-04
6.22575463e-04
6.59395774e-04
6.50245767e-04
6.00143557e-04
5.16638518e-04
4.09014566e-04
2.87001435e-04
1.59771330e-04
3.56806832e-05
-7.66047624e-05
-1.62074332e-04
-1.93250067e-04
-1.51017254e-04
-5.65402828e-05
3.03990751e-05
7.79692593e-05
7.83822375e-05
1.17357409e-05
-1.61364514e-04
-4.09549318e-04
-6.37150807e-04
-7.23075812e-04
-5.82489616e-04
-3.28100498e-04
-3.28320574e-04
-8.06662315e-04
-1.52162011e-03
-1.60200887e-03
-7.79643160e-04
4.62762603e-04
8.94193179e-04
1.15760936e-03
1.79845530e-03
2.70227380e-03
3.32323624e-03
2.99259525e-03
1.11524056e-03
-1.55757528e-03
-2.99803934e-03
-2.26098443e-03
-1.65526057e-04
1.50314542e-03
1.64512232e-03
-9.80137248e-05
-2.52088812e-03
-3.76640143e-03
-2.99033181e-03
-1.08907748e-03
7.56598114e-04
1.54701061e-03
1.13514942e-03
2.39464064e-04
-2.06790803e-04
1.45811867e-04
9.10505093e-04
1.53374788e-03
1.72521858e-03
1.46105838e-03
8.53125633e-04
1.97913650e-04
-1.78861880e-04
-2.77555743e-04
-4.04630335e-04
-7.63906745e-04
-1.08888068e-03
-1.04851168e-03
-8.88300231e-04
-7.95094170e-04
-7.19996085e-04
-5.26595600e-04
-9.86297736e-05
3.37488655e-04
5.41621666e-04
5.25028441e-04
5.94265861e-04
8.57459696e-04
9.85680793e-04
8.64497166e-04
4.62750718e-04
3.43722370e-05
-2.11214132e-04
-3.27523266e-04
-3.46751981e-04
-4.34716872e-04
-6.28417080e-04
-7.31637626e-04
-6.00533480e-04
-2.70913364e-04
9.51997307e-05
3.16936379e-04
3.14208237e-04
1.41072540e-04
-5.30402605e-05
-5.38939781e-05
1.72677163e-04
4.35819775e-04
4.77119137e-04
2.78403846e-04
2.67096872e-06
-2.13338964e-04
-2.94573746e-04
-2.74326455e-04
-2.24676779e-04
-1.33139379e-04
-2.09141993e-05
7.16058806e-05
1.35872423e-04
1.68571898e-04
9.14581590e-05
-8.86500139e-05
-2.07512340e-04
-1.32374188e-04
6.98190261e-05
2.17125719e-04
2.32359094e-04
1.82470662e-04
7.00106515e-05
1.35873007e-04
1.85746976e-04
2.18469581e-04
2.34109926e-04
2.33582586e-04
2.18440268e-04
1.90945787e-04
1.54123664e-04
1.11493856e-04
6.65990062e-05
2.26021600e-05
-1.78900529e-05
-5.28296374e-05
-8.06826525e-05
-1.00472541e-04
-1.11839560e-04
-1.14963331e-04
-1.10452643e-04
-9.93223349e-05
-8.30019814e-05
-6.32731071e-05
-4.05733072e-05
4.57769809e-08
8.65145484e-05
2.08153830e-04
3.03742029e-04
3.24472405e-04
2.22573532e-04
-3.61361859e-05
-3.49204590e-04
-5.72883741e-04
-6.21249183e-04
-4.96227892e-04
-2.64210716e-04
-1.38189060e-05
2.33752835e-04
4.65821884e-04
6.17546325e-04
6.37616985e-04
3.62027353e-04
-1.53214540e-04
-3.30487122e-04
-2.40136416e-04
-3.14796918e-04
-7.32995020e-04
-1.15017125e-03
-8.03848308e-04
4.16574093e-04
1.94285306e-03
2.75234956e-03
2.33189082e-03
1.00966405e-03
-4.51479883e-04
-1.45329681e-03
-1.72345715e-03
-1.38431927e-03
-8.30240870e-04
-4.62951718e-04
-3.86215512e-04
-4.18997599e-04
-4.09703762e-04
-3.28183142e-04
-1.74007636e-04
4.05772552e-05
2.10313845e-04
3.11195066e-04
4.07139137e-04
5.35524328e-04
6.54397936e-04
6.53153857e-04
5.53831062e-04
4.24123145e-04
3.21565517e-04
2.00529393e-04
5.32932231e-06
-2.87295150e-04
-5.44827015e-04
-6.11865879e-04
-4.78990771e-04
-2.44789524e-04
-3.54630939e-05
8.23077900e-05
8.98779011e-05
3.97622779e-05
-8.72429863e-06
-3.84191179e-05
-6.02137025e-05
-5.94508213e-05
-1.67935281e-05
5.56360144e-06
-3.80926847e-05
-8.57465715e-05
-7.40025291e-05
1.50868382e-05
7.64624336e-05
5.71602719e-05
3.61385862e-05
6.68069405e-05
1.53811330e-04
2.62969906e-04
3.43124063e-04
3.45162417e-04
2.08743227e-04
-1.79290294e-05
-1.98236784e-04
-2.27338809e-04
-1.06121592e-04
-1.22027305e-05
-9.71310757e-05
-2.99795647e-04
-4.61359072e-04
-4.82875952e-04
-3.60048572e-04
-1.55927589e-04
8.13454446e-05
3.11572199e-04
4.50186253e-04
4.42432150e-04
3.19619001e-04
1.56498089e-04
1.90205165e-05
-4.93916758e-05
-3.41213768e-05
2.75113408e-05
6.50872954e-05
3.24500934e-05
-3.86764979e-05
1.34370512e-05
1.99269812e-05
2.41645530e-05
2.60944746e-05
2.59819074e-05
2.42186857e-05
2.10667804e-05
1.66062575e-05
1.10184395e-05
4.84435399e-06
-1.10073273e-06
-6.03155766e-06
-9.47767145e-06
-1.14199945e-05
-1.22058114e-05
-1.22860129e-05
-1.19246210e-05
-1.10433987e-05
-9.37348823e-06
-6.78938050e-06
-3.48214085e-06
1.99108018e-07
2.56717883e-06
-8.82650009e-06
-5.21059262e-05
-1.23915374e-04
-1.87308521e-04
-2.11421171e-04
-1.92841434e-04
-9.57178341e-05
7.87416642e-05
2.56577410e-04
3.67545141e-04
3.90926981e-04
3.31710176e-04
2.13830596e-04
8.48029058e-05
1.00362971e-04
3.92239873e-04
8.47262161e-04
1.08081079e-03
7.68361677e-04
2.10470856e-04
-3.91826886e-04
-1.22469269e-03
-2.05817153e-03
-2.38411287e-03
-2.18217801e-03
-1.57630105e-03
-7.19897561e-04
9.54660328e-05
6.00409422e-04
8.07074055e-04
9.02894872e-04
1.07461392e-03
1.43151712e-03
1.76434344e-03
1.87050518e-03
1.60572903e-03
9.96709739e-04
3.03828810e-04
-2.13179381e-04
-5.30662110e-04
-7.53335642e-04
-9.06122226e-04
-9.80070252e-04
-9.44431795e-04
-8.43380458e-04
-7.29901971e-04
-5.87265897e-04
-4.43926548e-04
-3.03759867e-04
-1.41387139e-04
2.26981907e-05
1.57439540e-04
2.29057398e-04
2.46687210e-04
2.36841395e-04
2.79454415e-04
3.91934967e-04
4.78940471e-04
4.86206784e-04
4.12823869e-04
2.92029837e-04
1.73542031e-04
9.22908908e-05
4.83649863e-05
4.07152215e-06
-7.16387289e-05
-1.87100391e-04
-3.30363986e-04
-4.32722835e-04
-4.26575430e-04
-3.26571139e-04
-1.75662931e-04
-4.55494834e-05
7.43964928e-06
2.60034413e-05
5.84093603e-05
9.40366759e-05
1.05857456e-04
1.00828407e-04
9.47667313e-05
9.65880348e-05
1.08246123e-04
1.07552923e-04
6.38846922e-05
-2.84030136e-05
-1.15947156e-04
-1.36610714e-04
-6.91969366e-05
4.11617007e-05
1.26633154e-04
1.76101607e-04
1.97495802e-04
1.62085666e-04
9.40516441e-05
3.38846080e-05
-3.38014917e-05
-1.26754850e-04
-2.02822623e-04
-2.28719620e-04
-2.31159012e-04
-2.43830572e-04
-2.50669349e-04
-2.12624741e-04
-1.07871358e-04
2.06807828e-05
-3.74922761e-04
-4.00739319e-04
-3.98417593e-04
-3.68232279e-04
-3.14535031e-04
-2.44751777e-04
-1.67069964e-04
-8.84801322e-05
-1.40865116e-05
5.25285328e-05
1.08675650e-04
1.52230041e-04
1.81681535e-04
1.96371898e-04
1.96716114e-04
1.84227211e-04
1.61282515e-04
1.30734263e-04
9.54998259e-05
5.83039339e-05
2.16260780e-05
-1.23316445e-05
-4.17437087e-05
-6.66794843e-05
-9.82824379e-05
-1.60275784e-04
-2.47694436e-04
-3.29163962e-04
-3.90073267e-04
-4.06777566e-04
-3.35412414e-04
-1.75315223e-04
3.13886190e-05
2.68186232e-04
5.11011943e-04
6.92237087e-04
7.53321753e-04
7.00926099e-04
6.13012889e-04
6.93535088e-04
1.20801891e-03
1.86673056e-03
2.04596453e-03
1.54999107e-03
1.87972064e-04
-1.90741992e-03
-4.11085826e-03
-5.86476191e-03
-6.59157866e-03
-5.63736539e-03
-2.89947141e-03
7.37242725e-04
3.89349264e-03
5.61228845e-03
5.60064564e-03
4.26355582e-03
2.47639159e-03
1.05884155e-03
2.78019161e-04
-1.41499880e-05
-3.47593495e-05
9.02677271e-06
-1.11064414e-04
-4.83738845e-04
-9.59635836e-04
-1.29133071e-03
-1.43824586e-03
-1.40072502e-03
-1.21375294e-03
-9.68123204e-04
-7.51363828e-04
-5.86419839e-04
-4.45465750e-04
-2.92164327e-04
-8.46101176e-05
1.68363728e-04
4.06364551e-04
6.06722182e-04
8.08789341e-04
9.84832454e-04
1.00933772e-03
8.57585022e-04
5.83059768e-04
1.97404999e-04
-1.72115196e-04
-3.99424681e-04
-4.14833595e-04
-1.99674613e-04
8.93438180e-05
2.49247577e-04
2.20262681e-04
1.05766687e-04
-6.61776265e-07
-1.04456173e-04
-2.21420487e-04
-3.45508355e-04
-4.52431719e-04
-5.26682033e-04
-5.39765130e-04
-5.06363399e-04
-4.51246359e-04
-3.11137657e-04
-4.33000839e-05
3.00130369e-04
6.06634222e-04
7.80226417e-04
7.75012428e-04
5.93173035e-04
2.81720295e-04
-3.74646086e-05
-2.24402795e-04
-2.31527743e-04
-1.04971972e-04
1.47245105e-05
2.16382109e-05
-7.83295588e-05
-2.14355534e-04
-2.85676038e-04
-2.51099516e-04
-1.32762694e-04
2.71047850e-05
1.49428767e-04
1.76827922e-04
1.11296961e-04
3.94527559e-06
-6.99440331e-05
-5.78543033e-05
8.27054157e-06
6.17776885e-05
6.76159632e-05
6.81317208e-05
6.31380867e-05
5.35336163e-05
4.11101368e-05
2.78904743e-05
1.53542768e-05
4.09786598e-06
-5.92009077e-06
-1.47979188e-05
-2.22811406e-05
-2.78466093e-05
-3.11212350e-05
-3.21446922e-05
-3.10708354e-05
-2.79297406e-05
-2.29179651e-05
-1.66524705e-05
-1.00626993e-05
-4.01365749e-06
1.09984770e-06
5.84083449e-06
1.64670411e-05
4.38276900e-05
8.44205392e-05
1.07759793e-04
8.78152244e-05
3.27515526e-05
-4.35964589e-05
-1.31448866e-04
-2.01240656e-04
-2.07774105e-04
-1.60096316e-04
-8.52343012e-05
8.33851918e-06
9.71275272e-05
1.70864237e-04
2.52302935e-04
3.17498695e-04
3.33524368e-04
2.20692677e-04
5.52844064e-05
-5.70135846e-06
-4.48629608e-06
-7.72544112e-06
-1.13165815e-04
-4.51465700e-04
-8.28003688e-04
-9.22749970e-04
-7.42175514e-04
-4.06337451e-04
-2.29363573e-05
3.95710831e-04
7.76832146e-04
9.59624376e-04
8.84493922e-04
6.98427638e-04
4.53380423e-04
1.87745439e-04
1.84136155e-06
-9.12503416e-05
-1.71505086e-04
-2.69461663e-04
-3.51676397e-04
-4.37568985e-04
-4.71535782e-04
-4.23136916e-04
-3.38018792e-04
-2.45478142e-04
-1.46145211e-04
-3.45793851e-05
7.07934285e-05
1.41306738e-04
2.21215893e-04
2.52018834e-04
2.35172689e-04
1.62213704e-04
1.14502773e-04
9.23594331e-05
8.44291741e-05
9.14700945e-05
1.22656257e-04
1.77624713e-04
1.94290600e-04
1.26085047e-04
-1.61483460e-05
-1.78829251e-04
-3.03093213e-04
-3.20129482e-04
-2.57378241e-04
-1.39232048e-04
-3.27361064e-05
-1.03363936e-06
-2.27705369e-05
-6.24900173e-05
-8.28641175e-05
-6.67788178e-06
1.58113972e-04
3.02419374e-04
3.19160496e-04
1.88952491e-04
-9.14137872e-07
-1.49730065e-04
-1.87251946e-04
-1.06614177e-04
2.29584587e-05
9.60596233e-05
4.43701141e-05
-8.32046361e-05
-1.63780265e-04
-1.30823964e-04
-4.39878868e-06
1.38599553e-04
1.88149229e-04
1.00228808e-04
-6.22635187e-05
-1.70636145e-04
-1.39910869e-04
-2.37931364e-05
8.07680708e-05
1.28395078e-04
1.16036041e-04
5.81797397e-05
-5.12679874e-07
-4.39324737e-05
-8.18243427e-05
-9.09643470e-05
4.51892602e-05
8.97127953e-05
1.23573955e-04
1.46340733e-04
1.58007993e-04
1.58819449e-04
1.49507872e-04
1.31530788e-04
1.06988529e-04
7.83002521e-05
4.78899114e-05
1.79988246e-05
-9.46939872e-06
-3.30974937e-05
-5.19386064e-05
-6.54645244e-05
-7.35957438e-05
-7.66595279e-05
-7.51862399e-05
-6.96638467e-05
-6.04705197e-05
-4.80832061e-05
-3.33537949e-05
-1.74962596e-05
2.79941944e-06
5.23215087e-05
1.51044684e-04
2.66265499e-04
3.30494206e-04
3.15604799e-04
1.88888011e-04
-5.80452718e-05
-3.33904955e-04
-5.35238537e-04
-6.03332818e-04
-5.21969810e-04
-3.24900297e-04
-8.71704095e-05
1.29633701e-04
2.98718359e-04
3.93920877e-04
2.94456984e-04
-8.72008607e-05
-6.00826544e-04
-9.20509859e-04
-7.44226716e-04
5.60130419e-06
1.00890626e-03
1.73720450e-03
1.84276255e-03
1.31752277e-03
5.08152134e-04
-1.84241465e-04
-5.20262869e-04
-5.15201105e-04
-3.99720642e-04
-3.84651155e-04
-5.40236464e-04
-7.57154145e-04
-8.67506936e-04
-7.65252329e-04
-5.01177359e-04
-2.07259802e-04
1.18872937e-05
1.02195849e-04
1.02873941e-04
1.08613417e-04
1.76437360e-04
2.46176141e-04
2.76537498e-04
2.57016442e-04
2.02307584e-04
1.95876356e-04
2.56534436e-04
3.16786571e-04
3.23026373e-04
2.47729091e-04
1.17090764e-04
-1.00645848e-05
-9.73665562e-05
-1.59707549e-04
-1.92425772e-04
-1.86207147e-04
-1.59905128e-04
-1.31776356e-04
-1.29775044e-04
-1.70411622e-04
-2.11574466e-04
-2.19019753e-04
-1.63947601e-04
-6.47127611e-05
4.89298672e-05
1.38963757e-04
1.80177474e-04
1.62427199e-04
1.06941649e-04
6.40848400e-05
6.91673064e-05
1.14531409e-04
1.58244652e-04
1.53360713e-04
8.44884812e-05
-2.75042846e-05
-1.37286145e-04
-1.92627851e-04
-1.72661423e-04
-8.15348029e-05
4.04321004e-05
1.09764207e-04
9.47149805e-05
3.10077381e-05
-4.14116661e-05
-1.08503973e-04
-1.40142764e-04
-1.17196503e-04
-6.33966547e-05
-1.97365234e-05
1.86359413e-06
3.37849480e-05
1.11760706e-04
2.04315364e-04
2.42913800e-04
1.79377354e-04
4.65781288e-05
-6.96488386e-05
-1.28942902e-04
-1.41381572e-04
-1.28798139e-04
8.16459757e-05
1.64455618e-04
2.28039757e-04
2.70575848e-04
2.91661002e-04
2.92173509e-04
2.74189832e-04
2.40846099e-04
1.95994186e-04
1.43752909e-04
8.81524371e-05
3.29459562e-05
-1.84898786e-05
-6.32697492e-05
-9.91895547e-05
-1.24898029e-04
-1.39928811e-04
-1.44561875e-04
-1.39622234e-04
-1.26362656e-04
-1.06400371e-04
-8.16491782e-05
-5.42411089e-05
-2.63635144e-05
-1.04260250e-06
8.12793036e-06
-1.83265083e-05
-7.22977550e-05
-1.20196985e-04
-1.22818454e-04
-9.71649346e-05
-1.99623627e-05
1.35138344e-04
3.10031215e-04
4.22595333e-04
4.35238521e-04
3.53921253e-04
2.02294670e-04
3.10683929e-05
-8.13511849e-05
-1.06812256e-04
-3.74416513e-05
2.36000544e-04
6.31647126e-04
9.23575839e-04
6.47847172e-04
-4.80317722e-05
-5.83597699e-04
-9.64793746e-04
-1.50455201e-03
-2.13506160e-03
-2.28209463e-03
-1.67225933e-03
-6.63594275e-04
3.90331303e-04
1.21929233e-03
1.54544953e-03
1.36556313e-03
9.30508059e-04
6.69504153e-04
8.44302141e-04
1.20415267e-03
1.36793529e-03
1.15404496e-03
6.28748002e-04
4.97416140e-05
-4.01046801e-04
-6.82473855e-04
-7.80941886e-04
-7.60517228e-04
-7.28788509e-04
-7.51150128e-04
-8.26890555e-04
-8.57415104e-04
-7.54778795e-04
-4.82965414e-04
-9.96774269e-05
1.74098337e-04
2.14691970e-04
1.39608877e-04
1.31876251e-04
2.21556742e-04
3.67814173e-04
5.01229472e-04
5.26662936e-04
4.18789594e-04
2.59471181e-04
1.26879955e-04
5.23622731e-05
1.69984757e-06
-4.09395032e-05
-6.62687494e-05
-9.76080773e-05
-1.24036613e-04
-1.34966136e-04
-1.16671900e-04
-7.48557447e-05
-1.28506341e-05
5.28870918e-05
7.73339919e-05
1.93262064e-05
-1.15830275e-04
-2.54230081e-04
-3.24988152e-04
-2.89930229e-04
-1.54983102e-04
1.98747723e-05
1.74309296e-04
2.46206862e-04
2.12701714e-04
1.36283577e-04
8.54179279e-05
6.19383005e-05
2.73584677e-05
-3.05349832e-05
-6.45464892e-05
-3.03004744e-05
4.37109143e-05
1.14654614e-04
1.47630091e-04
1.12709009e-04
3.28532596e-05
-2.89826176e-05
-2.35620725e-05
4.70328564e-06
-2.36002038e-05
-1.26773236e-04
-2.44074435e-04
1.65375882e-04
3.20391756e-04
4.37770404e-04
5.14235380e-04
5.49702350e-04
5.46816462e-04
5.10231597e-04
4.45919219e-04
3.60730753e-04
2.62110967e-04
1.57708779e-04
5.48300510e-05
-4.01016804e-05
-1.21964444e-04
-1.87141693e-04
-2.33527765e-04
-2.60378832e-04
-2.68090131e-04
-2.58040061e-04
-2.32569217e-04
-1.94939411e-04
-1.49083942e-04
-9.91253230e-05
-4.88370281e-05
-1.29464391e-06
4.11481358e-05
7.66414249e-05
1.03682040e-04
1.21219084e-04
1.28954232e-04
1.27479173e-04
1.17301442e-04
9.52174529e-05
6.38934502e-05
3.25684684e-05
8.15127807e-06
-7.45276966e-06
-1.29431677e-05
1.97476352e-05
9.11978795e-05
1.60512916e-04
1.90753636e-04
1.69356899e-04
1.02409534e-04
3.79071809e-06
-1.04771531e-04
-1.96251705e-04
-2.46187157e-04
-2.60650859e-04
-2.49814227e-04
-2.09767973e-04
-1.62390628e-04
-1.26695746e-04
-4.70047659e-05
8.34281900e-05
2.57320134e-04
3.93780162e-04
3.33318994e-04
1.71798581e-04
4.69812868e-05
-6.10781708e-05
-1.85580075e-04
-3.31905846e-04
-4.41867137e-04
-4.79892033e-04
-4.16321014e-04
-1.56819592e-04
2.36841647e-04
4.99519961e-04
4.36582236e-04
1.48083391e-04
-7.16480913e-05
-5.31331311e-05
1.32155467e-04
3.10080999e-04
3.34851921e-04
2.25771987e-04
5.59007763e-05
-7.85023902e-05
-7.40066728e-05
2.91260021e-05
7.98965929e-05
-2.64471385e-05
-2.44660631e-04
-3.81473900e-04
-3.19583721e-04
-1.69152371e-04
-4.05836897e-05
7.34007766e-05
1.65869075e-04
1.57394472e-04
4.58629986e-05
-3.58975668e-05
-8.73240474e-06
5.66796767e-05
-5.38886965e-06
-1.64915123e-04
-2.09586596e-04
-1.41129313e-04
-5.32279313e-05
-1.05990902e-06
4.06116643e-05
8.71948729e-05
1.09999896e-04
1.41979190e-04
1.60835613e-04
1.31332712e-04
9.60692739e-05
1.48990589e-04
2.47725867e-04
2.15560599e-04
1.36363154e-05
-2.00424292e-04
-3.16796112e-04
-3.18889129e-04
-2.31155724e-04
-1.30806602e-04
-6.91802481e-05
-3.23019315e-05
-1.80579614e-05
-3.07950949e-05
-3.23052927e-05
-3.23458797e-06
7.75476926e-05
1.69892172e-04
2.17934974e-04
1.96011184e-04
1.58741929e-04
-1.31652257e-06
-3.39569965e-06
-4.69010155e-06
-5.14177790e-06
-5.04909542e-06
-4.88649532e-06
-5.02362975e-06
-5.48394106e-06
-5.95976422e-06
-6.05915022e-06
-5.51647199e-06
-4.25466623e-06
-2.40661327e-06
-2.96494505e-07
1.68760510e-06
3.26896334e-06
4.34068384e-06
4.89154378e-06
4.97136860e-06
4.69001732e-06
4.21874543e-06
3.72989488e-06
3.29592266e-06
2.88258360e-06
2.42434416e-06
1.92645552e-06
1.44660732e-06
9.83163523e-07
4.44508053e-07
-2.03915874e-07
5.27044469e-07
1.47564771e-05
6.03085101e-05
1.29415706e-04
1.86748701e-04
2.05255919e-04
1.62655938e-04
5.21801952e-05
-1.17329199e-04
-3.05613886e-04
-4.53615660e-04
-5.16116002e-04
-4.76442672e-04
-3.45901879e-04
-1.53395940e-04
6.11444431e-05
2.61748734e-04
4.15198190e-04
5.03827548e-04
5.19459057e-04
4.77406934e-04
3.89104857e-04
1.42988235e-04
-4.44408440e-04
-1.21870175e-03
-1.63492726e-03
-1.21258828e-03
9.84742520e-05
1.54764779e-03
2.22801646e-03
1.92122973e-03
9.74661192e-04
-1.30670638e-05
-6.07724598e-04
-7.16886940e-04
-4.89901999e-04
-2.07021949e-04
-9.36948094e-05
-1.83773854e-04
-4.14232036e-04
-6.87106202e-04
-8.38421596e-04
-7.56415019e-04
-4.85255784e-04
-1.78843933e-04
4.99108357e-05
1.65253409e-04
1.85520880e-04
1.97938612e-04
2.44363846e-04
3.06113386e-04
3.86822500e-04
4.47236395e-04
4.47625333e-04
4.07720378e-04
3.28480180e-04
2.23600957e-04
1.18030433e-04
8.27881038e-06
-8.63358499e-05
-1.49290279e-04
-2.06979597e-04
-2.43125095e-04
-2.52628244e-04
-2.63290695e-04
-2.76827152e-04
-2.68139532e-04
-1.88255103e-04
-5.80027026e-05
5.79187786e-05
1.04722010e-04
6.81037650e-05
4.91083613e-06
-2.86027124e-05
-2.39772938e-05
2.92289087e-05
1.15957696e-04
1.86617711e-04
2.20536061e-04
2.32653919e-04
2.00026516e-04
1.16407144e-04
1.93124497e-05
-6.16809231e-05
-1.22175741e-04
-1.49080265e-04
-1.41546244e-04
-1.11271416e-04
-8.25417303e-05
-5.19524129e-05
-1.50017022e-05
1.41018320e-05
1.53124393e-05
-1.58469028e-05
-7.19561576e-05
-1.22758888e-04
-1.32415757e-04
-7.50135339e-05
