4.18302068e-07
2.70106661e-06
4.82729092e-06
6.59090669e-06
7.82464649e-06
8.42208566e-06
8.34934684e-06
7.64589674e-06
6.41520209e-06
4.80792977e-06
3.00149413e-06
1.17836558e-06
-4.96350704e-07
-1.89540447e-06
-2.94283936e-06
-3.61610087e-06
-3.93890141e-06
-3.96914326e-06
-3.78383723e-06
-3.46276299e-06
-3.07305366e-06
-2.65783928e-06
-2.23170057e-06
-1.78313813e-06
-1.28326153e-06
-6.98857102e-07
-7.23055582e-09
7.89430412e-07
1.65405205e-06
2.51280372e-06
3.26274233e-06
3.78765463e-06
3.97754795e-06
3.74902466e-06
3.06486050e-06
1.94546620e-06
2.73032310e-07
-2.62361318e-06
-7.42360060e-06
-1.44677606e-05
-2.35064605e-05
-3.18695720e-05
-3.50416009e-05
-2.90030595e-05
-1.25966806e-05
1.09383701e-05
3.40015687e-05
4.71849740e-05
4.65311320e-05
3.64946385e-05
2.81109871e-05
3.05536197e-05
4.50046028e-05
6.53835413e-05
8.22405451e-05
8.64845532e-05
7.42280984e-05
5.03046355e-05
2.35075920e-05
-4.66060345e-06
-4.20788664e-05
-9.82387246e-05
-1.71428870e-04
-2.47115827e-04
-3.05948770e-04
-3.31378037e-04
-3.10113092e-04
-2.36448747e-04
-1.31737475e-04
-3.39696174e-05
4.97985262e-05
1.49191511e-04
2.86988279e-04
4.52899324e-04
5.95478546e-04
6.56149754e-04
6.06302792e-04
4.45082155e-04
1.89013188e-04
-1.25475822e-04
-4.37817235e-04
-6.78689045e-04
-7.99386911e-04
-7.88183518e-04
-6.66290915e-04
-4.67580687e-04
-2.18124437e-04
5.12847946e-05
2.99901649e-04
4.97230793e-04
6.31640612e-04
7.03620174e-04
7.11687616e-04
6.49365709e-04
5.21609434e-04
3.46917459e-04
1.48352001e-04
-4.95065757e-05
-2.17506234e-04
-3.31048537e-04
-3.81631873e-04
-3.79533737e-04
-3.47015021e-04
-3.03667896e-04
-2.60542731e-04
-2.25480197e-04
-2.05791210e-04
-2.05730761e-04
-2.22397859e-04
-2.47147012e-04
-2.69389262e-04
-2.80477101e-04
-2.74089058e-04
-2.45292831e-04
-1.91912167e-04
-1.12917119e-04
-9.02542683e-06
1.15919624e-04
2.52699255e-04
3.87152305e-04
5.02467880e-04
5.81758105e-04
6.13372191e-04
5.94698366e-04
5.30054075e-04
4.26881746e-04
2.94409418e-04
1.46061493e-04
-1.13253337e-08
-1.27212750e-04
-2.26445658e-04
-2.97200440e-04
-3.44830196e-04
-3.76249829e-04
-3.94523890e-04
-3.95336902e-04
-3.72456508e-04
-3.22131900e-04
-2.43169157e-04
-1.36953712e-04
-1.01940492e-05
1.22766567e-04
2.42817497e-04
3.29301953e-04
3.66058942e-04
3.49757536e-04
2.91115446e-04
2.07398307e-04
1.13427410e-04
2.00561092e-05
-6.46652061e-05
-1.36278846e-04
-1.95207625e-04
-2.45824473e-04
-2.89710278e-04
-3.21273307e-04
-3.30498332e-04
-3.07479572e-04
-2.48142434e-04
-1.57052752e-04
-4.39486372e-05
7.95131265e-05
2.02009899e-04
3.12922781e-04
4.02154779e-04
4.61193088e-04
4.84646673e-04
4.69610936e-04
4.16794200e-04
3.33113103e-04
2.29473711e-04
1.15395821e-04
-2.91198311e-06
-1.21382908e-04
-2.35675194e-04
-3.39587822e-04
-4.26651332e-04
-4.92386630e-04
-5.35765144e-04
-5.57193426e-04
-5.56807784e-04
-5.33812538e-04
-4.84466946e-04
-4.03161368e-04
-2.85053833e-04
-1.29237476e-04
5.77582317e-05
2.60772269e-04
4.58049143e-04
6.26837353e-04
7.48088385e-04
8.09537258e-04
8.06681585e-04
7.41614327e-04
6.21284821e-04
4.57551575e-04
2.66558490e-04
6.72938921e-05
-1.19022697e-04
-2.71553535e-04
-3.75764330e-04
-4.27705395e-04
-4.33983281e-04
-4.09331229e-04
-3.71534184e-04
-3.35651538e-04
-3.10162317e-04
-2.95790687e-04
-2.86886580e-04
-2.74443647e-04
-2.49297571e-04
-2.04594428e-04
-1.38617418e-04
-5.61184611e-05
3.27520842e-05
1.15777092e-04
1.82471053e-04
2.25598704e-04
2.41188903e-04
2.28596636e-04
1.91179448e-04
1.38206770e-04
8.48304716e-05
4.78744987e-05
3.88653813e-05
5.92925636e-05
1.01578843e-04
1.53977486e-04
2.05164558e-04
2.45925548e-04
2.69134604e-04
2.70102781e-04
2.47067009e-04
2.00709126e-04
1.33408130e-04
4.95681337e-05
-4.40911470e-05
-1.38914169e-04
-2.25340362e-04
-2.95566146e-04
-3.46072864e-04
-3.77510793e-04
-3.92810068e-04
-3.94943030e-04
-3.85240653e-04
-3.62167938e-04
-3.22777682e-04
-2.65323786e-04
-1.90085738e-04
-1.00008508e-04
-9.62649397e-07
9.95041722e-05
1.94240331e-04
2.78028441e-04
3.46840204e-04
3.97316512e-04
4.42580526e-07
6.83595919e-07
8.37630414e-07
8.92385486e-07
8.45507563e-07
7.06069536e-07
4.94762172e-07
2.42440002e-07
-1.36477315e-08
-2.35858950e-07
-3.93299068e-07
-4.68056163e-07
-4.59035265e-07
-3.82022369e-07
-2.65291625e-07
-1.41962200e-07
-4.16083273e-08
1.62086061e-08
2.53112267e-08
-7.11361609e-09
-6.38464515e-08
-1.23407461e-07
-1.66583165e-07
-1.81292106e-07
-1.64323874e-07
-1.19929101e-07
-5.63191535e-08
1.81306428e-08
9.75532255e-08
1.79715793e-07
2.65215979e-07
3.55165634e-07
4.48500355e-07
5.39326127e-07
6.15297255e-07
6.58420084e-07
6.48640221e-07
5.69844338e-07
4.16337188e-07
1.97282255e-07
-6.27405338e-08
-3.27483835e-07
-5.56296219e-07
-7.13469640e-07
-7.76633850e-07
-6.78798961e-07
2.48288106e-07
3.98352904e-06
1.29324491e-05
2.70988122e-05
4.34741690e-05
5.67015602e-05
5.95451665e-05
4.57778355e-05
1.58889615e-05
-2.46231667e-05
-7.16159485e-05
-1.24156455e-04
-1.80238316e-04
-2.30632178e-04
-2.59522272e-04
-2.51684503e-04
-2.00467360e-04
-1.09086341e-04
1.08387547e-05
1.42480327e-04
2.68983861e-04
3.76790993e-04
4.54975100e-04
4.95997318e-04
4.95576733e-04
4.50012685e-04
3.58398547e-04
2.27599820e-04
7.19840051e-05
-9.13570853e-05
-2.46644332e-04
-3.84068509e-04
-5.02884292e-04
-6.01127329e-04
-6.72406710e-04
-7.00501054e-04
-6.62605961e-04
-5.48815844e-04
-3.68506947e-04
-1.48557114e-04
8.51541175e-05
3.21694613e-04
5.50152153e-04
7.57111493e-04
9.28902267e-04
1.05367767e-03
1.10043611e-03
1.01022839e-03
7.49590320e-04
3.46658112e-04
-1.31189077e-04
-6.20169047e-04
-1.06883272e-03
-1.42794774e-03
-1.64819236e-03
-1.68898269e-03
-1.53773786e-03
-1.22261109e-03
-7.95317542e-04
-3.05603707e-04
2.00812598e-04
6.75615888e-04
1.07259389e-03
1.36056743e-03
1.53530539e-03
1.60817625e-03
1.58610322e-03
1.46848939e-03
1.26349026e-03
9.98977240e-04
7.06253419e-04
4.00170551e-04
8.53712254e-05
-2.28243539e-04
-5.25291886e-04
-7.86755246e-04
-9.96332392e-04
-1.14629727e-03
-1.23525022e-03
-1.26552663e-03
-1.24827223e-03
-1.19857755e-03
-1.12051351e-03
-1.00338004e-03
-8.33118551e-04
-6.05697248e-04
-3.30993457e-04
-3.13322275e-05
2.65730384e-04
5.34897667e-04
7.56404238e-04
9.17086942e-04
1.01251769e-03
1.04678846e-03
1.02761638e-03
9.57503156e-04
8.40668276e-04
6.93560214e-04
5.38125938e-04
3.85940883e-04
2.37362943e-04
9.09616998e-05
-4.98395189e-05
-1.77215096e-04
-2.84361380e-04
-3.69810094e-04
-4.37168507e-04
-4.88043525e-04
-5.18135559e-04
-5.23658970e-04
-5.04710734e-04
-4.64157908e-04
-4.09358048e-04
-3.48593442e-04
-2.85497307e-04
-2.18674831e-04
-1.44082616e-04
-6.00712092e-05
2.79759587e-05
1.13038054e-04
1.93926946e-04
2.70900353e-04
3.38731716e-04
3.87571278e-04
4.05915687e-04
3.86319892e-04
3.29997205e-04
2.46517817e-04
1.48707283e-04
4.72954439e-05
-4.97324453e-05
-1.33604417e-04
-1.93956215e-04
-2.23842765e-04
-2.23766439e-04
-2.01339622e-04
-1.65777962e-04
-1.22995685e-04
-7.64634433e-05
-2.93600976e-05
1.49713740e-05
5.33234988e-05
8.36914795e-05
1.05234222e-04
1.19408692e-04
1.31036703e-04
1.43633810e-04
1.54710291e-04
1.57538254e-04
1.44731163e-04
1.12207219e-04
6.12261632e-05
-3.40621632e-06
-7.44167969e-05
-1.44171812e-04
-2.06090335e-04
-2.54370769e-04
-2.84857365e-04
-2.95441797e-04
-2.85434855e-04
-2.53582429e-04
-1.97451526e-04
-1.16867967e-04
-1.91380564e-05
7.87621806e-05
1.57756164e-04
2.09880552e-04
2.40385377e-04
2.58094870e-04
2.67798261e-04
2.67572307e-04
2.50766142e-04
2.11450942e-04
1.49026009e-04
6.91661987e-05
-1.77855705e-05
-9.92883613e-05
-1.62465445e-04
-1.97598182e-04
-2.00684183e-04
-1.74859054e-04
-1.29723347e-04
-7.68918969e-05
-2.58085390e-05
1.64085982e-05
4.41089735e-05
5.32137470e-05
4.24184991e-05
1.49653177e-05
-2.12948318e-05
-5.61603811e-05
-8.05585813e-05
-8.94775631e-05
-8.17719052e-05
-5.95829803e-05
-2.84646191e-05
5.02785788e-06
3.63604305e-05
6.32994828e-05
8.41230385e-05
9.75825774e-05
1.03419865e-04
1.00763423e-04
8.82299674e-05
6.74806627e-05
4.50290550e-05
2.89758938e-05
2.33659541e-05
2.53501966e-05
2.76976504e-05
6.92362279e-06
7.76933104e-06
8.15154378e-06
8.04752674e-06
7.47892939e-06
6.50832975e-06
5.22910244e-06
3.75057583e-06
2.18066559e-06
6.10255261e-07
-8.95623563e-07
-2.29723724e-06
-3.57124829e-06
-4.69841875e-06
-5.65363229e-06
-6.40210516e-06
-6.90183258e-06
-7.11032835e-06
-6.99430733e-06
-6.53954780e-06
-5.75837487e-06
-4.69236514e-06
-3.40979301e-06
-1.99820448e-06
-5.52644031e-07
8.37565525e-07
2.09896042e-06
3.17953170e-06
4.04898306e-06
4.69583712e-06
5.12375841e-06
5.34696816e-06
5.38432331e-06
5.25385509e-06
4.96946848e-06
4.53975624e-06
3.96928641e-06
3.26254464e-06
2.43078376e-06
1.49998109e-06
5.14492334e-07
-4.66451673e-07
-1.37814243e-06
-2.16246207e-06
-2.77841685e-06
-3.13362514e-06
-2.32586096e-06
2.79467515e-06
1.66636436e-05
3.92710111e-05
6.59223958e-05
8.92282746e-05
9.80848915e-05
7.96833099e-05
2.96909646e-05
-4.31205568e-05
-1.24010636e-04
-2.02700627e-04
-2.77050579e-04
-3.44546210e-04
-3.94403462e-04
-4.06889679e-04
-3.61601876e-04
-2.48884507e-04
-7.52977550e-05
1.39315764e-04
3.68358917e-04
5.84080522e-04
7.60667489e-04
8.74709161e-04
9.08695824e-04
8.55078125e-04
7.16522757e-04
5.04912144e-04
2.39267215e-04
-5.65369647e-05
-3.55430335e-04
-6.31502816e-04
-8.63480250e-04
-1.03379063e-03
-1.12880025e-03
-1.13922248e-03
-1.05775966e-03
-8.84021741e-04
-6.33785688e-04
-3.38894676e-04
-3.53279523e-05
2.54225573e-04
5.25808435e-04
7.79639539e-04
1.00277030e-03
1.16740498e-03
1.24081063e-03
1.19963297e-03
1.04032866e-03
7.76770734e-04
4.30817008e-04
2.87754884e-05
-3.96377226e-04
-8.04178590e-04
-1.14947169e-03
-1.38940507e-03
-1.49359918e-03
-1.44763711e-03
-1.25489888e-03
-9.34077821e-04
-5.15682019e-04
-4.27348109e-05
4.31691616e-04
8.52844422e-04
1.17647158e-03
1.37713564e-03
1.44939367e-03
1.40207726e-03
1.25134026e-03
1.01813974e-03
7.28365747e-04
4.12425875e-04
1.03890938e-04
-1.65292060e-04
-3.75008751e-04
-5.21543768e-04
-6.14674370e-04
-6.72841096e-04
-7.13379918e-04
-7.44881713e-04
-7.68203656e-04
-7.78548241e-04
-7.67166820e-04
-7.26760202e-04
-6.53617563e-04
-5.48849321e-04
-4.19059304e-04
-2.72351131e-04
-1.17665968e-04
3.53371221e-05
1.79896820e-04
3.13816137e-04
4.35942947e-04
5.43727687e-04
6.32505347e-04
6.99002489e-04
7.41296889e-04
7.56191765e-04
7.39148322e-04
6.86481644e-04
5.98016074e-04
4.78106944e-04
3.33860430e-04
1.71051642e-04
-5.36702780e-06
-1.87183028e-04
-3.60179300e-04
-5.07481446e-04
-6.16293139e-04
-6.81253572e-04
-7.01767099e-04
-6.78267991e-04
-6.12611708e-04
-5.15001217e-04
-4.03060133e-04
-2.92932631e-04
-1.94115061e-04
-1.07431563e-04
-2.74549212e-05
5.23798691e-05
1.35904406e-04
2.20596343e-04
3.00061805e-04
3.67989698e-04
4.18349683e-04
4.46997573e-04
4.52898789e-04
4.37581591e-04
4.04777598e-04
3.58977523e-04
3.02241365e-04
2.33397890e-04
1.52658803e-04
6.40267420e-05
-2.54186791e-05
-1.07816196e-04
-1.77002565e-04
-2.28867277e-04
-2.61073184e-04
-2.72924290e-04
-2.66692535e-04
-2.48351875e-04
-2.24643858e-04
-2.02169823e-04
-1.87203849e-04
-1.84554812e-04
-1.94023740e-04
-2.09021559e-04
-2.20187628e-04
-2.18013714e-04
-1.93919854e-04
-1.42599840e-04
-6.47079792e-05
3.33596370e-05
1.42049009e-04
2.49605119e-04
3.42284411e-04
4.07408124e-04
4.38357555e-04
4.34827249e-04
4.00675338e-04
3.43241463e-04
2.71875057e-04
1.95297780e-04
1.20082288e-04
4.99308369e-05
-1.41565715e-05
-7.30304570e-05
-1.28962680e-04
-1.84930117e-04
-2.44210644e-04
-3.07923627e-04
-3.71876558e-04
-4.26260500e-04
-4.58985864e-04
-4.59411890e-04
-4.19875561e-04
-3.37281964e-04
-2.16791563e-04
-7.24186463e-05
7.65117805e-05
2.10119152e-04
3.13156299e-04
3.78005872e-04
4.03894637e-04
3.95370584e-04
3.61231280e-04
3.12290932e-04
2.59478886e-04
2.11415307e-04
1.71483057e-04
1.36154528e-04
9.75085343e-05
4.81409823e-05
-1.53651847e-05
-9.08415438e-05
-1.70957248e-04
-2.45764523e-04
-3.05441819e-04
-3.41792713e-04
-3.49911711e-04
-3.28931286e-04
-2.81154469e-04
-2.12184046e-04
-1.30772246e-04
-4.68433898e-05
3.04889244e-05
9.40700848e-05
1.39850317e-04
1.67070470e-04
2.06728033e-07
-3.34147274e-07
-9.12733131e-07
-1.44709006e-06
-1.86272893e-06
-2.10544508e-06
-2.14997143e-06
-2.00239502e-06
-1.69649142e-06
-1.28474002e-06
-8.26408811e-07
-3.75426267e-07
2.93064278e-08
3.68356670e-07
6.40734192e-07
8.59575613e-07
1.04585337e-06
1.22132116e-06
1.40268872e-06
1.59803875e-06
1.80512082e-06
2.01114271e-06
2.19419724e-06
2.32650862e-06
2.37901611e-06
2.32669639e-06
2.15323009e-06
1.85461117e-06
1.44112470e-06
9.36435698e-07
3.74367288e-07
-2.05831164e-07
-7.64640923e-07
-1.26692619e-06
-1.68584857e-06
-2.00565998e-06
-2.22244816e-06
-2.34251436e-06
-2.37948668e-06
-2.35109008e-06
-2.27625861e-06
-2.17297172e-06
-2.05561369e-06
-1.93119432e-06
-1.79623757e-06
-1.63663291e-06
-1.43117156e-06
-1.15752098e-06
-7.55898100e-07
3.31059114e-07
4.17774944e-06
1.41074852e-05
3.14112265e-05
5.40559034e-05
7.67347211e-05
8.99468117e-05
8.32215614e-05
5.15467859e-05
-2.32170623e-06
-7.01586100e-05
-1.44327638e-04
-2.21316117e-04
-2.96062213e-04
-3.54590072e-04
-3.77547393e-04
-3.50027168e-04
-2.67028104e-04
-1.32319192e-04
4.35733382e-05
2.44112742e-04
4.46789809e-04
6.25571508e-04
7.55722321e-04
8.18546234e-04
8.03771840e-04
7.10699663e-04
5.48279884e-04
3.33485152e-04
8.74545032e-05
-1.66666940e-04
-4.06209910e-04
-6.12303167e-04
-7.72173855e-04
-8.81047002e-04
-9.39328625e-04
-9.49596573e-04
-9.14972487e-04
-8.36348279e-04
-7.14380830e-04
-5.53442383e-04
-3.64250517e-04
-1.55157293e-04
7.70114889e-05
3.38237645e-04
6.21890647e-04
9.10329418e-04
1.18016732e-03
1.40246301e-03
1.54394700e-03
1.57162401e-03
1.45893569e-03
1.19240937e-03
7.79769920e-04
2.52231098e-04
-3.36502568e-04
-9.18832017e-04
-1.42389862e-03
-1.79131373e-03
-1.98057755e-03
-1.97472578e-03
-1.77869884e-03
-1.41917368e-03
-9.41784517e-04
-4.05950597e-04
1.26188171e-04
6.01428067e-04
9.81587869e-04
1.24513016e-03
1.38614524e-03
1.40912555e-03
1.32668031e-03
1.15976276e-03
9.37251309e-04
6.91149313e-04
4.49327147e-04
2.29329313e-04
3.70562225e-05
-1.30829684e-04
-2.79456577e-04
-4.10993092e-04
-5.25410342e-04
-6.23138028e-04
-7.02893755e-04
-7.59071846e-04
-7.88604274e-04
-7.93051926e-04
-7.70694988e-04
-7.15426258e-04
-6.22120066e-04
-4.89070400e-04
-3.19784174e-04
-1.23591989e-04
8.62903460e-05
2.93081778e-04
4.77053311e-04
6.22319897e-04
7.23474310e-04
7.80400302e-04
7.89012751e-04
7.44598823e-04
6.48139549e-04
5.10002063e-04
3.47675321e-04
1.82624321e-04
3.65213174e-05
-7.78508533e-05
-1.61092953e-04
-2.21558183e-04
-2.68279626e-04
-3.06839540e-04
-3.39518471e-04
-3.67703415e-04
-3.92248871e-04
-4.12237396e-04
-4.23374945e-04
-4.18310255e-04
-3.90454647e-04
-3.37388032e-04
-2.60345041e-04
-1.63730366e-04
-5.49894857e-05
5.76580013e-05
1.67187949e-04
2.67934822e-04
3.54943471e-04
4.23254292e-04
4.68156582e-04
4.86233009e-04
4.76231961e-04
4.38655771e-04
3.75752967e-04
2.92004416e-04
1.94156847e-04
9.04569763e-05
-1.01677840e-05
-1.00597981e-04
-1.77320123e-04
-2.39482268e-04
-2.86855864e-04
-3.17992288e-04
-3.30789140e-04
-3.26366444e-04
-3.10984835e-04
-2.92109882e-04
-2.73933250e-04
-2.55834457e-04
-2.34057513e-04
-2.03858834e-04
-1.60974252e-04
-1.03386859e-04
-3.24486506e-05
4.85763035e-05
1.35295064e-04
2.21497056e-04
2.99676562e-04
3.63049666e-04
4.06660441e-04
4.27610267e-04
4.24655183e-04
3.96759953e-04
3.42931465e-04
2.63808514e-04
1.63873435e-04
5.17227946e-05
-6.14014656e-05
-1.63649209e-04
-2.44865956e-04
-2.99010334e-04
-3.25533652e-04
-3.28098389e-04
-3.12293946e-04
-2.83831144e-04
-2.47344883e-04
-2.05999624e-04
-1.62913088e-04
-1.21343330e-04
-8.35118399e-05
-5.00084537e-05
-1.99465552e-05
8.11550468e-06
3.56728810e-05
6.37521901e-05
9.13299934e-05
1.14883767e-04
1.31262503e-04
1.40102129e-04
1.43633201e-04
1.45314206e-04
1.48070085e-04
1.52942410e-04
1.58696142e-04
1.62552881e-04
1.61167836e-04
1.51196205e-04
1.30212748e-04
9.82458385e-05
5.81748628e-05
1.40379359e-05
-3.05918934e-05
-7.27806507e-05
-1.10469622e-04
-1.42953413e-04
-1.70937010e-04
-1.95244734e-04
-2.14580432e-04
-2.25227575e-04
-2.02773878e-07
-9.94180114e-08
4.91071780e-08
2.21367359e-07
3.89539124e-07
5.25287156e-07
6.05734577e-07
6.17826535e-07
5.60348890e-07
4.43425083e-07
2.85533407e-07
1.09144965e-07
-6.37144062e-08
-2.15169724e-07
-3.33872643e-07
-4.15715167e-07
-4.63104535e-07
-4.83233231e-07
-4.85691242e-07
-4.79994654e-07
-4.73276034e-07
-4.68221683e-07
-4.61923451e-07
-4.46181275e-07
-4.09148725e-07
-3.38196732e-07
-2.23941499e-07
-6.46241584e-08
1.30792341e-07
3.42412585e-07
5.42473301e-07
7.00915582e-07
7.91959521e-07
8.00331654e-07
7.25509299e-07
5.82794684e-07
4.00504707e-07
2.13461945e-07
5.41657283e-08
-5.54959041e-08
-1.09766203e-07
-1.19906011e-07
-1.10032978e-07
-1.09605136e-07
-1.44901776e-07
-2.31430839e-07
-3.68559975e-07
-5.37434002e-07
-7.00828838e-07
-7.38204978e-07
-1.65374506e-07
2.27000155e-06
8.01886725e-06
1.66695576e-05
2.55368798e-05
3.13462491e-05
3.13545992e-05
2.27343485e-05
3.24810203e-06
-2.55456310e-05
-5.63739113e-05
-8.01831203e-05
-9.42682605e-05
-1.02466704e-04
-1.07352014e-04
-1.06360784e-04
-9.46730693e-05
-6.83079741e-05
-2.53811817e-05
3.33528725e-05
1.03267733e-04
1.76153702e-04
2.42713630e-04
2.93837805e-04
3.20937054e-04
3.16988869e-04
2.78354344e-04
2.05865648e-04
1.04408630e-04
-1.71002822e-05
-1.45475849e-04
-2.64483114e-04
-3.58244232e-04
-4.13775286e-04
-4.23925438e-04
-3.90769411e-04
-3.23472846e-04
-2.34693806e-04
-1.38873042e-04
-5.10547440e-05
1.64883132e-05
5.84593149e-05
7.70807878e-05
8.20156658e-05
8.44333281e-05
9.29724044e-05
1.11494187e-04
1.38363032e-04
1.72370387e-04
2.13370629e-04
2.57852671e-04
3.01782278e-04
3.42413877e-04
3.74425400e-04
3.85584556e-04
3.61012406e-04
2.90700181e-04
1.76044015e-04
3.04468702e-05
-1.30437518e-04
-2.92821496e-04
-4.43971207e-04
-5.71789197e-04
-6.64714757e-04
-7.10659287e-04
-6.98959143e-04
-6.25707090e-04
-4.94990114e-04
-3.16513683e-04
-1.03048343e-04
1.27088033e-04
3.49065467e-04
5.35941270e-04
6.65449990e-04
7.26303438e-04
7.16764880e-04
6.39498703e-04
5.01490433e-04
3.19168943e-04
1.20133242e-04
-6.57040640e-05
-2.16057576e-04
-3.18272662e-04
-3.67880516e-04
-3.67571368e-04
-3.27562866e-04
-2.62166288e-04
-1.86667947e-04
-1.15222305e-04
-6.04052795e-05
-2.87966542e-05
-1.75463304e-05
-1.77702068e-05
-2.05868337e-05
-1.94361277e-05
-1.07116502e-05
5.46149134e-06
2.51547969e-05
4.56496889e-05
6.76240768e-05
9.28948883e-05
1.19394228e-04
1.39856515e-04
1.44622619e-04
1.27933238e-04
9.19793911e-05
4.71303287e-05
6.74544333e-06
-1.97425638e-05
-3.19338431e-05
-3.74991355e-05
-4.53234502e-05
-5.74152112e-05
-6.77948415e-05
-6.96833184e-05
-6.10513022e-05
-4.45362356e-05
-2.70602956e-05
-1.62504281e-05
-1.45840815e-05
-1.88712244e-05
-2.39178558e-05
-2.53752187e-05
-2.12601880e-05
-1.23739621e-05
-1.31631014e-06
8.35559404e-06
1.30012525e-05
1.04470363e-05
4.20195032e-07
-1.51950332e-05
-3.25979156e-05
-4.70818962e-05
-5.40233579e-05
-5.01582551e-05
-3.53932078e-05
-1.13953028e-05
2.01496473e-05
5.60096782e-05
9.06590081e-05
1.18619566e-04
1.36486615e-04
1.42877229e-04
1.37817400e-04
1.21751522e-04
9.50128513e-05
5.93777027e-05
1.94280194e-05
-1.83678053e-05
-4.82486723e-05
-6.72313065e-05
-7.46342833e-05
-7.11897954e-05
-5.92457451e-05
-4.28696933e-05
-2.67366421e-05
-1.53130145e-05
-1.26944841e-05
-2.10745864e-05
-3.95289956e-05
-6.49793147e-05
-9.34928781e-05
-1.21155141e-04
-1.44725182e-04
-1.61950202e-04
-1.70980239e-04
-1.69581023e-04
-1.54745658e-04
-1.23120491e-04
-7.21578116e-05
-2.10095422e-06
8.35384302e-05
1.78178775e-04
2.72152160e-04
3.53647935e-04
4.11130101e-04
4.35782558e-04
4.22526420e-04
3.70583010e-04
2.84733111e-04
1.74264936e-04
5.10389846e-05
-7.28203943e-05
-1.87340718e-04
-2.85341854e-04
-3.62267612e-04
-4.15847533e-04
-4.44992540e-04
-4.49303704e-04
-4.29623107e-04
-3.87592488e-04
-3.24903696e-04
-2.43557662e-04
-1.46218683e-04
-3.67188630e-05
7.84847764e-05
1.90368346e-04
2.88464479e-04
3.62801364e-04
4.05917898e-04
4.14362760e-04
3.89540721e-04
3.37772623e-04
2.68919393e-04
1.94086441e-04
1.23563508e-04
-4.09888493e-07
-7.08782860e-07
-1.03657241e-06
-1.33450919e-06
-1.53963443e-06
-1.59991900e-06
-1.48665715e-06
-1.20049440e-06
-7.70971252e-07
-2.50846926e-07
2.93505309e-07
7.94303586e-07
1.19513946e-06
1.46150293e-06
1.58673847e-06
1.59156521e-06
1.51688447e-06
1.41141841e-06
1.31726428e-06
1.25794457e-06
1.23262007e-06
1.21725361e-06
1.17152353e-06
1.04962841e-06
8.12445863e-07
4.38538472e-07
-6.81322763e-08
-6.75605438e-07
-1.32748475e-06
-1.95200524e-06
-2.47479405e-06
-2.83261196e-06
-2.98500875e-06
-2.92047965e-06
-2.65550464e-06
-2.22808439e-06
-1.68850541e-06
-1.08970113e-06
-4.78503942e-07
1.10273551e-07
6.56093942e-07
1.15133502e-06
1.59687554e-06
1.99634419e-06
2.35167268e-06
2.65990414e-06
2.91028493e-06
3.08293066e-06
3.15116288e-06
3.08641116e-06
2.86429312e-06
2.47125165e-06
1.91035641e-06
1.20415516e-06
3.93100753e-07
-4.69426749e-07
-1.32361536e-06
-2.10994576e-06
-2.77646693e-06
-3.28570123e-06
-3.61784518e-06
-3.70526035e-06
-3.16177771e-06
-1.12293342e-06
3.17094667e-06
9.66835960e-06
1.70173031e-05
2.23900718e-05
2.25769741e-05
1.56066740e-05
1.70605552e-06
-1.68795845e-05
-3.78698208e-05
-5.91136092e-05
-7.75146517e-05
-8.99205977e-05
-9.41391158e-05
-8.87101179e-05
-7.22667169e-05
-4.43257070e-05
-5.61339949e-06
4.20087528e-05
9.54266582e-05
1.49653329e-04
1.98096640e-04
2.33573856e-04
2.49826453e-04
2.42852977e-04
2.11687882e-04
1.58729075e-04
8.89939948e-05
8.85031023e-06
-7.47121203e-05
-1.54705454e-04
-2.24935258e-04
-2.80586740e-04
-3.18076864e-04
-3.35147756e-04
-3.31261824e-04
-3.07433232e-04
-2.65961470e-04
-2.10139262e-04
-1.43736673e-04
-7.10172868e-05
4.66862756e-06
8.23727121e-05
1.63058555e-04
2.46726796e-04
3.28604910e-04
3.96336257e-04
4.30442396e-04
4.12799281e-04
3.34057401e-04
1.96447601e-04
1.59447860e-05
-1.78475299e-04
-3.48012969e-04
-4.49830384e-04
-4.50701027e-04
-3.37642073e-04
-1.23067372e-04
1.57481329e-04
4.52507867e-04
7.05549240e-04
8.65913063e-04
8.95963792e-04
7.78985583e-04
5.24470886e-04
1.65047026e-04
-2.48490362e-04
-6.55114417e-04
-9.95578802e-04
-1.22352647e-03
-1.31242787e-03
-1.25663945e-03
-1.07262075e-03
-7.94597865e-04
-4.64464790e-04
-1.25205280e-04
1.84709337e-04
4.35816677e-04
6.11425038e-04
7.10485466e-04
7.43824210e-04
7.27565531e-04
6.78907270e-04
6.15960676e-04
5.52784690e-04
4.95843099e-04
4.44353146e-04
3.90703387e-04
3.24769499e-04
2.39562069e-04
1.33284836e-04
8.50731365e-06
-1.28101798e-04
-2.68464637e-04
-4.02781817e-04
-5.18721339e-04
-6.02582751e-04
-6.41966448e-04
-6.29493273e-04
-5.65918379e-04
-4.60394662e-04
-3.26631290e-04
-1.79916765e-04
-3.56850555e-05
9.25631780e-05
1.95459732e-04
2.68008851e-04
3.07138648e-04
3.11853377e-04
2.86109881e-04
2.38649445e-04
1.80447393e-04
1.21328809e-04
6.80714571e-05
2.55583052e-05
-3.24625374e-06
-1.68503642e-05
-1.48197163e-05
1.43982136e-06
2.82260109e-05
5.93165307e-05
8.68414100e-05
1.03020645e-04
1.02717812e-04
8.52489962e-05
5.27468504e-05
9.32525154e-06
-3.79444209e-05
-8.15426888e-05
-1.17252081e-04
-1.44625908e-04
-1.64175086e-04
-1.75772511e-04
-1.79688000e-04
-1.76773227e-04
-1.68004508e-04
-1.53890010e-04
-1.34056754e-04
-1.07628786e-04
-7.35822259e-05
-3.22718033e-05
1.47031558e-05
6.62227336e-05
1.21296361e-04
1.78187097e-04
2.33363841e-04
2.79880227e-04
3.08311265e-04
3.10538046e-04
2.82945209e-04
2.26945622e-04
1.47951042e-04
5.55898513e-05
-3.76620938e-05
-1.20554239e-04
-1.84726569e-04
-2.24638066e-04
-2.38271427e-04
-2.27761579e-04
-1.98979253e-04
-1.58941226e-04
-1.13671938e-04
-6.81670814e-05
-2.72975158e-05
4.20294687e-06
2.38954228e-05
3.28176944e-05
3.47018517e-05
3.45959929e-05
3.59851027e-05
3.89727998e-05
4.15160329e-05
4.21681185e-05
4.22322004e-05
4.41763368e-05
4.84206788e-05
5.24626409e-05
5.21173753e-05
4.28790035e-05
2.15431379e-05
-1.24280086e-05
-5.59177959e-05
-1.01442019e-04
-1.38290728e-04
-1.56013263e-04
-1.47626667e-04
-1.11005235e-04
-4.92562033e-05
2.99604207e-05
1.15802517e-04
1.95486104e-04
2.56616112e-04
2.89958847e-04
-4.04712829e-07
-2.19665802e-07
-7.57620247e-08
1.55227078e-08
5.63698322e-08
6.18887373e-08
5.55026642e-08
6.21221412e-08
1.01024318e-07
1.80265579e-07
2.93888797e-07
4.22628574e-07
5.38216167e-07
6.10436857e-07
6.15192081e-07
5.41282899e-07
3.94327635e-07
1.96646996e-07
-1.74878407e-08
-2.10127728e-07
-3.48860157e-07
-4.13962309e-07
-4.01176682e-07
-3.19905826e-07
-1.88525298e-07
-2.88734325e-08
1.38805850e-07
2.99196724e-07
4.42785956e-07
5.64339438e-07
6.59960741e-07
7.23899952e-07
7.46412944e-07
7.13821812e-07
6.11104235e-07
4.27000844e-07
1.60174557e-07
-1.75957385e-07
-5.51588936e-07
-9.22935901e-07
-1.23867729e-06
-1.44951468e-06
-1.51891311e-06
-1.43238418e-06
-1.20246300e-06
-8.67479060e-07
-4.83991568e-07
-1.14363792e-07
1.87507402e-07
3.88340974e-07
4.82410187e-07
4.91100495e-07
4.55483063e-07
4.24219097e-07
4.39852446e-07
5.26921995e-07
6.84666633e-07
8.86485687e-07
1.08648460e-06
1.23082581e-06
1.27090446e-06
1.17664374e-06
9.45001260e-07
6.33798828e-07
5.66680695e-07
1.14949744e-06
2.23411243e-06
3.02208172e-06
2.85223318e-06
1.67848876e-06
-2.60894743e-07
-2.82568900e-06
-5.74362037e-06
-8.09149193e-06
-8.85446940e-06
-8.64596644e-06
-9.76615321e-06
-1.39491407e-05
-2.03097570e-05
-2.56760633e-05
-2.66332762e-05
-2.08639395e-05
-7.82498346e-06
1.12081572e-05
3.35701292e-05
5.57898859e-05
7.40957083e-05
8.50425086e-05
8.60176116e-05
7.61547766e-05
5.70353770e-05
3.17662975e-05
3.26906708e-06
-2.64131250e-05
-5.57183524e-05
-8.27494515e-05
-1.04877403e-04
-1.19264055e-04
-1.23632441e-04
-1.17192261e-04
-1.00787125e-04
-7.63623353e-05
-4.63841448e-05
-1.35771638e-05
1.93019604e-05
5.01310310e-05
7.87111670e-05
1.05296940e-04
1.26984880e-04
1.37792186e-04
1.32258009e-04
1.08931724e-04
7.02318144e-05
2.07291879e-05
-3.32069691e-05
-8.22617738e-05
-1.14274214e-04
-1.20007565e-04
-1.01321375e-04
-7.02814654e-05
-4.21985265e-05
-2.64128210e-05
-2.03319693e-05
-1.11884234e-05
1.48090498e-05
6.43910719e-05
1.34532865e-04
2.13832628e-04
2.84310385e-04
3.25562154e-04
3.20439836e-04
2.57790343e-04
1.37565795e-04
-2.45394445e-05
-2.00469907e-04
-3.60167561e-04
-4.80127090e-04
-5.47291937e-04
-5.57774475e-04
-5.14098273e-04
-4.24055667e-04
-3.00231739e-04
-1.57151830e-04
-8.03724677e-06
1.36995829e-04
2.70168474e-04
3.84000366e-04
4.70130426e-04
5.20196011e-04
5.28881700e-04
4.95201037e-04
4.21772672e-04
3.13474704e-04
1.79041358e-04
3.31753485e-05
-1.04486546e-04
-2.14642027e-04
-2.83919689e-04
-3.09184203e-04
-2.97016296e-04
-2.59888042e-04
-2.11352576e-04
-1.63381714e-04
-1.25098095e-04
-1.00658861e-04
-8.77860518e-05
-7.90683953e-05
-6.62227292e-05
-4.51269916e-05
-1.71208876e-05
1.35560609e-05
4.29794688e-05
6.95276632e-05
9.35754769e-05
1.16246875e-04
1.38289700e-04
1.59216545e-04
1.76319810e-04
1.84847275e-04
1.79859835e-04
1.59219578e-04
1.23966560e-04
7.59830081e-05
1.74151776e-05
-4.79189612e-05
-1.14333379e-04
-1.73809946e-04
-2.16511101e-04
-2.33049846e-04
-2.17647155e-04
-1.72332240e-04
-1.08181271e-04
-4.00516078e-05
1.97940925e-05
6.36384074e-05
8.69584148e-05
8.78622202e-05
6.85903809e-05
3.54404490e-05
-3.17810314e-06
-3.96666871e-05
-6.82142753e-05
-8.38560912e-05
-8.21975067e-05
-6.18671859e-05
-2.55628794e-05
2.18255924e-05
7.43435380e-05
1.24073830e-04
1.61212576e-04
1.77751506e-04
1.71284817e-04
1.45730096e-04
1.08042373e-04
6.42466812e-05
1.88112466e-05
-2.45874174e-05
-6.34758872e-05
-9.64235145e-05
-1.21545099e-04
-1.35323286e-04
-1.33506513e-04
-1.13982213e-04
-7.95651722e-05
-3.80370839e-05
9.50130857e-07
2.97670280e-05
4.51824735e-05
4.82360979e-05
4.27605729e-05
3.19283193e-05
1.62449604e-05
-4.05213062e-06
-2.57660068e-05
-4.30063792e-05
-5.04247816e-05
-4.57423352e-05
-2.98946504e-05
-6.51073707e-06
1.88951807e-05
4.13631436e-05
5.87195746e-05
7.08167554e-05
7.71533954e-05
7.72588937e-05
7.17073465e-05
6.10056777e-05
4.48113521e-05
2.36138126e-05
-3.61158671e-07
-2.42574010e-05
-4.54550942e-05
-6.17873108e-05
-7.16308951e-05
-7.43309711e-05
-7.10175914e-05
