-5.12675884e-05
-7.90862566e-05
-8.32335160e-05
-6.58338280e-05
-3.30170215e-05
6.68625202e-06
4.18331977e-05
5.98311508e-05
5.20636681e-05
2.12616198e-05
-1.57295369e-05
-3.72050195e-05
-3.15892341e-05
-5.75936575e-06
2.09524394e-05
3.20125262e-05
2.47521397e-05
9.40556253e-06
1.26024198e-06
6.31581706e-06
8.17483628e-06
-1.19152386e-05
-3.91594898e-05
-4.50025472e-05
-4.63984563e-05
-4.34011968e-05
1.36299845e-05
9.42793335e-05
1.29102902e-04
-1.28088404e-05
-2.43763157e-04
-2.69983132e-05
5.45070839e-04
6.35477066e-04
-6.43277138e-04
-1.16590079e-03
-4.16300276e-04
1.73006390e-05
-1.93222815e-04
-1.47426840e-04
1.35413744e-03
3.11215750e-03
2.68764056e-03
-2.14202941e-04
-3.51174458e-03
-4.79259963e-03
-3.21673079e-03
-1.06663039e-04
2.40793902e-03
3.03976216e-03
2.12664336e-03
6.73030084e-04
-2.12900716e-04
-1.12135896e-04
4.49587220e-04
6.66922248e-04
1.80351468e-04
-8.24979606e-04
-1.73392692e-03
-2.01133135e-03
-1.54183184e-03
-6.88292628e-04
2.38075751e-04
9.30553975e-04
1.20836568e-03
1.21792209e-03
1.10848037e-03
8.86242820e-04
6.02154007e-04
2.93362665e-04
-5.96976611e-05
-4.78928881e-04
-9.33520495e-04
-1.20312414e-03
-1.12858400e-03
-7.81418943e-04
-3.23243861e-04
1.08813392e-04
4.49890490e-04
6.70055263e-04
7.63048941e-04
6.90277870e-04
4.89676923e-04
2.52277596e-04
2.49697564e-05
-2.00155366e-04
-3.88258675e-04
-4.68252750e-04
-3.97692813e-04
-2.04067671e-04
2.68663914e-06
1.33054080e-04
1.65232583e-04
1.21832409e-04
6.87196088e-05
2.76286938e-05
-5.29149363e-05
-1.53352872e-04
-2.07019754e-04
-1.49749511e-04
2.26894751e-05
2.35144258e-04
3.37421100e-04
2.58483859e-04
9.32647522e-05
-5.09328222e-05
-1.25968650e-04
-1.34475703e-04
-1.04922450e-04
-6.22366617e-05
-4.83573203e-05
-5.62443681e-05
-1.53753228e-05
2.96738234e-05
2.20134120e-05
-1.59099446e-05
-5.90199355e-05
-8.47650591e-05
-4.59952995e-05
4.13176568e-05
1.27791010e-04
1.73829932e-04
1.66176699e-04
1.33176470e-04
7.02052642e-05
-2.05996247e-05
-1.12525255e-04
-1.57883450e-04
8.15433250e-07
1.04434459e-06
3.84677128e-07
-5.64881651e-07
-1.17713655e-06
-1.28843904e-06
-1.11647164e-06
-7.90600179e-07
-1.37854432e-07
1.00496240e-06
2.36768827e-06
3.24121569e-06
2.94360434e-06
1.37382422e-06
-8.57390259e-07
-2.79987008e-06
-3.61516040e-06
-3.02676791e-06
-1.51024178e-06
4.18487938e-08
9.00622141e-07
3.07041481e-08
-3.93078610e-06
-5.08206968e-06
6.92081171e-06
3.12800349e-05
3.21006213e-05
-7.49708846e-06
-5.53623621e-05
-4.82016422e-05
-1.43527392e-05
-1.98973618e-05
-4.05402962e-05
1.50611461e-05
1.40344633e-04
2.36359783e-04
1.56976183e-04
-3.79115769e-05
-3.18643988e-04
-4.51052739e-04
-3.06451536e-04
1.72768162e-04
6.21575674e-04
5.63543971e-04
-1.88548413e-05
-7.15659376e-04
-6.73270797e-04
8.39922095e-05
8.03491779e-04
5.39158435e-04
-4.17671763e-04
-6.07396274e-04
1.72584541e-04
9.26986377e-04
6.31588030e-04
-6.22513050e-04
-1.62900233e-03
-1.34324343e-03
-7.22161364e-05
1.32080115e-03
1.90061218e-03
1.30764068e-03
5.83479307e-05
-1.09415742e-03
-1.49172034e-03
-1.07299144e-03
-2.30847787e-04
5.45772450e-04
8.43397615e-04
5.85862357e-04
4.51607173e-05
-2.31237818e-04
-7.14285088e-05
1.52008490e-04
1.27993801e-04
-1.98696885e-04
-3.42465238e-04
-6.95965046e-05
3.17595721e-04
2.46296862e-04
-2.39471499e-04
-5.45942170e-04
-4.76945082e-04
-6.01873475e-05
4.02159369e-04
5.72389940e-04
5.27604419e-04
3.96897283e-04
8.47342979e-05
-2.26393344e-04
-4.47300164e-04
-4.93353593e-04
-3.51067764e-04
-1.45754744e-04
-3.38317855e-05
3.14420237e-05
8.01104443e-05
1.57049603e-04
3.88734028e-04
5.98252571e-04
3.61751546e-04
-1.57435992e-04
-5.00378476e-04
-4.12340016e-04
-5.49762136e-05
1.19070764e-04
3.78641362e-05
-9.26419386e-05
-1.52492356e-04
-8.64953590e-05
7.01894838e-05
1.70134985e-04
1.06446811e-04
7.29941912e-06
1.20542905e-05
7.99644088e-05
9.41074682e-05
4.58674339e-05
-3.35842901e-05
-8.29624234e-05
-4.56900572e-05
4.50272756e-05
1.31713252e-05
-1.42772175e-04
-2.46185015e-04
-2.17948937e-04
-4.97324333e-05
1.64787813e-04
-9.66994753e-07
-6.68780698e-07
2.94140533e-08
8.96239097e-07
1.49852996e-06
1.50744022e-06
9.62272666e-07
2.45799907e-07
-2.39176279e-07
-3.68449932e-07
-3.16197184e-07
-3.38567899e-07
-5.21920554e-07
-7.11720451e-07
-6.81858662e-07
-3.57301983e-07
1.13094484e-07
4.78988014e-07
5.77547242e-07
4.34238412e-07
2.07086280e-07
4.99265453e-08
-8.52807183e-07
-1.33828754e-06
3.71573632e-06
1.18974196e-05
5.50101906e-06
-1.14542318e-05
-2.70083241e-05
-3.84210586e-05
-2.24229274e-05
3.01942079e-05
8.00161865e-05
1.04348361e-04
6.74845712e-05
-3.81286016e-05
-1.36529393e-04
-2.31675687e-04
-2.89986240e-04
8.12010907e-05
7.34293663e-04
7.66413813e-04
5.97402311e-05
-1.00035619e-03
-1.69036487e-03
-1.37394178e-03
3.79462439e-05
1.98480627e-03
3.18832257e-03
2.75449806e-03
7.82119389e-04
-1.88809105e-03
-3.72276055e-03
-4.04397143e-03
-2.77054857e-03
-4.20237350e-04
1.91824132e-03
3.39143059e-03
3.51187691e-03
2.62133986e-03
1.26967777e-03
-1.55017277e-04
-1.27883311e-03
-1.94966023e-03
-2.14356911e-03
-1.99096718e-03
-1.53434868e-03
-8.78903002e-04
-8.68524992e-05
7.36706011e-04
1.33409831e-03
1.63539796e-03
1.57555396e-03
1.22906097e-03
7.28442419e-04
1.52810743e-04
-3.09819911e-04
-6.27255344e-04
-8.66819589e-04
-1.03202931e-03
-1.00160948e-03
-7.69881636e-04
-3.85758475e-04
4.44700914e-05
3.12387569e-04
3.58548539e-04
3.03718365e-04
2.78261579e-04
3.92520110e-04
5.45031010e-04
5.75644488e-04
4.66295147e-04
2.32554489e-04
-4.55743485e-05
-3.11164828e-04
-4.98557914e-04
-5.75828398e-04
-5.59946819e-04
-4.53990827e-04
-2.67809824e-04
-5.95537465e-05
1.20113600e-04
2.65462417e-04
3.96453052e-04
4.05935046e-04
2.79226424e-04
1.62452994e-04
1.02816849e-04
7.82128299e-05
1.48721560e-05
-8.72765336e-05
-1.63059663e-04
-1.96355018e-04
-2.02356250e-04
-1.96300212e-04
-1.74624355e-04
-1.22044261e-04
-1.55603389e-05
9.61558220e-05
1.63705115e-04
1.67597429e-04
1.32681766e-04
9.15462830e-05
6.96433561e-05
4.16805322e-05
2.61255662e-05
5.05267301e-06
-5.41565306e-05
-7.51252583e-07
-2.92825617e-07
5.17564666e-08
2.49228635e-07
4.01069959e-07
5.92349850e-07
7.67794328e-07
7.60694158e-07
4.67802113e-07
3.46988789e-10
-3.59967427e-07
-4.19274857e-07
-2.43862118e-07
-2.85249626e-08
8.25358305e-08
4.50959437e-08
-7.93468004e-08
-1.95541676e-07
-2.91680566e-07
-3.58511521e-07
-2.97452513e-07
-1.61142931e-07
-3.52972240e-06
-9.65111658e-06
3.43749869e-06
3.27630383e-05
4.31267267e-05
-6.68545290e-06
-4.62969162e-05
-6.20828996e-05
-8.27955968e-05
-5.74197454e-05
5.33109692e-05
1.56793756e-04
1.74827163e-04
1.11776801e-04
8.85587447e-06
-1.45721423e-04
-2.58497299e-04
-1.38953468e-04
9.46355930e-05
8.35730361e-05
-2.17988969e-04
-2.35357202e-04
9.84586498e-05
2.73132174e-04
1.65642458e-04
2.24053644e-04
4.17465537e-04
3.95733583e-04
7.29751341e-05
-4.13062115e-04
-8.03326021e-04
-8.55179231e-04
-5.69960471e-04
-9.85364573e-05
3.62421785e-04
6.46222024e-04
7.03387331e-04
5.82202323e-04
4.04685070e-04
2.37110592e-04
1.84866707e-05
-2.07529207e-04
-4.33572877e-04
-6.22416149e-04
-7.19278571e-04
-6.17824349e-04
-3.02152791e-04
1.02191472e-04
4.48737410e-04
5.79438083e-04
5.06229950e-04
3.55017352e-04
2.50895093e-04
1.64595384e-04
7.43356302e-05
-1.52511507e-05
-1.51361425e-04
-3.02548458e-04
-3.98119937e-04
-3.94258698e-04
-3.00693298e-04
-1.82629729e-04
-7.01916328e-05
5.29520507e-05
1.96206543e-04
3.20131992e-04
3.65695949e-04
3.16108698e-04
2.12699269e-04
9.10135428e-05
-2.41650447e-05
-1.10634322e-04
-1.80899249e-04
-2.21428345e-04
-2.22673523e-04
-1.95501467e-04
-1.48999136e-04
-8.24309121e-05
1.10224494e-05
1.22604588e-04
2.15388965e-04
2.28999391e-04
1.60766612e-04
6.68917071e-05
-8.11037222e-06
-5.04944002e-05
-7.65127680e-05
-9.81566563e-05
-1.17735804e-04
-1.03513694e-04
-2.47546885e-05
8.19598125e-05
1.42110092e-04
1.08200571e-04
1.09260318e-05
-8.50778409e-05
-1.32272908e-04
-1.06959000e-04
-3.44177653e-05
4.40052190e-05
8.66516798e-05
7.79494474e-05
3.30126129e-05
2.70674488e-06
4.19565186e-07
1.04934158e-05
5.14973647e-07
6.89954816e-07
7.40426833e-07
4.94517603e-07
-8.37248267e-08
-7.63550391e-07
-1.13953905e-06
-9.34493880e-07
-2.76522990e-07
3.71712779e-07
5.81708702e-07
2.84204554e-07
-1.95694999e-07
-4.02681228e-07
-1.33081112e-07
3.85325498e-07
7.08643475e-07
5.85692530e-07
1.44014224e-07
-2.67387589e-07
-3.91253998e-07
-2.40928015e-07
-3.32838537e-08
2.31734685e-07
1.34044031e-06
2.79115051e-06
4.29002260e-07
-7.13016358e-06
-1.29003891e-05
-1.17418691e-05
-8.97562741e-07
1.72258487e-05
3.67457441e-05
3.92353009e-05
1.24974904e-05
-1.95366410e-05
-3.71831218e-05
-5.08780517e-05
-9.97448693e-05
-1.75465057e-04
-1.96519696e-05
4.02667159e-04
6.27895348e-04
3.70757211e-04
-3.96581499e-04
-1.25393228e-03
-1.38823129e-03
-3.90781534e-04
8.62869226e-04
1.65667827e-03
1.93323025e-03
1.55752348e-03
4.34497012e-04
-1.11275913e-03
-2.51678729e-03
-3.25745983e-03
-2.75023983e-03
-9.02886650e-04
1.47476623e-03
3.18720656e-03
3.58944461e-03
2.86790073e-03
1.40894625e-03
-3.55547503e-04
-1.77150909e-03
-2.41506178e-03
-2.39416730e-03
-1.96587411e-03
-1.20183894e-03
-2.65195795e-04
5.61799505e-04
1.14155240e-03
1.41809927e-03
1.40504049e-03
1.20525744e-03
8.99861127e-04
4.97788558e-04
6.49459593e-05
-3.78882448e-04
-7.98450269e-04
-1.12060187e-03
-1.21863670e-03
-9.76277829e-04
-4.86064542e-04
5.80794000e-06
3.53561682e-04
5.46763453e-04
6.16293405e-04
6.06025588e-04
5.08387083e-04
3.19257291e-04
6.86676503e-05
-1.29538003e-04
-2.13680203e-04
-2.28202851e-04
-2.22938853e-04
-1.92720955e-04
-1.04355668e-04
3.26489180e-05
1.31725295e-04
1.09822946e-04
-2.22833082e-05
-1.65135908e-04
-2.02379559e-04
-1.44533989e-04
-8.55391018e-05
-5.26674691e-05
-9.39983699e-06
1.04064774e-04
2.65532876e-04
3.86627314e-04
3.91495021e-04
2.73278751e-04
6.37737669e-05
-1.58203293e-04
-3.28615180e-04
-4.21464290e-04
-4.15363947e-04
-2.79283915e-04
-5.94608554e-05
1.21888563e-04
1.98609574e-04
1.88811534e-04
1.53610705e-04
1.29872065e-04
1.16489382e-04
9.62205203e-05
6.36993385e-05
-1.92320933e-06
-1.70558787e-06
-1.17372827e-06
-5.23769685e-08
1.58153878e-06
3.09590582e-06
3.64768169e-06
2.75878454e-06
7.82538377e-07
-1.21680689e-06
-2.18310219e-06
-1.84486480e-06
-8.00201232e-07
8.18489721e-08
3.05961703e-07
-6.76689191e-08
-6.24279302e-07
-8.62049307e-07
-4.63896848e-07
4.39616288e-07
1.27532053e-06
1.37828187e-06
-1.14833502e-06
-1.44281631e-05
-9.85032567e-06
2.84681146e-05
6.66437876e-05
2.44895296e-05
-3.45573592e-05
-7.49805529e-05
-1.36651034e-04
-1.22891957e-04
1.08054825e-05
1.79847257e-04
2.73968082e-04
2.24896250e-04
8.10474990e-05
-1.30851629e-04
-3.40303187e-04
-3.06251117e-04
-8.90942407e-05
1.06060032e-04
1.44153727e-05
-9.26018415e-05
-2.49918257e-05
4.09448089e-05
1.94447653e-04
3.40118714e-04
4.34307409e-04
4.18200025e-04
2.19363086e-04
-1.70321326e-04
-6.55445316e-04
-1.04603006e-03
-1.03004727e-03
-5.24320212e-04
2.04939192e-04
8.07461269e-04
1.10126420e-03
1.05549935e-03
7.24488231e-04
2.03968340e-04
-3.12271036e-04
-6.37254323e-04
-7.15382896e-04
-6.32388771e-04
-5.06482884e-04
-3.74995628e-04
-1.75532656e-04
1.21768377e-04
3.91711670e-04
5.31035296e-04
5.07653379e-04
4.02619065e-04
2.31320555e-04
6.40904238e-05
7.11981414e-06
-4.68286259e-05
-1.30975139e-04
-2.56289085e-04
-4.03089678e-04
-4.62339008e-04
-3.47508450e-04
-1.09075886e-04
9.56881545e-05
1.96280527e-04
2.69038397e-04
3.18847805e-04
2.74021501e-04
1.62087839e-04
6.01017272e-05
-3.00426190e-05
-9.14940739e-05
-1.06769094e-04
-8.85617313e-05
-8.46356655e-05
-1.06476605e-04
-1.26415724e-04
-1.07193839e-04
-3.87762074e-05
5.51341173e-05
1.15607045e-04
1.16164015e-04
8.44795929e-05
4.42423926e-05
-8.62129556e-06
-6.26601703e-05
-8.56693606e-05
-6.22552544e-05
4.73564063e-06
7.96542895e-05
1.22153878e-04
9.56128003e-05
5.47578906e-06
-5.80355176e-05
-6.46046001e-05
-5.29333438e-05
-3.70121032e-05
-3.42455275e-05
-7.19246787e-05
-9.66462288e-05
-6.09723350e-05
3.01947069e-05
1.24206156e-04
1.67681987e-04
1.40742454e-04
6.85130971e-05
-5.24684054e-06
-9.27513365e-07
-1.00904653e-06
-6.41438242e-07
1.08554107e-07
9.28055113e-07
1.44295848e-06
1.41443704e-06
8.76836338e-07
1.01829722e-07
-5.81032717e-07
-9.59254366e-07
-9.81834835e-07
-7.39678740e-07
-4.04013605e-07
-1.41506276e-07
-4.23852377e-08
-6.98751020e-08
-6.68003709e-08
1.34882586e-07
5.57136950e-07
1.00777998e-06
1.19436773e-06
9.41980287e-07
1.28212264e-07
-6.82544809e-06
-1.33021469e-05
5.88493188e-06
4.63510540e-05
4.19253654e-05
-2.11218324e-06
-3.96565622e-05
-1.08733425e-04
-1.28292892e-04
-5.19603324e-05
8.37278760e-05
2.02108614e-04
2.32854940e-04
1.52131854e-04
-2.21945653e-05
-1.88665325e-04
-2.60928644e-04
-2.45692977e-04
-9.64173883e-05
1.12652101e-04
1.52660105e-04
3.79444805e-05
-5.88108061e-05
-6.88226671e-05
1.48599342e-05
1.73630844e-04
3.47544901e-04
4.85665612e-04
4.42248610e-04
5.84334949e-05
-5.65653982e-04
-1.06424471e-03
-1.14266613e-03
-7.34783619e-04
3.58143774e-05
8.30553165e-04
1.26224347e-03
1.21186281e-03
7.66986171e-04
1.31675721e-04
-4.35633749e-04
-7.26473831e-04
-7.17376806e-04
-5.96399488e-04
-4.73143670e-04
-3.15498175e-04
-7.58051003e-05
2.09825700e-04
4.26076658e-04
5.06513258e-04
4.08740705e-04
2.25621528e-04
1.16040041e-04
1.12950602e-04
8.02271255e-05
-2.03089543e-05
-1.83435211e-04
-3.32078787e-04
-3.77852427e-04
-3.06283529e-04
-1.71625483e-04
-2.68142001e-05
1.01136831e-04
1.64230881e-04
1.77880772e-04
1.66506195e-04
1.40742001e-04
9.82109070e-05
4.89758857e-05
1.07568543e-05
6.39521670e-07
-1.61513907e-05
-7.34747580e-05
-1.33147128e-04
-1.27249195e-04
-5.41809778e-05
1.89255252e-05
5.14087817e-05
4.51101722e-05
2.30946997e-05
-5.61151714e-06
-3.62935947e-05
-4.69611506e-05
-3.07068495e-05
-3.02652939e-06
1.00594611e-05
1.93847879e-05
4.53862734e-05
8.43344466e-05
1.07476920e-04
8.88868794e-05
3.12039387e-05
-5.45879271e-05
-1.17041944e-04
-1.15551726e-04
-7.55885247e-05
-3.11941429e-05
5.09282903e-07
4.15779732e-06
-9.34286686e-06
-1.55723950e-05
3.74690009e-07
4.10601993e-05
8.97723968e-05
-2.86026158e-07
-3.09524970e-07
-2.88114106e-07
-2.41160261e-07
-1.53989927e-07
-1.65687595e-08
1.34320889e-07
2.17462275e-07
1.95539190e-07
1.14765314e-07
3.98804641e-08
-1.83824267e-08
-8.91452173e-08
-1.72995819e-07
-2.02789791e-07
-9.41150305e-08
1.35955723e-07
3.21374427e-07
2.83687719e-07
3.20510634e-08
-2.07304179e-07
-2.11927682e-07
1.01118466e-08
2.34250910e-07
-4.66869324e-07
-4.03757879e-06
-3.06517040e-07
1.02382299e-05
1.61581673e-05
1.41321268e-07
-2.35035802e-05
-1.59223057e-05
-1.52618261e-05
-2.38814391e-05
-3.47527952e-06
4.29424820e-05
6.68065777e-05
5.94393894e-05
3.13755254e-05
-9.20754692e-06
-9.42767157e-05
-1.72244963e-04
-1.25385120e-04
7.25343887e-05
2.44576161e-04
2.05241706e-04
-1.68903311e-04
-3.80419218e-04
-7.45584621e-05
2.99405792e-04
2.90549959e-04
-2.10824587e-05
-1.58614731e-04
8.96358745e-05
3.50643873e-04
2.61923309e-04
-1.84638994e-04
-6.78829377e-04
-8.71219008e-04
-5.46254485e-04
1.34650780e-04
7.38345996e-04
9.43380064e-04
6.70511715e-04
2.05251323e-04
-1.61836996e-04
-2.95994036e-04
-2.63466897e-04
-2.11627455e-04
-2.47622074e-04
-3.22099947e-04
-3.09000511e-04
-1.68977389e-04
1.51549020e-05
1.59438351e-04
2.61539923e-04
2.71069286e-04
2.17575632e-04
1.86533841e-04
1.94282956e-04
1.54427621e-04
6.53917691e-05
-5.02708442e-05
-1.87679558e-04
-2.80707775e-04
-3.14429383e-04
-2.85279967e-04
-1.93577932e-04
-6.16621159e-05
8.28488148e-05
1.76104708e-04
2.08194500e-04
2.04109038e-04
1.72260331e-04
1.29818975e-04
7.86512415e-05
7.75603111e-06
-6.94143378e-05
-1.22037406e-04
-1.18946657e-04
-9.31523142e-05
-5.77795424e-05
-2.84889297e-05
-3.68523439e-05
-4.48136960e-05
-2.21850615e-05
1.84914493e-05
3.77068516e-05
4.14207590e-05
6.12259427e-05
8.89632104e-05
9.58988535e-05
7.75517895e-05
2.16938042e-05
-7.06500352e-05
-1.37463574e-04
-1.30608006e-04
-6.89318992e-05
-1.74828370e-06
4.65563904e-05
7.65449198e-05
1.01939646e-04
1.07311080e-04
6.61805130e-05
-2.35772318e-05
-1.34390047e-04
-2.04344755e-04
-1.74048184e-04
-9.84296141e-07
-8.87735151e-07
-7.72076292e-07
-4.51832653e-07
2.68456328e-07
1.33878230e-06
2.34165380e-06
2.66238497e-06
1.87268421e-06
1.05735367e-07
-1.94553143e-06
-3.40848837e-06
-3.70536077e-06
-2.77820151e-06
-1.03153554e-06
8.92601774e-07
2.40028160e-06
3.07238173e-06
2.79024104e-06
1.87632841e-06
8.81575137e-07
1.53903731e-07
-3.56451479e-07
-9.23421364e-07
-1.62946136e-06
-2.17595794e-06
-2.17334572e-06
-1.76439827e-06
-6.43838573e-06
-1.12569652e-05
6.31027067e-06
4.40537066e-05
4.45134143e-05
1.98915666e-06
-3.88159807e-05
-8.99528664e-05
-1.14121377e-04
-6.85117521e-05
4.14210588e-05
1.73880192e-04
2.36434080e-04
1.82268460e-04
2.66355517e-05
-1.52249377e-04
-2.61110066e-04
-2.62713041e-04
-1.71620310e-04
-2.94866649e-05
1.10216368e-04
2.05727616e-04
2.11624043e-04
1.01207366e-04
-9.18286460e-06
-2.25338710e-05
2.71403101e-05
6.14099357e-05
2.16468381e-05
-4.20063132e-06
-1.23283521e-05
-5.36084532e-05
-1.08191045e-04
-2.15968104e-04
-3.48844480e-04
-3.80480789e-04
-2.17526050e-04
1.34532332e-04
5.21103790e-04
7.50854172e-04
7.16955432e-04
4.40935157e-04
3.27517876e-05
-3.84384434e-04
-6.65390935e-04
-7.21559909e-04
-5.74943184e-04
-3.26113695e-04
-6.57564150e-05
1.51627790e-04
3.19265262e-04
4.25224407e-04
4.36882067e-04
3.73891811e-04
2.74158228e-04
1.61595117e-04
3.62772875e-05
-1.32969060e-04
-3.03903364e-04
-3.98867670e-04
-3.85358564e-04
-2.95141062e-04
-1.75304565e-04
-3.10594838e-05
1.08944348e-04
2.01756475e-04
2.64478383e-04
3.01038761e-04
2.70037979e-04
1.67486484e-04
1.94571505e-05
-1.20121533e-04
-1.94486844e-04
-1.94885047e-04
-1.44966525e-04
-8.36396870e-05
-2.97427989e-05
8.18988114e-06
1.92879934e-05
1.96556151e-05
4.02790556e-05
7.44181501e-05
1.08010339e-04
1.02486434e-04
4.41340988e-05
-3.79969133e-05
-1.04260061e-04
-1.23041983e-04
-8.53455919e-05
-5.14861962e-06
6.56224936e-05
8.16873974e-05
3.66443765e-05
-2.01434481e-05
-3.08480125e-05
-6.83775211e-06
2.01155166e-05
4.23750423e-05
4.68961238e-05
2.09469959e-05
7.26817743e-07
1.30891863e-06
1.76029682e-06
1.87703512e-06
1.43885987e-06
5.37885017e-07
-2.79356905e-07
-3.05418434e-07
6.70911121e-07
1.97620422e-06
2.48944968e-06
1.52425397e-06
-7.20603981e-07
-3.36533247e-06
-5.22209321e-06
-5.40036022e-06
-3.78890672e-06
-1.11574525e-06
1.60068622e-06
3.59028808e-06
4.46615190e-06
4.17263544e-06
2.93870578e-06
1.27068925e-06
-1.97588607e-07
-9.36040822e-07
-8.19136206e-07
-5.88730938e-07
-6.32622382e-06
-1.35040081e-05
3.63556603e-06
4.45912121e-05
4.74738584e-05
9.01369313e-07
-4.39925974e-05
-1.01432682e-04
-1.30164540e-04
-8.12987460e-05
4.13539103e-05
1.92210535e-04
2.68431718e-04
2.13196744e-04
4.43160059e-05
-1.54120047e-04
-2.79214315e-04
-2.89879458e-04
-1.97888827e-04
-4.62118016e-05
1.04773041e-04
2.05251713e-04
2.13615468e-04
1.00893167e-04
-1.21630611e-05
-1.03894218e-05
7.19992597e-05
1.23214454e-04
5.24087125e-05
-3.54557987e-05
-8.74100776e-05
-1.29902888e-04
-1.42691518e-04
-1.83108777e-04
-2.71988921e-04
-3.04424213e-04
-1.88903462e-04
1.03444206e-04
4.50132507e-04
6.74736407e-04
6.70485558e-04
4.40537244e-04
7.44911611e-05
-3.20672304e-04
-6.04164614e-04
-6.81061643e-04
-5.63514543e-04
-3.39609694e-04
-1.01290744e-04
1.04296149e-04
2.76904774e-04
4.05180957e-04
4.42565557e-04
3.83990889e-04
2.81645683e-04
1.70335953e-04
4.84616795e-05
-1.21767500e-04
-2.89040440e-04
-3.85450864e-04
-3.77772487e-04
-2.96068811e-04
-1.79501878e-04
-3.57137308e-05
1.03799814e-04
1.91152538e-04
2.41529098e-04
2.75212413e-04
2.58953063e-04
1.77852514e-04
3.59164108e-05
-1.10195558e-04
-1.86649715e-04
-1.80846106e-04
-1.21609597e-04
-6.40573307e-05
-2.65565977e-05
-8.40745307e-06
-7.40544728e-06
8.08962899e-07
3.48434410e-05
7.44775055e-05
1.02880705e-04
9.00844162e-05
3.32682278e-05
-3.71500206e-05
-8.69939076e-05
-9.82995283e-05
-6.44494949e-05
6.45248804e-06
6.77924794e-05
8.13486062e-05
3.85164202e-05
-2.46963888e-05
-5.07650402e-05
-3.63869327e-05
-4.49827404e-06
3.58296020e-05
6.04091836e-05
4.43768206e-05
2.67398177e-07
3.31384742e-07
2.33210888e-07
-2.11248463e-09
-2.57032917e-07
-4.01103328e-07
-3.84619271e-07
-2.74667840e-07
-1.83715536e-07
-1.41237360e-07
-4.33248755e-08
2.06490625e-07
5.23076572e-07
6.60873002e-07
4.41801175e-07
-4.12064413e-08
-4.74605726e-07
-5.72473530e-07
-3.13192378e-07
4.62942949e-08
2.06358204e-07
1.00609027e-07
-5.33129692e-08
-5.34561701e-09
2.49064517e-07
4.46482850e-07
3.05395225e-07
-1.83697526e-07
-6.91674679e-07
-8.05508152e-07
-3.85345505e-07
-5.75753776e-08
6.04832913e-07
1.89693043e-06
1.25474253e-06
-9.17804963e-07
-3.43600692e-06
2.80532670e-07
2.28000845e-06
-3.07432134e-06
-6.57661148e-06
-9.94164241e-07
9.62520598e-06
1.49248762e-05
1.25793041e-05
3.22598581e-06
-1.43019309e-05
-3.08904215e-05
-2.83488055e-05
-4.98331383e-06
1.36592807e-05
1.63287081e-05
1.69161074e-05
1.10517521e-05
3.40133225e-05
7.30303699e-05
4.17902519e-05
-1.00423572e-04
-2.39729371e-04
-8.58263016e-05
1.98722335e-04
1.91165450e-04
-6.68422774e-05
-2.17366984e-04
-5.53998294e-05
2.98018330e-04
4.19373101e-04
1.63391678e-04
-2.39756567e-04
-5.72449534e-04
-6.21294962e-04
-2.75593696e-04
3.02514197e-04
6.94335695e-04
6.27002029e-04
1.91511711e-04
-2.33798886e-04
-3.28863892e-04
-1.96168471e-04
-3.47350979e-05
7.85608207e-05
3.72978171e-05
-1.13295159e-04
-2.11351634e-04
-1.79619272e-04
-5.79657723e-05
7.13867230e-05
2.11387931e-04
2.79261161e-04
2.10895152e-04
6.07201223e-05
-8.19328886e-05
-9.88052854e-05
5.09349283e-06
4.80821142e-05
-5.78932227e-05
-2.14333469e-04
-2.56490154e-04
-1.26814885e-04
7.75258110e-05
1.85740829e-04
1.72611169e-04
1.05678802e-04
2.94309062e-05
-6.45014129e-05
-8.28074466e-05
-2.58740021e-05
4.98683756e-06
3.55965877e-05
5.26405167e-05
4.97291077e-05
-1.19360008e-05
-8.43913384e-05
-9.17324281e-05
-4.22698746e-05
1.90536465e-05
5.71814983e-05
6.08283422e-05
3.79057954e-05
-1.39557104e-05
-6.96785669e-05
-8.21451671e-05
-3.15395185e-05
5.00701031e-05
1.01902894e-04
8.44102958e-05
2.13071630e-05
-2.95206230e-05
1.04500673e-07
1.68767244e-07
1.16131880e-07
1.05298787e-07
2.95918751e-07
7.74508485e-07
1.45639717e-06
2.02304414e-06
2.05343802e-06
1.36056652e-06
1.81864209e-07
-9.97924183e-07
-1.76364626e-06
-1.99612952e-06
-1.88273449e-06
-1.63830640e-06
-1.30220251e-06
-7.97793538e-07
-6.46829381e-08
8.19897365e-07
1.62058811e-06
2.12700107e-06
2.26038945e-06
1.98398933e-06
1.26163148e-06
1.35375744e-07
-1.13796104e-06
-2.15301397e-06
-2.56227875e-06
-2.23618389e-06
-3.05474054e-06
-6.05156861e-06
1.93911201e-06
2.34057491e-05
2.65764227e-05
2.32644643e-06
-2.89006132e-05
-5.70058146e-05
-5.54349472e-05
-2.07937301e-05
4.16552946e-05
9.77027729e-05
1.17272894e-04
7.68227597e-05
-7.12003081e-06
-8.73233279e-05
-1.32624065e-04
-1.28247951e-04
-9.37558817e-05
-3.26209755e-05
3.41656260e-05
7.54739871e-05
1.03166084e-04
1.89378650e-04
2.92497796e-04
2.42522006e-04
-1.02335134e-04
-5.85947787e-04
-8.29883353e-04
-4.56443336e-04
4.07924752e-04
1.18537500e-03
1.23860249e-03
4.55795695e-04
-6.60648787e-04
-1.39240959e-03
-1.35878650e-03
-6.88896090e-04
1.89584534e-04
8.28086851e-04
1.03221150e-03
8.62396312e-04
5.13163139e-04
1.72842180e-04
-8.91634451e-05
-3.04297134e-04
-4.61440588e-04
-5.45030122e-04
-5.89288227e-04
-5.31025122e-04
-3.17180931e-04
3.71369406e-06
3.29212586e-04
5.32167697e-04
5.46006818e-04
3.79353764e-04
1.47335495e-04
7.50821059e-06
-1.47740468e-05
1.49457627e-05
3.44692143e-05
-1.96059741e-05
-1.35913583e-04
-2.43162607e-04
-3.24818495e-04
-3.59473945e-04
-3.03997715e-04
-1.52202519e-04
4.31712454e-05
2.13185644e-04
3.24336329e-04
3.64255021e-04
3.10503349e-04
2.01089792e-04
1.08597634e-04
2.44668505e-05
-8.79987011e-05
-2.09112281e-04
-2.81784074e-04
-2.48086691e-04
-1.38284390e-04
-4.69090267e-05
1.87754633e-07
3.40267678e-05
5.69835075e-05
7.25176615e-05
8.39769068e-05
9.64026253e-05
9.01145137e-05
6.36156066e-05
2.85610604e-05
-2.07360225e-06
-2.68970799e-05
-4.34148826e-05
-5.26057873e-05
-5.81179999e-05
-5.74884015e-05
-3.04588849e-05
3.44758032e-07
-3.53978183e-09
-3.13865386e-07
-5.14186813e-07
-6.05755775e-07
-5.59624384e-07
-3.14251552e-07
1.29699304e-07
6.60528663e-07
1.10434462e-06
1.26862678e-06
1.01732467e-06
3.74433226e-07
-4.13723385e-07
-1.02397456e-06
-1.25304256e-06
-1.09763837e-06
-6.74509417e-07
-1.48509165e-07
3.07498222e-07
5.64983153e-07
5.65716622e-07
3.84989782e-07
2.00839879e-07
1.40647670e-07
1.53918190e-07
8.74162820e-08
-1.38655020e-07
-4.11250217e-07
-5.01775083e-07
-7.73051742e-07
-1.38466969e-06
9.40097543e-07
6.42049636e-06
6.86526622e-06
3.80816291e-07
-9.16459160e-06
-1.53907743e-05
-1.32134121e-05
-3.77007235e-06
1.11593787e-05
2.41138909e-05
2.63190157e-05
1.65303883e-05
1.32396589e-06
-1.56326355e-05
-2.86821778e-05
-3.56107755e-05
-3.04317362e-05
-1.44247576e-05
4.51835590e-06
8.23274993e-06
-8.91003150e-06
1.41975241e-05
1.56103234e-04
3.19767003e-04
2.49804864e-04
-2.02002792e-04
-7.99909161e-04
-9.85943535e-04
-4.21949254e-04
6.41021681e-04
1.54070469e-03
1.64463722e-03
7.90459934e-04
-5.97318477e-04
-1.74503777e-03
-2.05405497e-03
-1.41204107e-03
-1.98111721e-04
9.63929822e-04
1.59150472e-03
1.50945653e-03
9.27938684e-04
2.35739824e-04
-2.69388680e-04
-4.96858188e-04
-5.17984100e-04
-4.96450891e-04
-5.39049710e-04
-6.00095652e-04
-5.67000335e-04
-3.96310445e-04
-5.88006641e-05
3.70420981e-04
7.26560333e-04
8.94683373e-04
8.55797161e-04
6.19447977e-04
2.05705182e-04
-2.45489427e-04
-5.47437234e-04
-6.56952135e-04
-6.14611022e-04
-4.46779381e-04
-2.31988993e-04
-7.50140988e-05
3.48297049e-05
1.57562963e-04
2.93929846e-04
3.74843926e-04
3.53566223e-04
2.52436812e-04
1.32230827e-04
-1.53218571e-06
-1.16102944e-04
-1.80434685e-04
-2.10627036e-04
-2.05520414e-04
-1.38665637e-04
-2.49965418e-05
8.23045534e-05
1.38274687e-04
1.24646465e-04
4.04502883e-05
-7.74202823e-05
-1.58565786e-04
-1.42739818e-04
-2.35984596e-05
1.16971343e-04
1.79687079e-04
1.38065104e-04
4.27094472e-05
-4.04843416e-05
-6.71207861e-05
-3.73315306e-05
1.66807010e-05
4.58891602e-05
2.42928836e-06
2.10657879e-07
-4.03165344e-06
-6.77447641e-06
-5.71427382e-06
-1.68830510e-06
2.22344589e-06
3.29892808e-06
1.49743410e-06
-5.92414411e-07
-2.76702821e-07
2.48492107e-06
5.06027346e-06
4.86201144e-06
1.99033937e-06
-1.08110921e-06
-2.26528203e-06
-1.90312228e-06
-1.93398170e-06
-3.41332377e-06
-5.23004517e-06
-5.23283462e-06
-2.46858172e-06
1.60921093e-06
4.23970133e-06
4.02064174e-06
2.44323703e-06
2.18254128e-06
3.91817264e-06
5.29040007e-06
3.41535964e-06
-1.58073300e-06
-6.59386495e-06
-9.72710845e-06
-1.56641674e-05
-1.02069348e-06
4.13954772e-05
6.33796306e-05
-1.04656563e-05
-1.20640251e-04
-1.11181815e-04
-2.87948852e-05
6.68186907e-05
1.20032503e-04
1.45896801e-04
1.37959961e-04
5.62261954e-05
-1.17840204e-04
-2.69555071e-04
-2.70225924e-04
-1.09762788e-04
1.20184155e-04
2.88975676e-04
2.18833518e-04
-4.33808066e-05
-2.41951436e-04
-9.19560583e-05
2.32194486e-04
4.39482583e-04
1.02553795e-04
-5.22335261e-04
-7.01747362e-04
-1.52185019e-04
6.38809710e-04
7.74708926e-04
8.97991201e-05
-6.35208204e-04
-5.90438937e-04
9.93163656e-05
5.53661177e-04
2.99367053e-04
-5.03086276e-04
-8.97734397e-04
-3.43492590e-04
7.11070945e-04
1.44525322e-03
1.03133659e-03
-3.25363894e-04
-1.37589956e-03
-1.08220503e-03
1.53680884e-04
9.03806415e-04
3.72570310e-04
-6.92650564e-04
-9.70905663e-04
-2.44839611e-04
7.26124043e-04
1.06335833e-03
5.44141737e-04
-4.27043010e-04
-7.74347160e-04
-8.18228209e-05
6.87616222e-04
7.40058677e-04
5.74233998e-05
-8.08364024e-04
-1.08316130e-03
-4.32662178e-04
4.75280570e-04
6.77464691e-04
9.37834531e-05
-3.98431190e-04
-2.42319829e-04
2.30013127e-04
5.05089689e-04
4.60344801e-04
1.83199118e-04
-2.88449295e-04
-6.70421231e-04
-4.50211125e-04
3.58306328e-04
7.88307423e-04
1.61469128e-04
-7.74619072e-04
-8.75268197e-04
-3.39952996e-05
7.88443677e-04
7.38305722e-04
-8.95769094e-05
-6.03039982e-04
-3.09657114e-04
2.77682539e-04
4.26342298e-04
1.92226745e-04
3.17385510e-05
-2.50107912e-04
-5.98496094e-04
-4.12317670e-04
