-2.82763460e-06
-3.68723657e-06
-3.22622880e-06
-1.41009805e-06
1.04400631e-06
3.09906150e-06
3.90090166e-06
3.24377220e-06
1.63523112e-06
-8.34733729e-08
-1.20885056e-06
-1.53564403e-06
-1.36694967e-06
-1.20522135e-06
-1.31046664e-06
-1.45437616e-06
-1.13816571e-06
-9.40365933e-07
-3.18550633e-06
-1.27403921e-06
1.88485575e-05
3.02812618e-05
-6.16118194e-06
-4.74438350e-05
-1.01494487e-05
2.62917851e-05
-6.23176951e-06
-4.18586992e-05
-8.85930685e-06
-9.91246178e-06
-8.35926669e-06
8.49790577e-05
1.68742588e-04
8.06277709e-05
-6.96005777e-05
-2.02257232e-05
-1.89986772e-04
-3.93719831e-04
-2.85084609e-04
1.41661368e-04
5.80211055e-04
5.60658412e-04
2.26443361e-04
-1.97876123e-04
-4.50617529e-04
-4.60971361e-04
-3.22481384e-04
-3.98666539e-05
2.63512934e-04
4.13198843e-04
2.87341336e-04
7.97814405e-05
-8.13063188e-05
-1.41855223e-04
-9.65956789e-05
-2.89934372e-05
1.12816637e-05
1.25761470e-05
-3.78602639e-05
-1.31559328e-04
-1.91471081e-04
-1.33314547e-04
4.13088548e-06
1.76299568e-04
2.82851149e-04
2.45084880e-04
1.37193901e-04
5.90756279e-05
-1.27007269e-05
-1.04230470e-04
-2.34435446e-04
-3.27061975e-04
-2.45071228e-04
-4.75864613e-05
1.20370365e-04
1.91218454e-04
1.80426395e-04
1.78076944e-04
1.51879381e-04
4.36483323e-05
-9.24379716e-05
-1.93960285e-04
-2.23901494e-04
-1.70258378e-04
-3.73656565e-05
8.89498379e-05
1.62040178e-04
1.93304517e-04
1.65862449e-04
9.56736178e-05
3.02400104e-05
-1.34789528e-05
-8.54636273e-05
-2.18505418e-04
-3.27540350e-04
-3.08110346e-04
-1.54265354e-04
7.57987654e-05
3.04719675e-04
4.34336865e-04
3.66159947e-04
1.43814464e-04
-6.85191795e-05
-1.56378601e-04
-1.41092016e-04
-1.11684663e-04
-1.33488863e-04
-1.72002669e-04
-1.62919988e-04
-8.60879740e-05
6.05807635e-05
1.94586185e-04
1.94499593e-04
9.56319364e-05
-5.67369340e-06
-5.74169592e-05
-5.12014898e-05
-1.39875085e-06
6.64702334e-05
9.65935220e-05
6.15893096e-05
4.66863920e-06
-2.98111785e-05
-5.64618756e-05
-9.58842982e-05
-1.33963681e-04
-1.37241802e-04
-1.06582837e-04
-2.29909535e-07
-7.75401586e-08
2.15501678e-07
4.27265039e-07
3.05187632e-07
-1.24385800e-07
-5.25657022e-07
-5.55575242e-07
-2.06501215e-07
2.13860957e-07
4.50727966e-07
4.70879057e-07
3.34857401e-07
9.44398482e-08
-1.28541750e-07
-1.30044170e-07
1.98331393e-07
7.00285857e-07
9.42374447e-07
5.48348261e-07
-6.74710931e-07
-5.97433734e-06
-1.68873886e-05
2.43354052e-06
5.39528385e-05
6.11580685e-05
-3.40083634e-05
-1.14612251e-04
-5.06259658e-05
2.33875329e-05
4.36012457e-06
-5.36119955e-05
-2.43043960e-05
1.34202635e-04
2.92633232e-04
2.58849940e-04
2.16843014e-06
-2.88641106e-04
-4.43376562e-04
-3.99609890e-04
-1.86048049e-04
1.65306442e-04
4.04476267e-04
4.06433004e-04
1.47724890e-04
-5.01994103e-06
4.02251449e-05
1.75586011e-04
1.01275168e-05
-2.34329530e-04
-2.75626032e-04
-2.82993277e-04
-4.08492628e-04
-4.18325381e-04
-7.44545507e-05
4.56541705e-04
9.16106658e-04
9.03519950e-04
2.58711259e-04
-5.53203703e-04
-9.42917306e-04
-7.06956791e-04
-4.46769265e-05
5.39515517e-04
6.60009993e-04
3.23340668e-04
-1.59201255e-04
-4.55051589e-04
-4.61236750e-04
-2.14316839e-04
1.65909776e-04
3.51393756e-04
1.95205526e-04
1.21789110e-06
-8.69184641e-05
-1.54707539e-05
4.99945343e-05
-1.73779053e-05
5.41984641e-05
1.45830085e-04
9.46533313e-05
-6.35823945e-05
-1.50841338e-04
-1.23852582e-04
-9.56566668e-05
-4.71851779e-05
-1.14502558e-04
-8.41375800e-05
1.28423454e-04
2.16505977e-04
5.75535698e-05
-1.66636616e-04
-1.60772069e-04
9.34428552e-05
3.27456817e-04
3.26759229e-04
1.32248199e-04
-8.91388000e-05
-2.12846161e-04
-2.22681194e-04
-2.19043925e-04
-1.90840596e-04
-9.97850750e-05
1.43492801e-05
9.21096600e-05
1.12772132e-04
8.94080120e-05
7.74034355e-05
1.25738647e-04
1.80458445e-04
1.48640097e-04
3.14539225e-05
-1.05349942e-04
-1.77822715e-04
-2.01204761e-04
-1.90849093e-04
-9.21030711e-05
5.94841261e-05
1.47191759e-04
1.33833945e-04
5.41488827e-05
-3.43529245e-05
-7.12351712e-05
-3.76007508e-05
2.19150822e-05
5.86453432e-05
7.97494826e-05
8.82133872e-05
-8.50516088e-07
-7.05846700e-07
-3.22389364e-07
1.80718216e-07
5.90548742e-07
6.97830399e-07
4.67019608e-07
9.90213179e-08
-1.41738665e-07
-1.49181359e-07
-3.01464020e-08
3.94423895e-08
3.48562795e-09
-6.64882520e-08
-9.91666864e-08
-1.03555892e-07
-1.35219853e-07
-1.99022862e-07
-1.89135116e-07
2.43722664e-09
3.11213686e-07
5.06206434e-07
3.09415521e-06
1.27686190e-05
2.08219184e-06
-3.56791335e-05
-4.74154933e-05
-1.31916866e-05
2.15548012e-05
9.90734368e-05
1.45321139e-04
6.78113793e-05
-8.20698565e-05
-1.92778733e-04
-2.14842966e-04
-1.58061223e-04
-7.30085826e-06
1.65800240e-04
2.37147880e-04
2.37409959e-04
2.55638254e-04
1.43119137e-04
-1.10721269e-04
-2.86515912e-04
-3.77090300e-04
-4.47115770e-04
-5.02053725e-04
-5.96286389e-05
5.01599356e-04
8.93402030e-04
9.09136569e-04
3.97338084e-04
-2.57867256e-04
-7.82677066e-04
-9.11318388e-04
-6.81742077e-04
-3.17256775e-04
1.47083913e-04
4.42175170e-04
5.92174108e-04
6.21884357e-04
4.85067424e-04
2.14197632e-04
-6.06907715e-05
-1.84562047e-04
-2.99440633e-04
-4.62424216e-04
-5.49766319e-04
-4.68861203e-04
-2.35844186e-04
2.25264215e-05
3.03674638e-04
4.41207048e-04
4.47399882e-04
3.91587492e-04
2.52517033e-04
1.06075403e-04
-2.73792122e-05
-1.64341006e-04
-2.60166789e-04
-2.63790541e-04
-2.41371447e-04
-1.97388828e-04
-1.38964208e-04
-1.07264448e-04
-3.40445848e-05
1.08867855e-04
2.29602913e-04
2.98774829e-04
2.71254035e-04
1.42349025e-04
1.08114110e-05
-8.78892599e-05
-1.42516640e-04
-1.43039102e-04
-1.01503863e-04
-8.85909369e-05
-8.14116062e-05
-2.88793000e-05
5.03878795e-05
1.10775356e-04
1.25241807e-04
1.00900496e-04
5.53326872e-05
-6.00836612e-05
-1.57363265e-04
-1.23248506e-04
-6.91859629e-05
-4.35142622e-05
1.58710454e-05
1.13742873e-04
1.87524949e-04
1.62827639e-04
4.51663538e-05
-7.12873002e-05
-1.37455602e-04
-1.27594315e-04
-4.63275922e-05
3.10914956e-05
4.91903001e-05
1.33465196e-05
-2.05691750e-05
-3.39698179e-05
-2.98762156e-05
-8.69546265e-06
4.52079971e-05
5.79044961e-05
1.98400588e-05
1.07444953e-07
7.59338059e-07
1.39955286e-06
1.47369187e-06
7.13736055e-07
-5.68498790e-07
-1.64825774e-06
-1.87848440e-06
-1.16327626e-06
1.20339262e-08
1.00997691e-06
1.44865144e-06
1.27757789e-06
6.67964994e-07
-9.69567840e-08
-7.36512566e-07
-1.03592410e-06
-8.89380369e-07
-3.71082067e-07
2.49893284e-07
6.56265277e-07
9.87595173e-07
8.13827627e-06
1.65139892e-05
-9.78606952e-06
-5.92394611e-05
-6.63905260e-05
2.35563168e-05
7.67864530e-05
1.01301802e-04
1.31725377e-04
8.14600045e-05
-8.56398011e-05
-2.55289428e-04
-3.18822410e-04
-2.21087909e-04
4.96015831e-06
2.53539875e-04
4.27058465e-04
4.50880389e-04
2.87838823e-04
-5.03430820e-05
-4.18708313e-04
-5.11877224e-04
-3.38070794e-04
-1.46104037e-04
-6.68094466e-05
2.97719768e-05
2.32751885e-04
4.44169688e-04
4.79763461e-04
3.56634137e-04
8.05720906e-05
-2.73167813e-04
-5.32983950e-04
-5.79358779e-04
-4.04704537e-04
-9.33769451e-05
2.51540644e-04
4.77810968e-04
5.12534988e-04
3.49581518e-04
1.05069135e-04
-1.10512138e-04
-2.82714961e-04
-3.76542863e-04
-3.52690356e-04
-1.50349645e-04
9.58477410e-05
2.20004346e-04
1.52400266e-04
1.55366303e-06
-4.57857832e-05
3.21695694e-05
1.25778395e-04
1.35511143e-04
6.60874197e-05
-1.17815645e-05
-6.93184719e-05
-9.97959046e-05
-8.57436579e-05
-5.26453656e-05
-3.58849204e-05
-2.77091958e-05
-1.83635495e-05
1.40426238e-05
6.43167171e-05
7.69918476e-05
3.20537442e-05
-3.02686915e-05
-6.53562068e-05
-5.88008038e-05
-5.01510700e-06
5.82455726e-05
8.68905524e-05
8.21493508e-05
4.79157996e-05
-1.04238513e-05
-4.01139333e-05
-2.19636563e-05
5.49531445e-06
-4.59597637e-06
-6.57246755e-05
-1.40785826e-04
-1.67720957e-04
-9.21540667e-05
3.22781718e-05
1.28752711e-04
1.64097567e-04
1.50565252e-04
1.17296616e-04
8.96140266e-05
5.12895686e-05
-1.48501092e-05
-8.96935152e-05
-1.49847628e-04
-1.88265393e-04
-1.97158733e-04
-1.49957453e-04
-3.84196168e-05
8.89086785e-05
1.84400803e-04
2.14244210e-04
1.87320661e-04
1.19955274e-04
3.91373561e-05
-3.23589097e-05
-8.68017800e-05
-2.98753889e-06
-2.56518083e-06
-1.34865385e-06
2.86863192e-07
2.04493335e-06
3.30803363e-06
3.57003640e-06
2.86087085e-06
1.00562011e-06
-2.35981050e-06
-6.60354110e-06
-9.74680273e-06
-9.46108343e-06
-4.20445599e-06
5.43293428e-06
1.57778203e-05
2.12658945e-05
1.78430013e-05
5.79554569e-06
-1.00449329e-05
-2.19570573e-05
-2.40029994e-05
-1.63366237e-05
-5.52220104e-06
7.22867671e-07
1.01614427e-05
2.61364885e-05
2.22863542e-05
2.61380522e-06
-5.76877863e-06
-1.39829559e-05
-2.54715155e-05
-1.78151149e-05
1.22749741e-05
2.27373899e-05
1.79808111e-05
2.47572673e-05
3.81009757e-05
2.12460210e-05
-5.38073907e-05
-1.11415025e-04
-6.93490300e-05
4.44770834e-05
1.18098069e-04
5.04468783e-05
-6.53620099e-05
-1.79353209e-04
-1.53208262e-04
1.40736870e-05
2.20887709e-04
3.92778928e-04
4.14107613e-04
2.02973094e-04
-1.83660977e-04
-5.60585664e-04
-7.77914118e-04
-6.66470226e-04
-2.23665036e-04
3.51405109e-04
7.75488393e-04
8.29295166e-04
5.83123131e-04
2.52050930e-04
-1.10929286e-04
-3.76185906e-04
-4.60356454e-04
-4.35854354e-04
-3.66118930e-04
-3.10446675e-04
-2.38506857e-04
-9.02017280e-05
1.66529761e-04
3.83605964e-04
4.79958343e-04
4.95939944e-04
4.10956190e-04
1.81567869e-04
-7.53308425e-05
-2.49158073e-04
-3.26414655e-04
-3.58851590e-04
-3.34435594e-04
-2.36781412e-04
-1.05510819e-04
2.53331910e-06
6.98018258e-05
1.51496362e-04
2.38122714e-04
2.84497907e-04
2.53164338e-04
1.38119922e-04
-2.86553863e-05
-1.60713453e-04
-1.94578351e-04
-1.14980516e-04
1.07604006e-05
9.27194030e-05
8.67260179e-05
-6.75574434e-06
-1.44774007e-04
-2.38832073e-04
-2.14783353e-04
-8.57465713e-05
7.53582111e-05
1.98596181e-04
2.42150498e-04
1.96773643e-04
1.13602012e-04
3.50788578e-05
-2.32757136e-05
-4.72502137e-05
-6.69238687e-05
-9.42969221e-05
-1.29449243e-04
-1.50288498e-04
-1.34446362e-04
-6.82765307e-05
3.67902078e-05
1.32883170e-04
1.74011975e-04
1.44458233e-04
6.62409359e-05
-6.75564671e-06
-4.52816906e-05
-4.88762964e-05
-2.77840662e-05
-3.81941870e-06
-2.77572484e-06
-2.37640497e-06
-2.05187270e-06
-9.15704789e-07
5.00687527e-07
1.54801871e-06
1.93536018e-06
1.84873575e-06
1.56298535e-06
1.13676578e-06
4.67803109e-07
-4.58891239e-07
-1.40928877e-06
-1.99228174e-06
-1.96841688e-06
-1.41058906e-06
-5.93072531e-07
1.67976679e-07
6.82889762e-07
9.66227814e-07
1.17710010e-06
1.34477306e-06
1.27414809e-06
4.51640295e-06
2.10725511e-05
5.04750536e-06
-5.36639271e-05
-9.16348951e-05
-1.51419253e-05
5.57908631e-05
1.16683744e-04
2.01008737e-04
1.55342832e-04
-5.40325419e-05
-2.82311902e-04
-4.01097610e-04
-3.24350975e-04
-7.81242712e-05
2.26941819e-04
4.49038386e-04
5.09672131e-04
4.15252391e-04
1.55139088e-04
-2.31519190e-04
-4.50000005e-04
-5.09030444e-04
-5.52996871e-04
-4.32089543e-04
-9.40061340e-05
3.19329968e-04
6.99486160e-04
8.73440835e-04
6.97949427e-04
2.26176954e-04
-3.79030220e-04
-8.50448187e-04
-9.21401250e-04
-6.21582442e-04
-1.47159112e-04
3.35191498e-04
6.38635666e-04
6.14825368e-04
3.67852038e-04
1.31210454e-04
-7.36824136e-06
-9.27519398e-05
-1.82908708e-04
-2.64242235e-04
-2.97226907e-04
-2.51765216e-04
-1.74055439e-04
-7.87290796e-05
6.49427911e-06
8.71264762e-05
1.79786808e-04
2.42512586e-04
2.92330811e-04
3.07168413e-04
2.20467924e-04
6.99221871e-05
-1.41815108e-04
-3.04751331e-04
-3.19053235e-04
-2.43703286e-04
-1.77505487e-04
-1.19770075e-04
-4.47931776e-05
5.27820859e-05
1.35373169e-04
1.73481271e-04
2.03276013e-04
2.10792321e-04
1.71388242e-04
8.52765605e-05
-3.25264807e-05
-1.34996848e-04
-1.74370632e-04
-1.23466683e-04
-4.06347675e-05
-6.93758487e-07
-3.34205444e-05
-1.03030494e-04
-1.36029240e-04
-7.90828831e-05
3.74272026e-05
1.41592773e-04
1.80577637e-04
1.53826893e-04
9.00738487e-05
4.65479009e-05
5.55745976e-05
6.14038008e-05
3.03685995e-07
-1.45741757e-04
-2.73753963e-04
-2.75851994e-04
-1.54759648e-04
1.54133213e-05
1.36018797e-04
1.47485794e-04
1.13829925e-04
1.13135946e-04
1.36562237e-04
1.31331853e-04
6.78347748e-05
-4.19909532e-05
-1.50131041e-04
-2.00113172e-04
-1.71759001e-04
5.71122401e-09
7.38189631e-07
1.04924540e-06
7.51862720e-07
7.72600758e-08
-5.22213152e-07
-7.31718715e-07
-5.63117931e-07
-2.46850038e-07
-1.18418003e-08
4.63265313e-08
-1.68902107e-08
-5.26739196e-08
6.34729104e-08
3.28473485e-07
6.01335421e-07
7.07741149e-07
5.51965944e-07
1.83911825e-07
-2.40901783e-07
-5.62853735e-07
-6.57393797e-07
-5.06935258e-07
2.19675449e-08
8.08292015e-06
1.69212928e-05
-7.44310232e-06
-6.31004569e-05
-6.37152067e-05
-1.99854835e-06
5.84792656e-05
1.54220664e-04
1.84116187e-04
8.41347729e-05
-1.08512382e-04
-3.01120227e-04
-3.62631827e-04
-2.35966634e-04
2.10779600e-05
2.80156619e-04
4.16197120e-04
3.74980736e-04
2.23184041e-04
5.18218201e-05
-1.29274586e-04
-2.29877846e-04
-2.69486015e-04
-3.47848500e-04
-4.39145405e-04
-4.52925921e-04
-2.42931503e-04
2.48483466e-04
8.23509354e-04
1.11408527e-03
9.12081391e-04
2.86958374e-04
-4.82874567e-04
-1.00461369e-03
-1.07523414e-03
-7.66629116e-04
-2.44777524e-04
2.71752477e-04
5.56439341e-04
5.80673568e-04
4.74926685e-04
3.19033022e-04
1.64499773e-04
1.61283639e-05
-8.32054831e-05
-1.76184938e-04
-2.85170269e-04
-3.85137611e-04
-3.80000176e-04
-2.71028471e-04
-1.09910814e-04
1.22785851e-04
3.51732478e-04
4.17243107e-04
3.12287640e-04
1.66549273e-04
3.77189357e-05
-4.09287748e-05
-6.83210332e-05
-1.01489259e-04
-1.55993586e-04
-2.00164187e-04
-2.03167606e-04
-1.68689216e-04
-9.76991791e-05
6.40530977e-07
1.10896489e-04
2.06379698e-04
2.40178316e-04
2.03418117e-04
1.35953621e-04
3.05918591e-05
-7.30310601e-05
-1.11543421e-04
-1.02026641e-04
-9.29566550e-05
-9.92390821e-05
-1.15164899e-04
-1.12716866e-04
-7.39439024e-05
-1.62932963e-05
6.00039123e-05
1.56575520e-04
2.27292612e-04
2.12528052e-04
1.14887747e-04
-2.85806899e-06
-9.39953410e-05
-1.44935149e-04
-1.45224871e-04
-1.10460265e-04
-7.14020488e-05
-4.57570025e-05
-4.63921691e-06
4.33384453e-05
6.41912995e-05
5.34298140e-05
3.31466568e-05
3.41158115e-05
4.92439859e-05
5.44247549e-05
3.67584608e-05
1.43838039e-05
4.45210506e-06
2.59809907e-08
-1.43056176e-07
-3.09775925e-07
-3.13231203e-07
-1.25291063e-07
1.33707235e-07
3.06362176e-07
3.14647441e-07
1.92521417e-07
3.88937726e-08
-5.12918629e-08
-4.90030517e-08
-1.42692719e-08
-5.43447985e-08
-2.03486755e-07
-3.47878349e-07
-3.17409869e-07
-5.67932946e-08
2.79281909e-07
4.35407905e-07
3.04098696e-07
3.70567205e-08
-1.10181976e-07
1.62143919e-08
2.01678840e-06
7.93288570e-06
-1.66252688e-06
-2.00852022e-05
-3.15409835e-05
1.36066376e-06
3.93613997e-05
3.24147222e-05
3.77735926e-05
3.68164403e-05
9.63165086e-07
-6.61597946e-05
-1.22422109e-04
-1.29709397e-04
-6.47256256e-05
5.84080545e-05
1.88943820e-04
2.39925211e-04
1.52807028e-04
-1.46823581e-05
-1.66490280e-04
-2.01609764e-04
-1.17592878e-04
-2.48254981e-05
2.03862522e-05
3.03205291e-05
1.88421564e-05
-2.86684990e-05
-7.93780565e-05
-1.37522912e-05
1.09844932e-04
2.05142995e-04
2.45557771e-04
2.02592173e-04
5.20299538e-05
-1.55390986e-04
-3.67444519e-04
-4.46307821e-04
-3.38823938e-04
-9.37234747e-05
2.26398862e-04
4.22087978e-04
4.10874549e-04
2.31597193e-04
3.99163221e-06
-1.57746377e-04
-1.74707226e-04
-1.17774343e-04
-7.06980851e-05
-5.28825853e-05
-2.73943169e-05
-3.31486762e-05
-5.05996950e-05
6.18162172e-06
9.20245739e-05
8.93694589e-05
5.02414131e-05
5.13048333e-05
2.84893006e-05
-2.93092825e-05
-4.59341289e-05
-2.32212280e-05
-1.12729876e-05
-2.24015523e-05
-3.46727669e-05
-2.27803349e-05
1.28937780e-05
4.40102144e-05
4.06633154e-05
1.22646120e-05
-3.11457286e-05
-5.12048605e-05
-4.15482401e-05
-1.31778764e-05
3.71476040e-05
7.19326298e-05
6.58499114e-05
2.46410388e-05
-2.75962321e-05
-6.03083077e-05
-4.90590685e-05
-1.24959058e-05
1.92807962e-05
3.74747695e-05
4.77401394e-05
3.56291967e-05
-1.53597322e-05
-9.31967045e-05
-1.46904339e-04
-1.27745341e-04
-2.58272619e-05
1.06470361e-04
1.91943363e-04
1.98641221e-04
1.44252011e-04
5.68416010e-05
-3.25554968e-05
-1.09486396e-04
-1.78534728e-04
-2.22998132e-04
-2.02160207e-04
-9.71496101e-05
5.38987979e-05
1.72546218e-04
-8.37372689e-07
-1.90755134e-06
-2.23618353e-06
-1.47240813e-06
4.56096794e-08
1.63847882e-06
2.73045847e-06
3.07499923e-06
2.66137017e-06
1.54515914e-06
-7.56472897e-08
-1.77069939e-06
-3.02039289e-06
-3.44167736e-06
-2.98759097e-06
-1.89969894e-06
-5.09050680e-07
8.78502815e-07
2.02388607e-06
2.76961371e-06
3.01100206e-06
2.71011800e-06
1.92756765e-06
8.09903243e-07
-5.03892161e-07
-1.90695971e-06
-3.16133476e-06
-3.44234764e-06
3.72592131e-06
9.19109378e-06
-1.06735921e-05
-4.66811535e-05
-3.52865649e-05
1.36347950e-05
5.74221182e-05
1.11077417e-04
1.13193244e-04
3.29778462e-05
-9.41072816e-05
-2.20657924e-04
-2.55761132e-04
-1.49760293e-04
5.03863917e-05
2.41571761e-04
3.26918697e-04
2.73649251e-04
1.17276544e-04
-5.02204853e-05
-1.60262173e-04
-2.23852867e-04
-2.75886008e-04
-2.82262306e-04
-1.47172860e-04
1.07908883e-04
3.29925604e-04
3.54120262e-04
1.49656309e-04
-1.35426610e-04
-3.00243362e-04
-2.43729740e-04
3.49017607e-05
3.60794282e-04
5.09419196e-04
3.45633084e-04
-3.85385694e-05
-4.38779110e-04
-6.45630304e-04
-5.69622198e-04
-2.46735638e-04
1.45968255e-04
3.96263403e-04
4.25040831e-04
2.99021947e-04
1.16021773e-04
-3.41776158e-06
-3.63843791e-05
-2.94850348e-05
-2.34545566e-05
2.19367432e-06
-1.70503128e-05
-9.62292484e-05
-1.41063579e-04
-1.38454252e-04
-1.26899723e-04
-1.25784887e-04
-8.41876701e-05
2.71593652e-05
1.43170826e-04
2.14128786e-04
2.16483210e-04
1.54399528e-04
6.60510742e-05
-2.20448528e-05
-6.40473098e-05
-4.52549667e-05
-3.94841121e-05
-8.04366542e-05
-1.26736585e-04
-1.48900489e-04
-1.25495268e-04
-6.54614206e-05
3.35873790e-05
1.20082675e-04
1.46533006e-04
1.29019564e-04
8.38515990e-05
2.76443604e-05
-1.75856896e-06
2.36553315e-06
1.02740409e-05
-1.07565029e-05
-6.62090225e-05
-1.12089691e-04
-1.27102550e-04
-1.01853252e-04
-2.83206309e-05
4.90886324e-05
9.53837268e-05
9.70076559e-05
6.94480772e-05
4.66181011e-05
3.31340687e-05
7.38252559e-06
-2.47801647e-05
-3.26081094e-05
-1.51693028e-05
-2.30857115e-05
-5.63238879e-05
-5.20403624e-07
-2.96134897e-06
-4.45001354e-06
-4.30004077e-06
-2.61118344e-06
-2.64142814e-07
1.57729828e-06
2.24535130e-06
1.89102695e-06
1.15413106e-06
6.07011007e-07
4.17714396e-07
4.39853039e-07
4.57250500e-07
3.62915500e-07
1.49107167e-07
-2.11268956e-07
-6.92242098e-07
-1.11790975e-06
-1.29599211e-06
-1.17455521e-06
-7.93140116e-07
-1.76816126e-07
5.46203308e-07
1.03751185e-06
1.02911452e-06
5.96143342e-07
4.35190390e-07
6.77458453e-06
1.16321038e-05
-9.17840215e-06
-4.77512960e-05
-3.94295505e-05
1.00402541e-05
5.24051820e-05
1.06376886e-04
1.13153127e-04
3.53179180e-05
-8.98422802e-05
-2.15454665e-04
-2.53678619e-04
-1.50087957e-04
4.88778448e-05
2.38626530e-04
3.24559765e-04
2.72332148e-04
1.16288899e-04
-5.15984642e-05
-1.57803292e-04
-2.18845091e-04
-2.68510839e-04
-2.81028288e-04
-1.55764630e-04
9.64976032e-05
3.30427102e-04
3.67415464e-04
1.66107342e-04
-1.33577668e-04
-3.13333612e-04
-2.68188525e-04
1.34616912e-05
3.54398446e-04
5.23349910e-04
3.75704720e-04
-1.02642422e-05
-4.26412997e-04
-6.50428864e-04
-5.87104940e-04
-2.67432901e-04
1.32053252e-04
3.93999700e-04
4.28903852e-04
3.03186031e-04
1.20295137e-04
5.37589607e-07
-3.69223083e-05
-3.19279182e-05
-2.91346269e-05
-5.73317169e-06
-9.93963829e-06
-7.78380872e-05
-1.23865691e-04
-1.30838450e-04
-1.31540834e-04
-1.33122546e-04
-9.74886273e-05
1.43063679e-05
1.30478402e-04
2.00602142e-04
2.12751907e-04
1.56137597e-04
7.66863823e-05
-1.64431277e-06
-4.55997002e-05
-3.32854211e-05
-3.28636924e-05
-8.34735106e-05
-1.38475310e-04
-1.62702482e-04
-1.34181832e-04
-7.19375168e-05
2.57263447e-05
1.14293742e-04
1.44548818e-04
1.31758319e-04
9.33348046e-05
4.34535398e-05
1.19715387e-05
7.94269296e-06
6.95342225e-06
-1.73327435e-05
-7.40212513e-05
-1.19214041e-04
-1.32680996e-04
-1.01461121e-04
-2.18575558e-05
5.45387547e-05
9.42502252e-05
9.01641618e-05
5.98325493e-05
3.92573622e-05
3.65636174e-05
2.30202722e-05
-8.00916361e-06
-2.76122810e-05
-2.16493423e-05
-3.16105731e-05
-6.21089772e-05
-6.41050789e-07
-5.75981321e-07
-2.86441336e-07
4.78507624e-08
2.13513781e-07
1.53162579e-07
1.72587945e-08
1.98540102e-08
2.22394865e-07
4.52078213e-07
4.77512497e-07
2.56133353e-07
-5.82572520e-08
-2.89394457e-07
-3.82093972e-07
-3.92485967e-07
-3.66297523e-07
-2.50772110e-07
3.44043804e-08
4.30489458e-07
6.95997731e-07
5.74471717e-07
6.22985114e-08
-5.07474160e-07
-7.17939725e-07
-4.46492164e-07
2.46759803e-08
2.78609061e-07
1.45789424e-07
-1.55330609e-07
-2.44339594e-07
9.92631394e-07
1.19940614e-06
-2.28917287e-06
-2.44422559e-06
-2.14486733e-07
5.05798902e-06
-2.03487375e-06
-3.80274622e-06
1.24490960e-05
2.00642398e-05
4.69646839e-06
-2.31035560e-05
-4.27093644e-05
-3.32151791e-05
-1.52054048e-06
2.57826705e-05
4.55634672e-05
5.38983347e-05
3.81378522e-05
3.66448138e-06
-3.24549044e-05
-4.91788999e-05
-5.60931839e-05
-6.87648660e-05
-4.34391227e-05
1.84804770e-05
1.02543889e-04
1.20541021e-04
2.57963904e-05
-3.07416615e-05
1.08539334e-05
1.60636076e-05
-7.32214189e-05
-1.81132115e-04
-1.80682179e-04
5.77796154e-06
2.26481004e-04
2.98285073e-04
2.06067587e-04
1.93800539e-05
-1.48626483e-04
-2.41157133e-04
-2.65291138e-04
-2.07096414e-04
-7.99307923e-05
9.38143170e-05
2.67625481e-04
3.17116385e-04
2.00733403e-04
2.17890010e-05
-1.07467257e-04
-1.26442194e-04
-9.27230190e-05
-8.23804332e-05
-7.43191464e-05
-4.72382055e-05
-1.92282489e-05
-1.29039746e-05
-8.02996246e-06
1.96205606e-05
5.81992462e-05
1.06899229e-04
1.48368337e-04
1.19418164e-04
-5.40013965e-06
-1.18591509e-04
-1.58467652e-04
-1.12233306e-04
-2.20730159e-05
5.25648294e-05
8.37682216e-05
5.42302129e-05
-1.09149897e-05
-7.60657670e-05
-6.99519322e-05
-9.75933115e-06
4.60527612e-05
7.30736505e-05
8.18874520e-05
7.22904200e-05
9.75369255e-06
-6.93302291e-05
-9.31444531e-05
-6.56826081e-05
-3.25727315e-05
1.74389762e-05
5.30422513e-05
4.15424932e-05
1.45459460e-06
-2.02355814e-05
-2.43104964e-05
-1.47758401e-05
-1.26101262e-06
2.15195952e-05
3.92689149e-05
4.03836302e-05
1.56402891e-05
1.41741237e-06
9.57680152e-07
2.11254969e-07
-7.27003448e-07
-1.65165716e-06
-2.25246170e-06
-2.18538523e-06
-1.32178552e-06
1.89761038e-08
1.19082375e-06
1.64699762e-06
1.33359998e-06
6.79024120e-07
1.89216995e-07
4.08948734e-08
5.30632572e-08
-1.46429990e-08
-1.68283457e-07
-2.56267223e-07
-2.44773079e-07
-2.71518128e-07
-4.45822288e-07
-6.75088566e-07
-7.38424465e-07
-4.78443577e-07
6.25589716e-08
6.63175079e-07
1.10085730e-06
1.23003795e-06
1.06465452e-06
4.08027830e-06
9.62464438e-06
-3.12755667e-06
-3.44726483e-05
-3.58962857e-05
-4.75770230e-06
3.95476051e-05
8.14939690e-05
8.64484325e-05
4.17492347e-05
-5.70588415e-05
-1.58989454e-04
-1.88857132e-04
-1.19644584e-04
1.50294086e-05
1.51994191e-04
2.23097741e-04
2.09871813e-04
1.29383834e-04
1.47817837e-05
-9.81198367e-05
-1.59909962e-04
-1.69378864e-04
-2.04236652e-04
-2.80910159e-04
-2.00490675e-04
1.24363094e-04
5.20118443e-04
6.56279804e-04
3.44500942e-04
-2.88590739e-04
-7.68141512e-04
-7.12984594e-04
-1.52832615e-04
5.27633883e-04
8.63033383e-04
6.64532507e-04
8.33136964e-05
-4.94601221e-04
-7.11616061e-04
-5.63111413e-04
-2.32320524e-04
9.61963490e-05
2.59623045e-04
2.23169246e-04
1.49999904e-04
1.62868765e-04
1.79415778e-04
1.64120779e-04
1.26342968e-04
2.85727429e-05
-9.85537586e-05
-2.17576196e-04
-2.51315308e-04
-1.94973865e-04
-9.79685653e-05
9.42753678e-06
7.49722281e-05
5.97106201e-05
2.60407703e-05
3.30782113e-05
5.23006752e-05
5.69084613e-05
4.83329860e-05
3.89356006e-05
9.01125452e-06
-3.58879442e-05
-2.77932135e-05
5.34658510e-05
1.14359493e-04
9.64119420e-05
6.30395298e-06
-1.09601765e-04
-1.73413183e-04
-1.64672512e-04
-1.36666430e-04
-1.16363216e-04
-5.36627963e-05
7.15166698e-05
1.96017117e-04
2.38360633e-04
1.95979531e-04
1.10935206e-04
8.10205069e-06
-7.25474708e-05
-1.02513700e-04
-9.31462656e-05
-6.74078446e-05
-5.55976559e-05
-7.21745802e-05
-8.82772970e-05
-7.18141918e-05
-2.74923553e-05
3.69671144e-05
1.01244708e-04
1.34468558e-04
1.32743545e-04
9.67794487e-05
1.15653653e-08
1.82036822e-07
2.65013624e-07
-2.00796560e-08
-5.90945348e-07
-1.08159121e-06
-1.12145686e-06
-6.44876495e-07
2.03067027e-08
4.29141675e-07
4.20804540e-07
2.09782246e-07
1.48933706e-07
4.07955525e-07
8.09338087e-07
9.66523481e-07
6.33194097e-07
-6.20709623e-08
-7.48844516e-07
-1.10334098e-06
-1.05067389e-06
-7.48159302e-07
-4.06669678e-07
-1.60199737e-07
2.03129129e-08
2.66677910e-07
6.51984595e-07
1.06401029e-06
1.28032915e-06
1.12350837e-06
2.10963481e-06
5.09851355e-06
-6.22613973e-07
-1.78074916e-05
-2.14015008e-05
-4.02402832e-06
2.00877129e-05
3.78004871e-05
3.97508614e-05
2.33935175e-05
-1.01545632e-05
-5.71513088e-05
-9.49388989e-05
-8.93235738e-05
-3.11395831e-05
4.93679582e-05
1.13494003e-04
1.34777540e-04
1.08872261e-04
4.67295486e-05
-2.80981495e-05
-8.82680363e-05
-1.04721668e-04
-1.10490487e-04
-1.64605100e-04
-1.84930165e-04
-5.43844756e-05
2.24328338e-04
4.72575914e-04
4.15226856e-04
1.83000425e-05
-4.43434333e-04
-6.37079171e-04
-3.95256516e-04
1.41651026e-04
6.12556913e-04
7.07541391e-04
3.81418586e-04
-1.29495028e-04
-5.28142683e-04
-6.19759209e-04
-4.23614072e-04
-1.12976326e-04
1.36597672e-04
2.28281053e-04
2.12712867e-04
1.91337836e-04
1.90842961e-04
2.00344664e-04
1.95965583e-04
1.12940056e-04
-6.21935770e-05
-2.45909169e-04
-3.49004800e-04
-3.35822618e-04
-2.23188412e-04
-4.23506075e-05
1.17576988e-04
2.04789976e-04
2.16470908e-04
1.63798850e-04
6.70682131e-05
-2.11935481e-05
-5.03206924e-05
-2.37215770e-05
1.31026304e-05
1.62775303e-05
1.73895104e-06
-2.10213618e-05
-3.63246642e-05
-3.92299303e-05
-4.32785883e-05
-4.35692432e-05
-4.77181381e-05
-7.22846578e-05
-7.39190227e-05
-1.33068934e-05
9.39039913e-05
1.76636700e-04
1.85032796e-04
1.10333951e-04
2.86768076e-06
-8.63077592e-05
-1.32365310e-04
-1.13450845e-04
-6.13633465e-05
-2.85946798e-05
-9.73254819e-07
2.21940256e-05
1.57776833e-05
-1.00300594e-08
1.27566189e-05
6.88183989e-05
1.14556641e-04
8.91666859e-05
-5.99684104e-06
-1.16861542e-04
-1.68156299e-04
5.45144542e-06
3.94618913e-06
1.14569052e-06
-1.43813765e-06
-2.51917842e-06
-1.96266147e-06
-7.55880449e-07
-1.13314605e-07
-5.39661066e-07
-1.60201469e-06
-2.45033789e-06
-2.44770681e-06
-1.53430901e-06
-3.28135014e-08
1.58034498e-06
2.76037735e-06
3.04046702e-06
2.40116044e-06
1.25968665e-06
1.91656918e-07
-3.78264637e-07
-3.68689015e-07
-7.93482181e-08
5.42572592e-08
-3.10251584e-07
-1.19578077e-06
-2.15084718e-06
-2.53250194e-06
-2.11990639e-06
-1.22776803e-06
-2.66744612e-07
9.10172230e-07
6.98846513e-06
1.05155883e-05
-1.18928235e-05
-3.58272961e-05
-1.47743169e-05
5.10145149e-05
4.78955292e-05
1.51507721e-05
1.85530509e-05
-2.78384672e-06
-3.75342225e-05
-9.47031613e-05
-1.31280158e-04
-7.06695618e-05
8.81510895e-05
1.81883926e-04
1.24553850e-04
6.83924554e-05
1.47318722e-05
-5.22421212e-05
-7.01516772e-05
-8.17770837e-05
-9.79994444e-05
-7.19901980e-05
-3.56800668e-05
-6.44891974e-05
-3.91843737e-05
6.41835744e-05
2.01835538e-04
2.52448699e-04
2.50749461e-04
2.00218548e-04
-1.19380168e-04
-5.62592328e-04
-7.26331606e-04
-3.08937800e-04
2.94002146e-04
6.62607131e-04
6.87931166e-04
3.46420975e-04
-1.00124142e-04
-4.31460219e-04
-5.27994039e-04
-4.49832654e-04
-1.98039069e-04
1.06180678e-04
2.43167093e-04
3.00154349e-04
3.22404907e-04
2.25785988e-04
6.86482296e-06
-1.86614209e-04
-1.85905755e-04
-9.58735874e-05
1.15463515e-05
1.11935336e-04
-5.64032216e-07
-1.25278916e-04
-1.33837524e-04
-5.38267221e-05
3.06905323e-05
4.32929042e-05
4.84935566e-05
3.06040359e-05
1.83906037e-05
1.32495460e-05
4.86766268e-05
1.22120083e-04
1.28500820e-04
-6.82542260e-05
-1.71852914e-04
-1.22079500e-04
6.59683273e-05
7.67344246e-05
-6.51146966e-06
-7.08271224e-05
-8.13948620e-05
-1.00901490e-04
-3.16303321e-05
7.84497665e-05
1.91540937e-04
1.42894909e-04
1.75309364e-05
-6.75847020e-06
-1.02185386e-04
-8.03203455e-05
-4.79420424e-05
-1.04036431e-05
-5.00189009e-05
-4.41892546e-05
5.57078609e-05
1.15083771e-04
4.65618022e-05
-7.42723884e-05
-7.72827016e-05
5.97194644e-05
