-2.31317031e-06
-1.02443426e-06
-2.94801743e-08
4.29214485e-07
5.51464587e-07
7.04331256e-07
1.11664976e-06
1.69944666e-06
2.06986137e-06
1.85605382e-06
1.06239686e-06
2.41181550e-08
-8.93219501e-07
-1.43903615e-06
-1.51496877e-06
-1.23729608e-06
-8.60596541e-07
-5.92820301e-07
-6.12510450e-07
-7.44173557e-07
2.32617283e-08
1.87054482e-06
4.40990291e-06
2.65107564e-06
-4.86677984e-06
-7.19719105e-06
7.59014301e-07
-7.70302995e-07
-1.20886865e-05
8.60315948e-06
8.66093377e-05
5.41014240e-05
-1.14313230e-04
-1.92375188e-04
5.61740013e-05
1.44949041e-04
-8.69707669e-05
-1.10361825e-05
2.36645826e-04
3.10847710e-04
-2.47086910e-05
-3.98255474e-04
-5.14660102e-04
-2.59541296e-04
1.29458642e-04
4.29116937e-04
4.57615104e-04
2.52419797e-04
-4.25764839e-05
-2.08613554e-04
-1.46380127e-04
-2.92341783e-05
-1.83362598e-05
-5.97385529e-05
-1.69497027e-04
-2.55681646e-04
-2.12464918e-04
-3.54587125e-05
1.77261961e-04
3.53058351e-04
3.87977318e-04
2.71939164e-04
6.64808883e-05
-7.98583838e-05
-1.30773911e-04
-1.33542223e-04
-1.59101977e-04
-1.99865863e-04
-2.61001708e-04
-2.57467235e-04
-9.33413658e-05
1.68065064e-04
3.57617629e-04
3.47242401e-04
1.67873473e-04
-5.18257205e-05
-1.78239616e-04
-1.17313965e-04
4.36935749e-05
1.78309889e-04
1.59163519e-04
-1.09726761e-05
-1.52844648e-04
-2.41092188e-04
-2.77757098e-04
-1.82738030e-04
-1.15299318e-05
1.55270032e-04
2.20978291e-04
1.71768681e-04
1.19274748e-04
8.12052445e-05
7.81511126e-06
-6.72781747e-05
-8.63424309e-05
-6.51324937e-05
-2.41192436e-05
3.89043062e-06
-7.09052424e-06
-5.94203248e-05
-7.66437791e-05
-3.55329414e-05
4.11219100e-05
9.74835495e-05
8.30419950e-05
1.76736740e-06
-6.60554609e-05
-5.51937358e-05
-7.36298106e-06
9.61078995e-06
2.46004814e-05
6.66504426e-05
9.07104203e-05
6.61510008e-05
4.27540296e-06
-5.61767441e-05
-9.79883178e-05
-1.18532351e-04
-1.02397815e-04
-5.46148137e-05
1.21500589e-05
7.55924253e-05
1.21386523e-04
1.02359526e-04
2.93017980e-05
-2.77046690e-05
-3.11207929e-05
1.85006789e-06
1.63206659e-06
1.90161520e-06
2.02219212e-06
1.86559828e-06
1.22373520e-06
-9.87308600e-08
-1.93497787e-06
-3.54845664e-06
-4.06096473e-06
-3.15742224e-06
-1.30936033e-06
6.17687430e-07
1.96518026e-06
2.60036761e-06
2.78644545e-06
2.77873133e-06
2.50809568e-06
1.62963050e-06
4.67311852e-10
-1.90955347e-06
-3.23853205e-06
-2.72487652e-06
1.13810167e-06
4.26988189e-06
-3.59433481e-06
-2.25922701e-05
-2.73532250e-05
-6.70403887e-07
3.32749293e-05
4.32156262e-05
3.88254117e-05
3.96707923e-05
2.46430370e-05
-1.12217884e-05
-9.24583301e-05
-2.09236764e-04
-2.20213654e-04
-2.93143354e-05
3.84430842e-04
5.49446664e-04
2.03126640e-04
-5.72890632e-04
-6.67449926e-04
-2.98382315e-05
4.01366640e-04
3.69663604e-04
2.32899845e-05
-2.16391688e-04
-1.22243591e-04
6.03111811e-04
8.41411377e-04
-1.42386676e-05
-1.42826183e-03
-2.00202670e-03
-1.12870141e-03
6.88340732e-04
2.42383278e-03
2.70993189e-03
1.09716325e-03
-1.11682828e-03
-2.37514163e-03
-2.02200434e-03
-4.55085278e-04
1.13218505e-03
1.64620248e-03
8.83529236e-04
-3.83607195e-04
-1.12473391e-03
-9.71426928e-04
-2.26751985e-04
5.40882300e-04
8.88349401e-04
6.87265918e-04
7.31327756e-05
-4.11245551e-04
-4.62153526e-04
-8.53598851e-05
1.20104257e-04
5.69962095e-05
-3.42370448e-05
-5.00170243e-05
-1.25431063e-05
-1.45674318e-05
-8.95037565e-05
-7.37785484e-05
6.75753657e-05
1.91797145e-04
4.84188727e-05
-1.29076804e-04
-1.58043605e-04
-2.20630482e-05
1.73158237e-04
1.74384355e-04
3.59116542e-05
-1.12653350e-04
-1.81117331e-04
-5.05329257e-05
1.33776655e-04
1.78310065e-04
7.12279769e-05
-8.59369840e-05
-1.47756254e-04
-6.74983505e-05
6.46272061e-05
1.56913462e-04
9.68832941e-05
-1.10500736e-04
-3.18386220e-04
-3.07935044e-04
-5.76029804e-05
2.27035910e-04
3.44105591e-04
2.64211108e-04
5.66991031e-05
-9.45076866e-05
-1.27867361e-04
-9.44754504e-05
-1.88268042e-05
3.79690332e-05
3.64122625e-05
-9.26294875e-06
-9.40562233e-06
9.15281189e-06
-4.09591361e-05
-1.46944749e-04
-1.87183427e-04
-7.84873011e-05
9.02303465e-05
-2.42256318e-07
-2.11866231e-07
-2.73583557e-08
1.72289901e-07
2.12366824e-07
6.49689066e-08
-9.34717745e-08
-4.64746424e-08
2.06836862e-07
4.37688861e-07
4.15239268e-07
1.21784810e-07
-2.49386343e-07
-4.62458414e-07
-4.23596134e-07
-2.24256810e-07
-6.51041066e-09
1.43107442e-07
1.82404280e-07
1.08315521e-07
-3.10065017e-08
-1.29179965e-07
1.27263662e-06
7.07919539e-06
4.51475031e-06
-1.71601637e-05
-3.27236500e-05
-1.76942249e-05
6.92865602e-06
5.60696426e-05
1.01437378e-04
7.83265892e-05
-2.27779863e-05
-1.37999337e-04
-1.95034653e-04
-1.37901050e-04
1.84694972e-06
1.24957566e-04
1.81287715e-04
1.61821396e-04
7.67780657e-05
1.37766976e-04
1.23434844e-04
-2.12388816e-04
-4.32966474e-04
-3.46746732e-04
7.45625406e-05
3.18289960e-04
9.61982105e-05
-3.24307765e-04
-4.47119999e-04
6.05970778e-05
7.97283334e-04
1.11682725e-03
6.84082284e-04
-2.32921141e-04
-1.10592462e-03
-1.43597537e-03
-1.02136946e-03
-1.15308240e-04
7.23499124e-04
1.07824463e-03
8.96607635e-04
4.64652301e-04
-4.56705061e-06
-2.95553349e-04
-3.56340702e-04
-2.93797197e-04
-2.42298364e-04
-2.40836965e-04
-2.05206367e-04
-8.34520481e-05
6.34607029e-05
1.59465844e-04
1.71857552e-04
1.54596370e-04
1.41600024e-04
1.60928977e-04
1.01112496e-04
-2.12418391e-05
-1.41992363e-04
-1.68754125e-04
-1.00330069e-04
1.20810614e-05
9.16856243e-05
8.17777913e-05
-7.00464713e-06
-9.91444078e-05
-1.38277246e-04
-1.25969792e-04
-8.57377306e-05
1.72814681e-05
1.22527162e-04
1.68917531e-04
1.27177429e-04
4.46337848e-05
2.93491917e-05
4.61792868e-05
3.03271224e-05
-2.81766394e-05
-9.82866593e-05
-1.33138407e-04
-1.23435862e-04
-6.16038297e-05
4.07239666e-05
9.77967143e-05
6.39352227e-05
-4.98135621e-05
-1.44478302e-04
-8.42550405e-05
9.48166844e-05
2.26028703e-04
2.04574607e-04
6.14210179e-05
-9.35388736e-05
-1.57461570e-04
-1.36360648e-04
-6.23752656e-05
3.73123150e-05
1.10615788e-04
1.06696359e-04
3.20448698e-05
-6.84681812e-05
-1.42004732e-04
-1.58894717e-04
-1.03172865e-04
1.40508672e-05
1.39250565e-04
-7.98241012e-07
-2.66689121e-07
3.95852804e-07
9.73012590e-07
1.23193216e-06
1.04989794e-06
5.12587137e-07
-7.06771370e-08
-3.82040367e-07
-3.74451937e-07
-2.71962045e-07
-3.09539558e-07
-5.25169176e-07
-7.34132999e-07
-6.76221448e-07
-2.30594690e-07
4.66735233e-07
1.06177220e-06
1.18209465e-06
7.20785736e-07
-4.16271393e-08
-6.70631582e-07
-1.98105394e-06
-5.44493355e-06
-2.36475091e-06
1.03144795e-05
2.30444590e-05
9.14094913e-06
-9.31546926e-06
-2.17697823e-05
-4.24944683e-05
-5.10797055e-05
-1.49894629e-05
4.59639805e-05
9.22076822e-05
9.57995899e-05
6.52965161e-05
2.86321764e-05
-8.81318006e-05
-2.26570295e-04
-3.10775070e-04
-7.73565921e-05
2.95496037e-04
3.61803917e-04
2.14989987e-04
1.37468679e-04
-5.82466083e-05
-3.43009708e-04
-4.71850092e-04
-3.91741986e-04
-1.47170127e-04
2.19203253e-04
5.74654346e-04
6.77868437e-04
4.83802423e-04
3.49065031e-05
-4.26574217e-04
-6.23791566e-04
-5.22030988e-04
-1.98152866e-04
1.20775696e-04
2.11477502e-04
8.24513288e-05
-4.74135357e-05
-3.72258010e-05
8.82536693e-05
2.28689862e-04
2.72156532e-04
2.44526400e-04
1.40826915e-04
-4.73592635e-06
-1.21459404e-04
-2.08106382e-04
-2.57688728e-04
-2.62675671e-04
-2.13157716e-04
-1.17235189e-04
-5.67996485e-06
9.53427886e-05
1.20784421e-04
1.22183176e-04
1.50029228e-04
1.88496452e-04
1.99752283e-04
1.55478032e-04
5.00492845e-05
-7.80522889e-05
-1.79178674e-04
-2.05083221e-04
-1.71302192e-04
-9.73343243e-05
-2.33735044e-05
-1.34222695e-06
-1.97732285e-05
-2.63798857e-05
-1.15922070e-06
7.78624929e-05
1.67946391e-04
1.81398817e-04
1.17685866e-04
2.51160379e-05
-4.23867728e-05
-8.49677029e-05
-9.50328324e-05
-9.15035320e-05
-7.86129254e-05
-5.21563964e-05
-4.53982049e-06
4.50257011e-05
6.10653104e-05
3.02535156e-05
-1.55010894e-05
-2.72121173e-05
1.35250996e-05
4.86926876e-05
6.57458199e-05
6.66784532e-05
2.72007965e-05
-3.83921058e-05
-7.38532455e-05
-6.92436388e-05
-6.03522165e-05
-5.36011274e-05
-2.34182018e-05
2.60938763e-05
6.53760386e-05
6.54529254e-05
3.27902854e-05
4.18763292e-07
4.01343947e-07
3.29560916e-07
2.36092656e-07
1.28064232e-07
-2.62003863e-08
-2.48278266e-07
-5.01420489e-07
-6.87233893e-07
-6.85316789e-07
-4.44977896e-07
-5.78121953e-08
2.86789480e-07
4.51409180e-07
4.49407559e-07
3.87947635e-07
3.50566613e-07
3.25594113e-07
2.41344239e-07
7.45417627e-08
-1.28293381e-07
-3.03746226e-07
-4.28510919e-07
-1.47882370e-06
-5.50497421e-06
-3.97627156e-06
1.18903883e-05
2.02595843e-05
1.05470185e-05
1.39859741e-07
-1.65167980e-05
-4.21261448e-05
-4.84499769e-05
-1.86029746e-05
1.32715983e-05
3.70999891e-05
6.39774821e-05
8.86478824e-05
9.20514449e-05
8.24285897e-05
-5.05998986e-05
-3.48939052e-04
-3.89457215e-04
-1.24680902e-04
2.41285864e-04
5.81800885e-04
6.53355233e-04
2.92976885e-04
-2.11452628e-04
-6.88450125e-04
-1.08677101e-03
-1.17847513e-03
-5.93005337e-04
5.73193945e-04
1.75671908e-03
2.30084691e-03
1.83488190e-03
4.15563529e-04
-1.30750769e-03
-2.46790513e-03
-2.56387172e-03
-1.72796532e-03
-4.14308006e-04
8.67244948e-04
1.71200402e-03
1.86857440e-03
1.44782186e-03
7.83853640e-04
1.18491019e-04
-3.84211579e-04
-6.70591454e-04
-7.61657227e-04
-7.36715178e-04
-6.39144198e-04
-4.92228099e-04
-3.15717696e-04
-9.86619928e-05
1.58594301e-04
3.76305536e-04
4.76143639e-04
4.84129100e-04
4.73196755e-04
3.84560610e-04
2.42744617e-04
7.26441159e-05
-1.38866423e-04
-3.35531814e-04
-4.75933522e-04
-5.16916469e-04
-3.77160882e-04
-8.94763200e-05
1.89819390e-04
2.94778631e-04
2.32357572e-04
1.05558224e-04
5.18246715e-06
-3.57177683e-05
-2.44932706e-05
8.68288354e-06
2.07048559e-05
4.29359321e-05
6.73485624e-05
4.73340467e-05
-6.52758761e-06
-4.86665709e-05
-4.03245640e-05
-2.58702765e-07
3.39874675e-05
3.55334988e-05
9.71306339e-07
-8.54804453e-05
-1.89107888e-04
-2.42603206e-04
-1.93257781e-04
-9.89400575e-06
2.11223546e-04
3.59520846e-04
3.52462925e-04
1.97413115e-04
-4.76949032e-06
-1.60946788e-04
-2.21086656e-04
-1.76251696e-04
-7.95075182e-05
4.82885245e-07
2.31926635e-05
-1.95228359e-05
-8.22218290e-05
-1.40562359e-06
-1.35449459e-06
-4.39455661e-07
1.33483271e-06
3.23774271e-06
4.26360530e-06
3.74315291e-06
1.82606485e-06
-5.60844948e-07
-2.28966667e-06
-2.72009321e-06
-2.05272380e-06
-1.05646316e-06
-4.46865299e-07
-3.53690577e-07
-4.18053143e-07
-3.69967007e-07
-1.94195729e-07
7.88153855e-08
4.65149539e-07
9.67762783e-07
1.47138196e-06
2.03921251e-06
3.89845291e-06
2.15033475e-06
-7.42238880e-06
-1.60898886e-05
-7.12927630e-06
1.48476164e-05
2.52655896e-05
2.16714279e-05
1.17088185e-05
-1.17159511e-05
-4.65370723e-05
-5.34862134e-05
-3.22469491e-05
2.55018072e-06
4.50587144e-05
6.58605163e-05
4.80747138e-05
1.08657010e-05
-1.24585743e-05
3.24740218e-05
2.03517439e-05
-6.30290163e-05
-1.19830791e-04
-1.32604986e-04
-4.52771873e-05
1.61323301e-04
2.00722914e-04
5.27958720e-05
-1.21968339e-04
-1.66209631e-04
-8.12226104e-05
2.71576349e-05
1.09951932e-04
2.08625171e-04
2.11950562e-04
8.40945483e-05
-7.87001499e-05
-2.07351195e-04
-2.95810575e-04
-2.79932331e-04
-1.41232206e-04
3.44857333e-05
1.74071189e-04
2.58906980e-04
2.38427268e-04
1.48619136e-04
7.07969143e-05
1.41714808e-06
-4.20013668e-05
-9.79681265e-05
-1.13229921e-04
-1.26426762e-04
-1.29825103e-04
-9.65940212e-05
-3.78747202e-05
2.64058857e-05
3.96767286e-05
5.09092708e-05
5.81044906e-05
7.50409574e-05
7.46096089e-05
5.85524282e-05
5.84820718e-05
6.34105381e-05
4.56328629e-05
-1.19038645e-10
-8.12639432e-05
-1.62102207e-04
-1.82642058e-04
-1.51303125e-04
-4.55368554e-05
7.83829171e-05
1.50423083e-04
1.59421554e-04
1.06063707e-04
-4.21083577e-06
-8.97870764e-05
-8.76804215e-05
2.29581547e-06
9.48060293e-05
1.07742110e-04
2.94453439e-05
-8.97075323e-05
-1.75608461e-04
-1.63269679e-04
-4.73499266e-05
1.10749669e-04
1.92686327e-04
1.39275018e-04
9.59927170e-06
-1.07309099e-04
-1.32017089e-04
-4.81989668e-05
7.36855113e-05
1.31752936e-04
6.37484533e-05
-7.29774713e-05
-1.50786275e-04
-1.15507548e-04
-1.10868039e-05
9.20094190e-05
1.36454978e-04
9.39382294e-05
1.96908212e-05
-3.53898952e-05
2.04238994e-07
2.24054124e-07
2.78235924e-07
2.69996117e-08
-5.80461961e-07
-1.18328661e-06
-1.33052186e-06
-8.92279343e-07
-1.45724281e-07
4.87444407e-07
7.49572726e-07
6.50094249e-07
3.55706178e-07
8.57153717e-08
2.65374653e-10
8.72885666e-08
2.18825229e-07
3.00392538e-07
3.13539240e-07
2.51116980e-07
4.92210150e-08
-3.45195209e-07
-8.33555320e-07
-1.03368456e-06
2.37116923e-06
7.66141722e-06
-1.51794243e-06
-2.59981178e-05
-2.95708850e-05
-1.95482709e-06
2.60147147e-05
6.36383479e-05
8.19613265e-05
4.12505933e-05
-4.36457800e-05
-1.22678987e-04
-1.55570631e-04
-1.13662021e-04
-6.19742633e-06
1.12029939e-04
1.66699219e-04
1.41134203e-04
1.19541810e-04
1.29790823e-04
8.33525992e-05
-8.00721567e-05
-3.46805484e-04
-5.54018410e-04
-4.67927838e-04
-3.70512894e-05
5.16664650e-04
8.54796162e-04
7.20802395e-04
1.92905382e-04
-4.41171804e-04
-8.08980215e-04
-7.31015792e-04
-3.00764639e-04
1.94787379e-04
4.79461475e-04
4.51557951e-04
2.14631916e-04
-8.31295730e-06
-9.70352175e-05
-4.96518701e-05
4.23541776e-05
6.39834542e-05
-3.39361395e-05
-1.76752813e-04
-2.31044073e-04
-1.86856785e-04
-5.27860120e-05
7.33726122e-05
1.14587168e-04
9.59094001e-05
8.19051579e-05
9.17418317e-05
1.19863470e-04
1.16037336e-04
4.99168258e-05
-4.78662575e-05
-1.19360343e-04
-1.54438433e-04
-1.43037095e-04
-9.20534749e-05
-3.07391490e-05
3.91088906e-05
8.53330672e-05
9.04509592e-05
5.56854956e-05
7.46484144e-06
-2.10085013e-05
-1.74395947e-05
9.99929154e-06
4.15392241e-05
5.80332840e-05
4.33938010e-05
-9.47565153e-06
-7.20595735e-05
-1.07675388e-04
-8.95768291e-05
-2.54121319e-05
4.32045770e-05
8.24797065e-05
6.93178081e-05
1.77497772e-05
-3.40131348e-05
-6.51681134e-05
-4.95865389e-05
2.05866135e-05
8.78789716e-05
9.68967574e-05
5.14137575e-05
-1.32302469e-05
-7.67911624e-05
-1.12266088e-04
-9.68768370e-05
-3.40606416e-05
3.88072662e-05
6.87214283e-05
4.65663553e-05
1.70414178e-05
1.91253726e-05
5.45049709e-05
6.37790071e-05
1.47480068e-05
-5.84011160e-05
-1.07039024e-04
-3.85555284e-08
-3.43512222e-07
-5.98057172e-07
-6.75230764e-07
-5.34925529e-07
-2.07835058e-07
2.21851720e-07
5.99108185e-07
7.52275580e-07
6.19377421e-07
3.01853707e-07
-1.70559006e-08
-2.08839094e-07
-2.74072821e-07
-2.98743825e-07
-3.36384910e-07
-3.48809779e-07
-2.56406442e-07
-4.86353554e-08
1.83153677e-07
3.27615256e-07
3.25700293e-07
2.09954608e-07
8.13890401e-08
-8.75908258e-07
-5.01649062e-06
-1.35345136e-06
1.07501028e-05
2.21433981e-05
8.12005664e-06
-1.97068018e-05
-2.14246083e-05
-2.95643167e-05
-3.95731152e-05
-1.97017337e-05
3.38261051e-05
8.30637988e-05
9.55887415e-05
6.85088233e-05
4.31404296e-06
-8.93040417e-05
-1.16688740e-04
-1.18517828e-04
-1.16503216e-04
-1.30177241e-04
-1.76148092e-05
3.53182884e-04
4.85102693e-04
1.84176768e-04
-1.76858203e-04
-2.42426787e-04
-1.41818853e-04
-2.27618100e-04
-3.62436024e-04
-2.76465568e-04
-2.01018752e-05
3.39058947e-04
6.55673519e-04
7.39111010e-04
4.91069712e-04
-1.02532876e-04
-7.33776065e-04
-9.58136783e-04
-6.81460276e-04
-1.09010378e-04
3.76922786e-04
5.22197810e-04
3.80562422e-04
1.41330205e-04
-4.60783787e-05
-7.78885893e-05
1.38541801e-05
1.35651825e-04
1.76039499e-04
7.79328967e-05
-9.96747199e-05
-2.82465764e-04
-3.51910867e-04
-2.13165054e-04
3.10733507e-05
1.60128090e-04
1.20049066e-04
7.18180121e-06
-7.02151277e-05
-4.98547412e-05
7.46684588e-05
1.99717033e-04
2.20516206e-04
1.23900878e-04
-2.04472241e-05
-1.11544269e-04
-1.41705307e-04
-1.16304410e-04
-6.20725633e-05
-2.35014013e-05
-9.91187459e-06
-1.76950991e-05
-1.82450648e-05
-1.23726624e-05
7.73810792e-06
4.08985350e-05
8.63910420e-05
1.04137131e-04
6.88187605e-05
-4.13493850e-06
-7.96664813e-05
-1.11361469e-04
-7.87969585e-05
-6.77617991e-06
8.31529131e-05
1.37125232e-04
1.03702249e-04
6.92842524e-07
-9.57411402e-05
-1.24469635e-04
-8.85394827e-05
-4.97230262e-05
-2.68372853e-05
7.43589951e-09
3.26496188e-05
7.54857653e-05
1.15627963e-04
1.20939342e-04
6.11985634e-05
-4.01523972e-05
-1.01993097e-04
-8.50727998e-05
-2.19130910e-05
-2.03452559e-07
-1.80373556e-06
-3.08651167e-06
-3.45321257e-06
-2.74113953e-06
-1.34119562e-06
1.57944823e-07
1.37226778e-06
2.11993701e-06
2.33282317e-06
2.02244843e-06
1.34822678e-06
6.21290099e-07
6.77062074e-08
-3.25093967e-07
-7.34647376e-07
-1.31569563e-06
-1.94975049e-06
-2.21658119e-06
-1.65499800e-06
-1.38619165e-07
1.80050565e-06
3.15700313e-06
3.15392445e-06
1.78431513e-06
-3.06463963e-07
-2.23786109e-06
-3.14717141e-06
-8.04745077e-07
2.68605974e-06
-1.70104202e-06
-1.41397910e-05
-1.46725018e-05
1.44167565e-06
1.80814647e-05
3.46312379e-05
4.12741034e-05
2.40420577e-05
-1.66594543e-05
-6.48099777e-05
-9.01282155e-05
-7.11213317e-05
-1.07995341e-05
5.80759939e-05
1.01938728e-04
1.06603023e-04
7.19399123e-05
2.53331040e-06
-5.89155038e-05
-8.09981325e-05
-6.51475899e-05
-1.93657628e-05
1.79266205e-05
-1.95586797e-05
-1.01896165e-04
-1.32683548e-04
-2.23398697e-05
1.61956520e-04
2.76032015e-04
2.50189299e-04
8.66514399e-05
-1.20410627e-04
-2.46279278e-04
-2.43994215e-04
-1.26758986e-04
3.30599005e-06
7.68437828e-05
9.30426837e-05
6.82397416e-05
2.93771457e-05
9.29152286e-06
1.21746292e-05
1.92333731e-05
2.15833153e-05
2.59505966e-05
7.58693007e-06
-6.65634877e-06
4.06937403e-06
-1.00883902e-05
-8.05723757e-05
-1.21990243e-04
-7.49354627e-05
1.45206001e-05
6.65963185e-05
6.75603620e-05
6.39210577e-05
4.30045704e-05
1.96730626e-05
-5.23750457e-06
-1.01422721e-05
-7.39367816e-06
-2.76482163e-05
-4.89315223e-05
-3.84786465e-05
1.87082547e-07
3.05188964e-05
1.98715357e-05
-4.33943278e-06
2.20064860e-06
3.15580590e-05
3.34452929e-05
-9.95769095e-07
-5.02771535e-05
-7.30623288e-05
-4.51811675e-05
2.13862856e-05
5.86554524e-05
4.10499971e-05
5.25146158e-06
-1.38037690e-05
2.86734714e-06
3.71707504e-05
5.62528995e-05
3.21535323e-05
-2.11845359e-05
-6.00805098e-05
-7.15818612e-05
-5.99818982e-05
-3.95483220e-05
-2.45693900e-05
-1.37405320e-05
2.54553016e-05
8.77866505e-05
1.26785678e-04
1.04460919e-04
2.43569548e-05
-6.16346743e-05
-1.06610052e-04
-3.30859785e-07
1.49593035e-06
4.11094709e-06
6.56614428e-06
7.28897952e-06
5.12864708e-06
3.43266127e-07
-4.92261385e-06
-7.76196176e-06
-6.83885876e-06
-3.26544010e-06
4.69271456e-07
2.09839698e-06
1.32784459e-06
-3.27587542e-07
-1.03778950e-06
2.20690946e-07
2.92826053e-06
5.47975560e-06
6.36971463e-06
5.04008747e-06
1.60707476e-06
-3.31492476e-06
-8.29123796e-06
-1.11814655e-05
-9.99256851e-06
-4.29459988e-06
4.00947729e-06
1.10335451e-05
1.27827373e-05
7.52381188e-06
-2.50277602e-06
-1.06505172e-05
-9.31799229e-06
4.36163500e-07
7.75143132e-06
1.17330253e-05
9.82555326e-06
-1.09950650e-06
-1.38980207e-05
-2.34089043e-05
-2.30005210e-05
-7.03724883e-06
1.34312584e-05
3.04696967e-05
3.83688676e-05
3.09428079e-05
-5.52580332e-07
-2.95495770e-05
-3.29435629e-05
-2.14025228e-05
-7.79376071e-06
1.07635557e-05
-9.59188986e-06
-6.45946132e-05
-9.21134949e-05
-1.52851768e-05
1.42727447e-04
2.47303924e-04
2.13694785e-04
4.99070880e-05
-1.70712734e-04
-3.22131805e-04
-3.28482268e-04
-1.79289188e-04
3.71555127e-05
2.11419379e-04
2.92504016e-04
2.62700937e-04
1.48274958e-04
1.46267136e-05
-9.98571278e-05
-1.69033367e-04
-1.75367630e-04
-1.25533515e-04
-7.46140083e-05
-2.34236534e-05
4.44712281e-05
7.72737179e-05
4.17348882e-05
8.94277334e-06
3.60267637e-05
9.00047340e-05
1.06852763e-04
6.91102695e-05
1.48169026e-05
-5.59012960e-05
-1.04939284e-04
-1.19336694e-04
-8.69736658e-05
-3.48663373e-05
-1.00948162e-05
-1.32868635e-06
1.86675182e-05
6.27463656e-05
1.02082348e-04
8.84230135e-05
3.85684335e-05
3.46264645e-06
-5.49899047e-06
-1.80648225e-05
-4.72581088e-05
-8.36059195e-05
-9.38089136e-05
-6.00487413e-05
1.12178734e-05
5.20878031e-05
4.18356438e-05
2.15006137e-05
1.90241231e-05
4.61984709e-05
7.53577551e-05
7.30842233e-05
2.34388547e-05
-5.09619282e-05
-1.01613305e-04
-1.03786977e-04
-6.64297578e-05
-2.61986107e-05
-6.49749300e-06
-9.47351577e-06
1.10937372e-05
7.50858048e-05
1.30641373e-04
1.26161991e-04
5.40954283e-05
-3.54444055e-05
-9.41090389e-05
4.44518244e-08
1.43297148e-07
2.64527485e-07
4.33077749e-07
5.55471520e-07
4.82091606e-07
1.61838308e-07
-2.45187605e-07
-4.59967057e-07
-3.27430406e-07
3.77488345e-08
3.63115413e-07
4.29371802e-07
2.12073352e-07
-1.28638554e-07
-3.79458444e-07
-4.11828328e-07
-2.56793449e-07
-8.37778696e-08
-5.53788343e-08
-1.69941685e-07
-2.48943743e-07
-9.69543697e-08
2.99101522e-07
7.15827507e-07
8.36032575e-07
5.11223029e-07
-8.34306989e-08
-5.59706808e-07
-6.25451289e-07
-3.40652589e-07
-6.42251416e-07
-1.02692881e-06
1.98683169e-06
3.56020964e-06
2.14523394e-06
-3.52536105e-06
-2.20594472e-06
1.76365302e-06
-9.59302025e-06
-1.97880645e-05
-1.01422936e-05
1.61180305e-05
3.84996941e-05
4.17845796e-05
2.34877976e-05
-7.35346464e-06
-4.20323018e-05
-6.65671347e-05
-5.74461307e-05
-2.68016985e-05
5.28737723e-06
4.84437287e-05
7.99893315e-05
5.95885612e-05
2.42285642e-05
-4.62743383e-05
-4.58484681e-05
5.02059172e-05
6.41250308e-05
-2.45059011e-06
-8.07083896e-05
-1.06174591e-04
-7.44037419e-05
-3.58176613e-05
2.27736604e-05
5.47003064e-05
2.69166304e-06
-4.10108193e-05
4.77067915e-05
2.27831637e-04
3.02536415e-04
1.31006772e-04
-1.65443834e-04
-3.80732080e-04
-3.61015111e-04
-1.45738897e-04
8.56540259e-05
2.25610320e-04
2.01944519e-04
5.22889661e-05
-7.28420122e-05
-6.36338414e-05
6.39536450e-05
1.71273103e-04
1.06409808e-04
-6.69266913e-05
-1.66142317e-04
-1.46706653e-04
-7.78853632e-05
3.68166312e-06
9.82392252e-05
1.36820319e-04
6.11549785e-05
-8.03826288e-05
-1.47158278e-04
-3.95405866e-05
6.70890567e-05
5.41086229e-05
3.08402206e-06
-1.59123493e-05
1.59506986e-05
3.45653968e-05
5.31889669e-05
4.95046611e-05
4.12238634e-06
-3.22872251e-05
-3.21288920e-05
-3.90881929e-05
-9.52001761e-05
-1.15320745e-04
-1.36293816e-05
1.06464123e-04
1.25479930e-04
5.39951208e-05
-4.19386580e-05
-9.61644083e-05
-5.65437115e-05
3.10251865e-05
8.93730343e-05
1.07249796e-04
7.14610202e-05
5.13620201e-06
-6.82854680e-05
-1.20035365e-04
-1.16812190e-04
-5.46343449e-05
2.88539988e-05
8.98424733e-07
9.86319048e-07
7.86987200e-07
3.71758749e-07
-9.75382199e-08
-4.24401976e-07
-5.21291338e-07
-4.67324165e-07
-4.46573950e-07
-5.63023921e-07
-6.97446833e-07
-6.15266867e-07
-2.12065705e-07
4.08568789e-07
1.02117273e-06
1.35263646e-06
1.18020123e-06
5.28998123e-07
-2.70576819e-07
-7.86557495e-07
-7.96788941e-07
-4.33295189e-07
-4.22838425e-08
6.25996006e-08
-1.59326915e-07
-4.71539534e-07
-6.00996803e-07
-4.72265161e-07
-1.60771129e-07
2.97719289e-07
2.98209668e-06
9.01340069e-06
3.32560070e-06
-2.12541093e-05
-3.36136847e-05
-1.64657133e-05
2.00613213e-05
6.25002659e-05
7.70598103e-05
5.48771972e-05
-1.05888292e-05
-9.54852211e-05
-1.55929044e-04
-1.41754386e-04
-5.30555228e-05
6.50365275e-05
1.55140925e-04
1.86597923e-04
1.59941834e-04
8.57250854e-05
-1.64414743e-05
-1.52752331e-04
-2.49593179e-04
-1.36274849e-04
1.67568083e-04
2.43380291e-04
-6.76499739e-05
-5.27307380e-04
-7.19536164e-04
-2.69260348e-04
6.63926780e-04
1.35706760e-03
1.25328740e-03
3.68608100e-04
-7.47231397e-04
-1.43169640e-03
-1.34991085e-03
-6.56284300e-04
2.22033480e-04
8.27468349e-04
9.14942620e-04
5.70847449e-04
9.39458817e-05
-2.39244196e-04
-2.76865151e-04
-6.79059024e-05
1.79027901e-04
2.33822000e-04
5.20069106e-05
-2.48574728e-04
-4.72518542e-04
-4.90237128e-04
-2.81482749e-04
2.33069548e-05
2.90622513e-04
4.19297680e-04
3.94336812e-04
2.37782694e-04
6.04415093e-05
-6.63187509e-05
-1.44255882e-04
-1.91120850e-04
-1.58380944e-04
-5.74725815e-05
7.40463954e-06
1.25557872e-05
1.01977305e-05
1.37194283e-05
-7.08270755e-06
-2.34004860e-05
-2.77809823e-05
-3.33107660e-05
-1.27206502e-06
6.02912890e-05
9.61012771e-05
8.34410591e-05
4.61442522e-05
6.14530147e-06
-2.67453644e-05
-5.07885820e-05
-5.07215759e-05
-1.94053382e-05
1.24290655e-05
7.81396319e-06
-2.50302823e-05
-6.46456671e-05
-6.98296956e-05
-2.93413455e-05
1.86369673e-05
4.32856808e-05
6.09727161e-05
8.36526181e-05
9.63652399e-05
8.45584381e-05
2.55531826e-05
-6.46045114e-05
-1.25997103e-04
-1.22162190e-04
1.51104339e-07
4.42940057e-07
4.01529242e-07
9.76625990e-09
-4.67183478e-07
-6.92952654e-07
-5.06781050e-07
-3.90028879e-08
3.63476377e-07
4.21509680e-07
1.38187974e-07
-2.51346327e-07
-4.80212427e-07
-3.89623111e-07
8.69083490e-09
5.31060303e-07
8.99220239e-07
9.20719115e-07
5.98389162e-07
8.07327125e-08
-4.40861874e-07
-8.36800372e-07
-1.02637676e-06
-9.63726432e-07
-6.50714281e-07
-1.75032550e-07
2.92746724e-07
6.07050420e-07
7.41023169e-07
7.68213452e-07
1.82206190e-06
5.01835277e-06
2.12116204e-06
-1.19866323e-05
-2.02652649e-05
-1.10728897e-05
9.29875057e-06
3.03975669e-05
4.10143360e-05
3.62134326e-05
8.50345768e-06
-3.62166795e-05
-7.63201768e-05
-8.78661111e-05
-6.14869750e-05
-4.78722612e-06
5.86085809e-05
1.04808268e-04
1.16866775e-04
9.28129754e-05
4.37360014e-05
-3.32558704e-05
-1.35449712e-04
-1.40828569e-04
2.83016660e-05
1.65678040e-04
6.60863382e-05
-2.96942052e-04
-6.53908583e-04
-4.49642701e-04
2.79068686e-04
1.00105224e-03
1.17521810e-03
6.36703606e-04
-2.68709887e-04
-1.01235287e-03
-1.21908149e-03
-8.29785065e-04
-1.33735404e-04
4.69621751e-04
7.51077345e-04
6.82033400e-04
3.71967744e-04
3.22157181e-06
-2.21887469e-04
-2.37821554e-04
-1.28158988e-04
-1.06918773e-05
2.78421220e-05
-4.16626124e-05
-1.27900238e-04
-1.62475475e-04
-1.39853907e-04
-4.28836297e-05
6.41242329e-05
1.31683542e-04
1.53874804e-04
1.30573475e-04
8.35549980e-05
4.65420157e-05
9.59356147e-07
-3.37658254e-05
-4.62969983e-05
-6.42873131e-05
-6.90050170e-05
-5.52950047e-05
-2.35383449e-05
-9.48622874e-06
-2.59753694e-05
-3.61143859e-05
-1.35106018e-05
4.36424063e-05
9.78994311e-05
9.39516797e-05
4.15640134e-05
-1.83353863e-05
-6.71466492e-05
-7.35164583e-05
-2.66059892e-05
2.48085748e-05
4.74291117e-05
5.40761859e-05
3.98261990e-05
-1.39098798e-08
-4.21799203e-05
-6.53567550e-05
-6.78516202e-05
-5.17629784e-05
-1.71539023e-05
2.78881384e-05
5.54529588e-05
5.90705147e-05
5.00429155e-05
3.64530447e-05
2.19659051e-05
5.35362897e-06
-1.96786666e-05
-5.10704029e-05
-5.93932352e-06
-2.71561534e-06
1.70511803e-06
3.89382093e-06
2.36999987e-06
-9.54237855e-07
-2.77818559e-06
-1.46519979e-06
1.67384983e-06
3.78877153e-06
3.25613866e-06
1.10321813e-06
-3.98255960e-07
-1.89891302e-07
8.15263920e-07
9.19171204e-07
-7.60610589e-07
-3.37051878e-06
-4.83396893e-06
-3.82001744e-06
-1.17910035e-06
9.86013717e-07
1.56517086e-06
1.41112925e-06
2.07153105e-06
3.69579412e-06
4.53267934e-06
2.89018711e-06
-6.97009437e-07
-3.72959734e-06
-4.26036354e-06
-2.65812756e-06
-9.62994620e-07
-2.01511458e-06
-8.86785633e-06
-2.29428200e-06
2.87087485e-05
5.22493978e-05
6.08499974e-06
-7.69476110e-05
-8.66278345e-05
-3.71828859e-05
2.03755191e-05
4.91019383e-05
9.20789834e-05
1.54788145e-04
1.28170985e-04
-6.60760171e-05
-2.41714060e-04
-2.11139090e-04
-8.24309238e-05
3.06481752e-05
1.45668210e-04
1.66985106e-04
4.79051193e-05
-5.82285266e-05
-4.37773285e-05
2.40580578e-05
-1.87882954e-06
-1.40223372e-04
-4.51010152e-05
3.96884841e-04
7.15700847e-04
2.22245873e-04
-9.07126905e-04
-1.54715863e-03
-9.35985150e-04
5.92745174e-04
1.66472632e-03
1.36102052e-03
1.23557070e-04
-7.28898507e-04
-6.42216869e-04
-5.23086755e-05
1.19062391e-04
-2.33423687e-04
-5.86697676e-04
-4.01557655e-04
1.40067208e-04
6.92260114e-04
7.30720360e-04
1.51988070e-04
-4.87661451e-04
-5.90782894e-04
-4.70475562e-05
5.27606365e-04
4.78359830e-04
-6.62357675e-05
-5.51056780e-04
-5.24386030e-04
-9.17555163e-05
4.41134098e-04
7.16727483e-04
3.56608979e-04
-4.19302802e-04
-8.54719050e-04
-4.43446181e-04
3.47143721e-04
6.90445760e-04
2.76073760e-04
-4.41271569e-04
-6.14553141e-04
-2.97481867e-05
7.97679746e-04
8.26735791e-04
-2.04910466e-04
-1.10128249e-03
-6.34946041e-04
6.41462102e-04
1.04778220e-03
1.53182309e-04
-8.04274187e-04
-8.68357470e-04
-2.31906300e-04
4.27111135e-04
8.53200863e-04
5.78568972e-04
-3.33117152e-04
-9.43910875e-04
-4.54628489e-04
5.82474903e-04
9.60613618e-04
3.92906686e-04
-5.34758638e-04
-8.85475935e-04
-4.36548864e-04
1.65217132e-04
4.37357862e-04
