-9.95885998e-04
-6.73512125e-04
-3.15211104e-04
3.95337149e-05
3.47122556e-04
5.72590653e-04
7.02419737e-04
7.48259460e-04
7.36894795e-04
6.91211292e-04
6.18565894e-04
5.16066521e-04
3.85297000e-04
2.41626926e-04
1.09351843e-04
8.11349260e-06
-5.73179673e-05
-9.70784924e-05
-1.23921687e-04
-1.28859497e-04
-7.92230809e-05
3.32990160e-05
1.81147441e-04
3.41643645e-04
4.91937527e-04
5.16182800e-04
3.32381967e-04
-2.00759571e-05
-3.96954939e-04
-8.14531921e-04
-1.81306289e-03
-3.79942143e-03
-5.57184404e-03
-5.43492334e-03
-3.35948960e-03
-1.45869228e-03
1.53830797e-03
6.21154751e-03
1.08640844e-02
1.21536623e-02
8.75137794e-03
3.36226925e-03
-4.20125574e-04
-1.62807080e-03
-1.54831008e-03
-2.11780099e-03
-4.04926631e-03
-6.47093050e-03
-7.97089905e-03
-7.78960759e-03
-6.02424298e-03
-3.35931770e-03
-8.44954356e-04
9.00199723e-04
1.91195640e-03
2.46696542e-03
2.87067532e-03
3.21934103e-03
3.41119017e-03
3.31867644e-03
2.99844003e-03
2.50895690e-03
1.87389448e-03
1.27994731e-03
7.97546559e-04
3.50129591e-04
-4.59880212e-05
-4.34108846e-04
-9.40445713e-04
-1.57698858e-03
-2.17460352e-03
-2.48033629e-03
-2.40077572e-03
-2.07306525e-03
-1.57727299e-03
-9.34611882e-04
-2.09739298e-04
4.73617660e-04
9.82211699e-04
1.24008135e-03
1.25570404e-03
1.09630855e-03
7.63959459e-04
3.23574368e-04
-7.85546174e-05
-2.82332306e-04
-2.69639159e-04
-1.04568655e-04
9.87348636e-05
2.89027123e-04
4.53879871e-04
5.62176221e-04
5.73153900e-04
4.47613917e-04
1.85006184e-04
-7.90238418e-05
-2.11490190e-04
-1.97813590e-04
-1.31964270e-04
-1.40857616e-04
-2.95383448e-04
-5.22261410e-04
-6.63840867e-04
-6.66374825e-04
-5.69477737e-04
-4.00640453e-04
-1.70705660e-04
8.83256764e-05
3.44011381e-04
5.62967479e-04
7.19692410e-04
7.11763153e-04
5.08822385e-04
2.20055473e-04
-7.40531470e-05
-3.23491958e-04
-4.72576431e-04
-5.30535554e-04
-5.24822356e-04
-4.49759713e-04
-3.07856699e-04
-1.17233225e-04
7.40145222e-05
2.38262389e-04
3.91873905e-04
5.25637961e-04
5.96180000e-04
5.68005057e-04
5.00841261e-05
9.41202689e-05
1.27834604e-04
1.49887621e-04
1.59958334e-04
1.58635541e-04
1.47050993e-04
1.26851129e-04
1.00475272e-04
7.08714979e-05
4.06930879e-05
1.19902975e-05
-1.36536527e-05
-3.51704470e-05
-5.21233803e-05
-6.44576456e-05
-7.19766218e-05
-7.41619005e-05
-7.08125312e-05
-6.28367259e-05
-5.20206530e-05
-4.00671117e-05
-2.96914218e-05
-3.30212769e-05
-7.55760337e-05
-1.50270195e-04
-1.89647103e-04
-1.46017223e-04
-6.77394951e-05
-1.55635301e-05
9.70336278e-05
3.23390555e-04
5.55635232e-04
6.10396790e-04
4.30994370e-04
1.15309177e-04
-1.73169209e-04
-2.40513634e-04
-8.81548738e-05
1.82586019e-04
3.17657718e-04
8.45683940e-05
-5.68754922e-04
-1.01956715e-03
-7.00058324e-04
1.51149009e-04
8.97099872e-04
9.83202923e-04
2.19304045e-04
-5.26522133e-04
-2.56316219e-04
6.36983256e-04
3.64911748e-04
-9.94511258e-04
-2.01530890e-03
-1.88183890e-03
-7.13206696e-04
8.33556343e-04
1.72492213e-03
1.28965596e-03
4.12418971e-04
-2.18051837e-05
-1.28364569e-04
-9.27918176e-05
-5.41644898e-05
-1.87849090e-04
-5.82122284e-05
2.82025701e-04
5.26391307e-04
4.13416998e-04
2.97537314e-05
-1.33500171e-04
1.90495462e-05
2.71524364e-04
3.58190250e-04
3.17863276e-04
2.43056057e-04
-1.38247305e-04
-1.01679477e-03
-1.86280752e-03
-1.94515966e-03
-1.00514662e-03
6.77002456e-05
7.13438065e-04
8.85650779e-04
8.02662756e-04
6.97035502e-04
5.24775631e-04
4.97671574e-04
7.82398545e-04
1.04015511e-03
9.29427049e-04
3.53897642e-04
-4.70751842e-04
-1.26567518e-03
-1.44911974e-03
-7.42057271e-04
5.09574265e-05
3.39222942e-04
9.57292559e-05
-2.32724089e-04
-4.27471284e-04
-2.89198230e-04
8.46331011e-05
3.60856545e-04
2.81983558e-04
4.40233542e-05
-2.53954630e-05
5.41046019e-05
3.46074582e-05
2.11983241e-05
1.05877833e-04
2.13333393e-04
1.64670567e-04
-9.05064019e-05
-2.51967609e-04
-6.28470740e-05
3.25953427e-04
5.29908677e-04
2.59755963e-04
-2.31567349e-04
-4.46640968e-04
-3.90491112e-04
-3.20010255e-04
-2.13005733e-04
7.76016815e-06
2.36590800e-04
2.58148218e-04
5.87921821e-05
5.26588306e-05
4.31895737e-05
3.14855442e-05
1.90829209e-05
7.79791952e-06
-9.84634910e-07
-6.98208761e-06
-1.09397704e-05
-1.38429052e-05
-1.61190271e-05
-1.74284276e-05
-1.70730184e-05
-1.46270022e-05
-1.02819161e-05
-4.90665193e-06
2.26686091e-07
4.07084852e-06
6.24720644e-06
6.95166732e-06
6.50517606e-06
3.47171212e-06
-1.27182240e-05
-6.75104391e-05
-1.73922421e-04
-2.94651567e-04
-3.52194121e-04
-3.20584876e-04
-2.32165022e-04
-9.14341538e-05
1.70445743e-04
5.32186202e-04
8.06002636e-04
8.04164429e-04
5.42673798e-04
2.15497669e-04
6.86003580e-05
2.00024451e-04
5.80369218e-04
7.65515258e-04
4.31536280e-04
-5.34152905e-04
-1.39119551e-03
-1.52159764e-03
-7.90353084e-04
-7.07114528e-05
-1.23997997e-04
-7.18502851e-04
-6.44690331e-04
4.76448429e-04
1.37622354e-03
5.81668012e-04
-1.35946007e-03
-2.72987319e-03
-2.19158450e-03
-1.49484327e-04
1.93904703e-03
2.90059441e-03
2.58316680e-03
1.41660247e-03
2.27465046e-04
-4.56363461e-04
-4.91064263e-04
-1.80546036e-04
1.14577142e-04
1.41349620e-04
-1.36629037e-04
-5.36844486e-04
-7.07369495e-04
-4.74807749e-04
-1.01658716e-04
-1.12514149e-05
-8.83662008e-05
6.22424203e-06
4.32023130e-04
7.81987421e-04
4.40790668e-04
-5.60686253e-04
-1.41205367e-03
-1.50605534e-03
-1.01022155e-03
-4.10991482e-04
1.35327648e-04
4.91502583e-04
8.15866850e-04
1.04981473e-03
9.73133246e-04
7.54819592e-04
5.51735431e-04
3.58008180e-04
1.74698626e-04
-7.42859570e-05
-3.46657515e-04
-4.68888128e-04
-3.73321602e-04
-1.50787996e-04
5.63142291e-05
-2.47234541e-05
-4.75212001e-04
-7.64299891e-04
-5.06062696e-04
-1.13820823e-05
2.72407724e-04
1.62672019e-04
-2.39731393e-05
3.73243712e-07
1.27470233e-04
2.19045121e-04
2.09030629e-04
7.60547306e-05
-7.60975202e-05
-7.02753996e-05
7.80616795e-05
1.74243328e-04
1.56719711e-04
1.31873990e-04
1.73688630e-04
2.41430057e-04
2.56612097e-04
9.52888954e-05
-2.51965796e-04
-5.82144878e-04
-6.30233256e-04
-4.27898674e-04
-1.11810419e-04
1.87752874e-04
3.54682066e-04
3.45717538e-04
2.52104765e-04
4.94923810e-04
6.79496577e-04
8.00600029e-04
8.57894501e-04
8.55099897e-04
7.99020888e-04
6.98784926e-04
5.65283515e-04
4.10533430e-04
2.46818792e-04
8.57061933e-05
-6.28310859e-05
-1.90930237e-04
-2.92970640e-04
-3.65505031e-04
-4.07167004e-04
-4.18596189e-04
-4.02299376e-04
-3.62362573e-04
-3.04004188e-04
-2.33061071e-04
-1.56649185e-04
-8.66517919e-05
-2.65838085e-05
4.55924175e-05
1.56665215e-04
3.06535057e-04
4.84068578e-04
6.39236209e-04
6.85807388e-04
5.81355915e-04
3.36767926e-04
1.22032654e-05
-2.72585834e-04
-4.64338790e-04
-5.80107316e-04
-7.35273879e-04
-1.50601529e-03
-3.29302338e-03
-5.04799723e-03
-5.25103749e-03
-3.15909124e-03
1.21443916e-03
6.54309192e-03
1.09002987e-02
1.23928710e-02
1.04259916e-02
5.93692585e-03
4.94781173e-04
-4.21540753e-03
-7.31616425e-03
-8.63298853e-03
-8.30304902e-03
-7.11655221e-03
-5.63030677e-03
-4.07290967e-03
-2.42662283e-03
-6.97885824e-04
8.64119552e-04
2.21405529e-03
3.27778412e-03
3.92380345e-03
4.11046744e-03
3.93176182e-03
3.52975631e-03
2.97660005e-03
2.32805913e-03
1.51179736e-03
6.14154832e-04
-2.79066149e-04
-1.10182449e-03
-1.74418387e-03
-2.17062687e-03
-2.33429086e-03
-2.26680780e-03
-2.07406151e-03
-1.67683867e-03
-1.03598871e-03
-3.01852258e-04
2.89840642e-04
6.03951385e-04
5.65436706e-04
3.36195413e-04
1.84519562e-04
2.11277239e-04
3.70184955e-04
5.30578466e-04
5.84641906e-04
6.00860570e-04
5.81427170e-04
5.06189846e-04
3.79829787e-04
2.25874638e-04
8.49508306e-05
-3.13107957e-05
-1.01672292e-04
-1.26054411e-04
-1.49265094e-04
-1.83438191e-04
-2.16952213e-04
-2.62247042e-04
-3.68708165e-04
-4.63548776e-04
-3.98809505e-04
-2.45707188e-04
-1.22422462e-04
-5.49217210e-05
2.41866094e-06
9.05863269e-05
1.56493572e-04
1.61371071e-04
1.33936649e-04
1.21495188e-04
1.49982504e-04
1.95622027e-04
2.03178787e-04
1.46487197e-04
7.38269898e-05
2.54917036e-05
1.57550813e-05
2.57606795e-05
2.64928075e-05
1.50339974e-05
-1.43848642e-05
-7.47175801e-05
-1.10429783e-04
-1.11303401e-04
1.42777561e-05
2.67142213e-05
3.64355203e-05
4.29561359e-05
4.59635625e-05
4.55014745e-05
4.20613540e-05
3.64399441e-05
2.94258749e-05
2.15647205e-05
1.32120972e-05
4.77133368e-06
-3.25904961e-06
-1.04193318e-05
-1.63531036e-05
-2.08105816e-05
-2.36474469e-05
-2.47532365e-05
-2.41074817e-05
-2.19741725e-05
-1.88622733e-05
-1.52706853e-05
-1.66784260e-05
-5.49658820e-05
-1.53961856e-04
-2.75552242e-04
-3.24420095e-04
-2.64787074e-04
-1.16236438e-04
1.62662741e-04
5.08230038e-04
7.45308879e-04
7.90778808e-04
6.87044901e-04
4.63200198e-04
1.53807115e-04
-1.55828544e-04
-4.21442302e-04
-8.39223545e-04
-1.41010639e-03
-1.70026522e-03
-1.24488882e-03
-3.98901162e-04
3.02956101e-04
1.06375546e-03
2.10217517e-03
2.80807788e-03
2.58280719e-03
1.64563079e-03
4.53611819e-04
-6.65895051e-04
-1.51009284e-03
-2.07542208e-03
-2.39544893e-03
-2.45484499e-03
-2.25360636e-03
-1.78243555e-03
-1.06141562e-03
-1.91910881e-04
6.46842727e-04
1.25903233e-03
1.60072317e-03
1.69456603e-03
1.57181291e-03
1.37927997e-03
1.21065755e-03
1.05990824e-03
8.00569515e-04
3.99259124e-04
-8.98802135e-05
-5.11392859e-04
-7.24893009e-04
-7.47930309e-04
-6.87726540e-04
-6.02946613e-04
-4.93302423e-04
-4.24990838e-04
-3.84582817e-04
-3.33383661e-04
-2.88837263e-04
-2.72376945e-04
-2.77849295e-04
-2.42878744e-04
-1.18802889e-04
6.10126509e-05
2.22596822e-04
3.22736337e-04
3.88121042e-04
4.49190247e-04
4.90290834e-04
4.82582028e-04
4.18362698e-04
2.96688327e-04
1.41994106e-04
-1.06022418e-05
-1.51388948e-04
-2.45372086e-04
-2.62296458e-04
-2.01834166e-04
-1.13170586e-04
-6.26436197e-05
-8.63280204e-05
-1.51931303e-04
-2.06557722e-04
-2.48895251e-04
-2.95401078e-04
-3.32396964e-04
-3.18475764e-04
-2.06726984e-04
1.52906848e-05
2.97695230e-04
5.21310608e-04
6.01181161e-04
5.48107750e-04
4.35253963e-04
3.19161550e-04
2.09948886e-04
1.03084367e-04
-2.31277269e-05
-1.80480375e-04
-3.56612947e-04
-5.12019846e-04
-5.92811805e-04
-5.59644093e-04
-4.21420992e-04
-2.20869247e-04
1.34119515e-05
2.22187949e-04
-2.48591170e-05
-2.66945372e-05
-2.68481774e-05
-2.48851896e-05
-2.08083528e-05
-1.52729474e-05
-9.34868090e-06
-3.95649245e-06
5.63186659e-07
4.39566080e-06
7.84482066e-06
1.09298575e-05
1.32767869e-05
1.43845383e-05
1.40567142e-05
1.25822422e-05
1.04921997e-05
8.18400330e-06
5.77038829e-06
3.21205094e-06
5.50827420e-07
-1.98450263e-06
-4.05583992e-06
-5.18379213e-06
-2.35897549e-06
1.38369488e-05
5.49926278e-05
1.20305718e-04
1.94625337e-04
2.54361026e-04
2.70500442e-04
2.20870473e-04
1.09606702e-04
-3.20047206e-05
-1.81062812e-04
-3.27560956e-04
-4.26377609e-04
-4.28477203e-04
-3.87169008e-04
-6.82927152e-04
-1.76226507e-03
-3.27741580e-03
-4.24851251e-03
-3.69331268e-03
-1.12944681e-03
2.79719348e-03
6.51710889e-03
9.09493369e-03
1.01362237e-02
8.94223323e-03
5.31574998e-03
2.58949377e-04
-4.70852741e-03
-8.21231558e-03
-9.35400927e-03
-8.31046819e-03
-6.21604963e-03
-4.09657388e-03
-2.25666022e-03
-6.66093976e-04
5.29109500e-04
1.29315480e-03
1.93508140e-03
2.55273457e-03
2.93061847e-03
3.04516211e-03
3.06151929e-03
2.92505596e-03
2.49548946e-03
1.88492957e-03
1.25944076e-03
7.07645953e-04
2.61850017e-04
-1.36260589e-04
-6.00758090e-04
-1.14516066e-03
-1.73545160e-03
-2.27663816e-03
-2.56848123e-03
-2.45774754e-03
-1.94510263e-03
-1.23572709e-03
-5.45473997e-04
9.57615181e-05
6.96324288e-04
1.16472661e-03
1.39919508e-03
1.34304785e-03
1.04577099e-03
6.41641960e-04
2.71542770e-04
-1.88618421e-05
-2.37880386e-04
-3.25009031e-04
-2.02015221e-04
1.01513130e-04
4.32416451e-04
6.20219010e-04
6.00911439e-04
4.44516597e-04
2.32275446e-04
-1.79970807e-05
-3.49385440e-04
-7.39445988e-04
-1.02041313e-03
-1.05252056e-03
-8.28678511e-04
-4.73587465e-04
-1.30732441e-04
1.26766477e-04
2.92230235e-04
3.65772919e-04
3.73427729e-04
3.47947574e-04
3.23447273e-04
3.44926581e-04
4.11471419e-04
4.37753050e-04
3.32853106e-04
1.34392511e-04
-5.91959791e-05
-1.96186047e-04
-2.78065377e-04
-3.24446878e-04
-3.35946678e-04
-3.07216139e-04
-2.44049472e-04
-1.60777516e-04
-1.50795332e-04
-1.44201191e-04
-1.28508148e-04
-1.06878932e-04
-8.22612175e-05
-5.65948685e-05
-3.08118517e-05
-5.52707646e-06
1.81747759e-05
3.86212375e-05
5.42137688e-05
6.41809166e-05
6.87154806e-05
6.86132087e-05
6.48501589e-05
5.83000841e-05
4.94968472e-05
3.85505544e-05
2.55069213e-05
1.09259096e-05
-3.83535561e-06
-1.70226073e-05
-2.88789550e-05
-6.82915065e-05
-1.92475818e-04
-3.86342202e-04
-5.28827995e-04
-5.29601868e-04
-3.89082957e-04
-2.74436881e-05
4.87600256e-04
9.16745620e-04
1.11724442e-03
1.06747033e-03
8.24010599e-04
4.61577368e-04
7.99099946e-05
-2.17401251e-04
-5.68638449e-04
-1.09377262e-03
-1.56808139e-03
-1.57508230e-03
-1.00330200e-03
-2.14135469e-04
8.00949174e-04
1.82964234e-03
2.49537248e-03
2.56250947e-03
1.85188723e-03
5.06905235e-04
-1.04229401e-03
-2.29753732e-03
-2.85509146e-03
-2.73685129e-03
-2.24760908e-03
-1.61321457e-03
-8.96245729e-04
-2.00226614e-04
3.72441576e-04
8.02123376e-04
1.17283798e-03
1.51292530e-03
1.72197358e-03
1.70269644e-03
1.47675399e-03
1.18520405e-03
9.20212629e-04
6.65210771e-04
3.04965738e-04
-1.24474893e-04
-5.06450219e-04
-7.44085953e-04
-8.42318878e-04
-8.16939172e-04
-6.92073857e-04
-6.37736912e-04
-6.83079436e-04
-7.40341236e-04
-7.48609581e-04
-6.03692975e-04
-3.26618446e-04
-3.78235192e-05
1.70936097e-04
3.48875241e-04
5.43532718e-04
6.74326910e-04
6.41289730e-04
5.38348067e-04
4.47724261e-04
3.50155592e-04
2.40871003e-04
1.36892539e-04
1.07634472e-05
-1.44604322e-04
-2.75307941e-04
-3.15610214e-04
-2.50776973e-04
-1.27391334e-04
-1.03333100e-05
4.32580746e-05
3.36630915e-05
-1.95039193e-05
-1.10350839e-04
-2.35401038e-04
-3.33793597e-04
-3.41937769e-04
-2.52519151e-04
-1.07072923e-04
4.22756712e-05
1.47294722e-04
2.10272724e-04
2.62436561e-04
3.43235326e-04
4.03214059e-04
3.65321459e-04
2.41804846e-04
7.22377788e-05
-1.05459617e-04
-2.04319057e-04
-2.00515182e-04
-1.52636413e-04
-1.18741910e-04
-1.19850922e-04
-1.34559636e-04
-1.41558823e-04
-1.26462337e-04
-1.01621626e-04
-7.17699636e-05
-4.51244412e-06
1.32779764e-06
6.71209735e-06
1.11311374e-05
1.43344485e-05
1.63342730e-05
1.72854628e-05
1.73187569e-05
1.64770871e-05
1.47506224e-05
1.21289702e-05
8.66552312e-06
4.57798169e-06
2.98433503e-07
-3.58519966e-06
-6.50547677e-06
-8.15453009e-06
-8.60051724e-06
-8.17818992e-06
-7.22543577e-06
-5.90279923e-06
-4.23207137e-06
-2.28803735e-06
-4.61927413e-07
-8.43270459e-06
-7.25218049e-05
-2.17418903e-04
-3.80423758e-04
-4.61121866e-04
-4.30986212e-04
-2.13935049e-04
1.84145961e-04
5.99085184e-04
8.94880037e-04
9.91490567e-04
8.84137574e-04
6.30780641e-04
3.25622464e-04
3.40228368e-05
-2.63367056e-04
-5.58304802e-04
-9.00903872e-04
-1.30112099e-03
-1.50412969e-03
-1.22109623e-03
-5.17247005e-04
4.94116297e-04
1.59146027e-03
2.46966688e-03
2.74790967e-03
2.16602859e-03
7.65099544e-04
-9.20562333e-04
-2.23305858e-03
-2.82442844e-03
-2.69266612e-03
-2.04539625e-03
-1.23059410e-03
-5.61022402e-04
-8.66596424e-05
2.53432700e-04
5.19966127e-04
8.01619714e-04
1.11021589e-03
1.32686777e-03
1.34793328e-03
1.24086974e-03
1.15245619e-03
1.06722159e-03
8.77506249e-04
5.29884724e-04
9.43820173e-05
-3.03054464e-04
-5.43597064e-04
-5.95336770e-04
-6.03928636e-04
-7.20021810e-04
-8.86409767e-04
-9.86649736e-04
-9.64948175e-04
-8.00083214e-04
-5.51018495e-04
-2.80739121e-04
-1.19868981e-05
2.41335221e-04
4.33100365e-04
5.63007882e-04
6.34638520e-04
6.32707547e-04
5.64717796e-04
4.56379201e-04
3.24040213e-04
1.63727955e-04
-3.58892017e-05
-2.29260925e-04
-3.19258218e-04
-2.70682933e-04
-1.56953062e-04
-6.38975916e-05
-1.84735040e-06
4.61553290e-05
6.94114711e-05
5.00033356e-05
-8.83412713e-06
-7.52167697e-05
-1.36604439e-04
-1.92095863e-04
-2.24042562e-04
-1.96879295e-04
-1.06168780e-04
-9.37467838e-07
7.26368754e-05
1.00151285e-04
1.04768119e-04
1.12234977e-04
1.46737051e-04
1.97946199e-04
2.07914967e-04
1.53552041e-04
5.81590258e-05
-5.75272368e-05
-1.55136913e-04
-1.93912217e-04
-1.65340917e-04
-8.38069710e-05
1.36048530e-05
8.63193523e-05
1.08612503e-04
-7.54783309e-06
-1.23431878e-05
-1.56713608e-05
-1.75168026e-05
-1.80238917e-05
-1.74020135e-05
-1.58379194e-05
-1.35160965e-05
-1.06870460e-05
-7.63314765e-06
-4.56156735e-06
-1.56643333e-06
1.28731539e-06
3.84791957e-06
5.85886557e-06
7.10968511e-06
7.63751221e-06
7.73300341e-06
7.68251727e-06
7.49767494e-06
6.93961129e-06
5.81307155e-06
4.19907658e-06
2.42543738e-06
8.53202389e-08
-1.20953200e-05
-4.68380717e-05
-8.92220127e-05
-1.07961512e-04
-7.88058385e-05
-2.99953872e-05
4.92592521e-05
1.82478439e-04
3.06747158e-04
3.46670709e-04
2.99723582e-04
1.82907526e-04
8.19440343e-06
-1.83368612e-04
-2.99358235e-04
-3.04341336e-04
-3.49509364e-04
-6.20659225e-04
-1.02349949e-03
-1.22585478e-03
-8.37162170e-04
1.20363312e-06
5.53473528e-04
8.01554403e-04
1.25940058e-03
2.05056186e-03
2.62638574e-03
2.29739889e-03
1.10567065e-03
-3.22307039e-04
-1.38504006e-03
-1.81901192e-03
-1.72130931e-03
-1.43498274e-03
-1.29517251e-03
-1.30749115e-03
-1.27023774e-03
-9.76818522e-04
-4.17468823e-04
1.95747597e-04
6.89605130e-04
9.72225339e-04
1.09293326e-03
1.14217470e-03
1.16452643e-03
1.08326706e-03
8.43187378e-04
4.99764730e-04
1.72621483e-04
-1.05636821e-04
-2.87364167e-04
-3.28258089e-04
-3.10701922e-04
-3.27343600e-04
-3.63205218e-04
-3.82913650e-04
-4.13899479e-04
-4.24997644e-04
-4.00209996e-04
-3.45260238e-04
-2.33187979e-04
-9.44390592e-05
3.72100286e-05
1.23439881e-04
1.74745127e-04
2.17936272e-04
2.35704779e-04
2.19390778e-04
1.72713896e-04
1.04434437e-04
5.16948536e-05
4.26921001e-05
6.38816457e-05
7.16229770e-05
4.75492014e-05
8.41289434e-06
-4.64589361e-05
-7.28587796e-05
-5.69278029e-05
-4.05368685e-05
-2.59354910e-05
1.56989320e-05
9.04998198e-05
1.32311910e-04
9.00401294e-05
-2.99872526e-05
-1.97632594e-04
-3.57143169e-04
-4.20571778e-04
-3.64207884e-04
-2.33436424e-04
-6.03373226e-05
1.52143939e-04
3.78032300e-04
5.50507957e-04
5.95306769e-04
4.81322586e-04
2.63838275e-04
3.86278083e-05
-1.06962408e-04
-1.46679116e-04
-1.35988622e-04
-1.53728988e-04
1.19218249e-05
2.23487917e-05
3.02334804e-05
3.54041685e-05
3.78174979e-05
3.75978270e-05
3.50949298e-05
3.08442109e-05
2.53851727e-05
1.90615952e-05
1.20382159e-05
4.56472183e-06
-2.81181829e-06
-9.34239021e-06
-1.44146781e-05
-1.78120446e-05
-1.96745552e-05
-2.02341123e-05
-1.95613959e-05
-1.75787799e-05
-1.43317970e-05
-1.02401458e-05
-6.01718679e-06
-2.28194208e-06
7.74807964e-07
3.38328256e-06
5.85552936e-06
8.19556494e-06
9.99996861e-06
1.07536196e-05
1.02608613e-05
8.44207789e-06
4.14157526e-06
5.23528175e-07
6.30711851e-07
4.77416774e-06
8.77517275e-06
1.36817988e-05
3.18942090e-05
5.67481940e-05
6.93041682e-05
5.76351804e-05
2.46211301e-05
-2.15500789e-05
-7.03896027e-05
-1.03232363e-04
-1.07617889e-04
-9.56795999e-05
-8.55158851e-05
-7.20213324e-05
-4.26428714e-05
-1.80647482e-05
-2.85181156e-05
-1.06497102e-04
-2.69876432e-04
-3.82966858e-04
-2.72694880e-04
5.46818225e-05
2.67401173e-04
1.88381116e-04
2.54491326e-04
7.54488925e-04
1.33841246e-03
1.48318291e-03
9.43844241e-04
2.59707309e-05
-7.39051379e-04
-1.12096596e-03
-1.07813982e-03
-7.16920222e-04
-3.91653888e-04
-4.09358493e-04
-6.87891875e-04
-8.52835856e-04
-6.49455274e-04
-1.65582924e-04
2.62763195e-04
4.77224909e-04
5.56098908e-04
5.04412982e-04
3.87311257e-04
3.42349842e-04
3.55411284e-04
3.70019834e-04
3.77305779e-04
3.82277339e-04
3.16564764e-04
1.47017766e-04
1.44157324e-06
-4.48833474e-05
-2.08325152e-05
-5.25061943e-05
-2.60010790e-04
-5.26050127e-04
-6.16354814e-04
-4.71250276e-04
-2.25647154e-04
-5.89890658e-05
-2.93630633e-05
-5.24610228e-05
-4.82451452e-05
-4.45872506e-05
-4.64921605e-05
7.82392962e-06
1.07855332e-04
1.56435624e-04
1.97148166e-04
2.21145801e-04
1.78326838e-04
1.03128311e-04
6.91444777e-05
1.30563601e-04
2.06959756e-04
2.35529757e-04
2.05328518e-04
1.24060675e-04
4.43284889e-06
-1.27660171e-04
-2.20672677e-04
-2.28214906e-04
-1.79080506e-04
-1.44034111e-04
-1.65122594e-04
-2.26731568e-04
-2.71029813e-04
-2.65631139e-04
-2.27260172e-04
-1.74871051e-04
7.49351912e-06
1.09874538e-05
1.32149885e-05
1.44451159e-05
1.49449558e-05
1.48106525e-05
1.39840445e-05
1.23713356e-05
9.94314976e-06
6.83723124e-06
3.43125419e-06
2.55395061e-07
-2.24191790e-06
-3.84823025e-06
-4.54804561e-06
-4.44255926e-06
-3.73712156e-06
-2.72086443e-06
-1.66062969e-06
-7.22591574e-07
3.38598512e-08
5.57578972e-07
6.94623215e-07
2.72205548e-07
-6.70521780e-07
-1.77733922e-06
-2.54158352e-06
-2.59620109e-06
-1.93154037e-06
-8.27894340e-07
-2.71948530e-07
-5.20231458e-06
-2.00945321e-05
-3.70397788e-05
-4.11286697e-05
-2.53543465e-05
1.24385154e-05
6.34914160e-05
1.15753153e-04
1.53341728e-04
1.61571555e-04
1.38308614e-04
8.71381811e-05
1.39883909e-05
-6.96070013e-05
-1.46179182e-04
-1.99832068e-04
-2.22723844e-04
-2.15475155e-04
-1.78090317e-04
-1.16131937e-04
-6.61500652e-05
-1.65879266e-04
-6.20681947e-04
-1.41486137e-03
-2.04757568e-03
-1.76333898e-03
-1.47965905e-04
2.32254667e-03
4.51950940e-03
5.39614332e-03
4.56920931e-03
2.43725450e-03
-1.01300075e-04
-2.15666871e-03
-3.27567402e-03
-3.51487271e-03
-3.22311026e-03
-2.78227901e-03
-2.38157347e-03
-1.98683882e-03
-1.43913305e-03
-6.19262824e-04
3.79247749e-04
1.32936097e-03
1.99275926e-03
2.21169152e-03
1.99977770e-03
1.54247977e-03
1.05457317e-03
6.72840653e-04
4.89093388e-04
4.79591508e-04
5.01429026e-04
4.62277034e-04
3.06227448e-04
-8.80089078e-06
-4.42789042e-04
-8.31551980e-04
-1.04353203e-03
-1.11704871e-03
-1.11009142e-03
-1.01743068e-03
-8.73231805e-04
-7.01903326e-04
-4.37109602e-04
-6.39907588e-05
3.06830377e-04
5.63202379e-04
6.86329385e-04
7.11793337e-04
6.56622876e-04
5.05500923e-04
3.02492869e-04
1.20132604e-04
-6.97707711e-06
-4.02367145e-05
4.07629373e-05
1.61434370e-04
2.26821715e-04
1.88944236e-04
5.51815292e-05
-1.36063059e-04
-3.02092797e-04
-3.61668077e-04
-3.01891834e-04
-1.92701471e-04
-1.33315755e-04
-1.60599887e-04
-2.10601473e-04
-2.04088963e-04
-1.14627871e-04
3.36694695e-05
1.89975445e-04
2.92712583e-04
2.99690686e-04
2.08100770e-04
5.85207102e-05
