0.00000000e+00
0.00000000e+00
0.00000000e+00
0.00000000e+00
0.00000000e+00
0.00000000e+00
0.00000000e+00
0.00000000e+00
0.00000000e+00
0.00000000e+00
0.00000000e+00
0.00000000e+00
0.00000000e+00
0.00000000e+00
0.00000000e+00
0.00000000e+00
0.00000000e+00
0.00000000e+00
0.00000000e+00
0.00000000e+00
0.00000000e+00
0.00000000e+00
0.00000000e+00
0.00000000e+00
0.00000000e+00
0.00000000e+00
0.00000000e+00
0.00000000e+00
0.00000000e+00
0.00000000e+00
0.00000000e+00
0.00000000e+00
0.00000000e+00
0.00000000e+00
0.00000000e+00
0.00000000e+00
0.00000000e+00
0.00000000e+00
0.00000000e+00
0.00000000e+00
0.00000000e+00
0.00000000e+00
0.00000000e+00
0.00000000e+00
0.00000000e+00
0.00000000e+00
0.00000000e+00
0.00000000e+00
0.00000000e+00
0.00000000e+00
0.00000000e+00
0.00000000e+00
0.00000000e+00
0.00000000e+00
0.00000000e+00
0.00000000e+00
0.00000000e+00
0.00000000e+00
0.00000000e+00
0.00000000e+00
0.00000000e+00
0.00000000e+00
0.00000000e+00
0.00000000e+00
0.00000000e+00
0.00000000e+00
0.00000000e+00
0.00000000e+00
0.00000000e+00
0.00000000e+00
0.00000000e+00
0.00000000e+00
0.00000000e+00
0.00000000e+00
0.00000000e+00
0.00000000e+00
0.00000000e+00
0.00000000e+00
0.00000000e+00
0.00000000e+00
0.00000000e+00
0.00000000e+00
0.00000000e+00
0.00000000e+00
0.00000000e+00
0.00000000e+00
0.00000000e+00
0.00000000e+00
0.00000000e+00
0.00000000e+00
0.00000000e+00
0.00000000e+00
0.00000000e+00
0.00000000e+00
0.00000000e+00
0.00000000e+00
0.00000000e+00
0.00000000e+00
0.00000000e+00
0.00000000e+00
0.00000000e+00
0.00000000e+00
0.00000000e+00
0.00000000e+00
0.00000000e+00
0.00000000e+00
0.00000000e+00
0.00000000e+00
0.00000000e+00
0.00000000e+00
0.00000000e+00
0.00000000e+00
0.00000000e+00
0.00000000e+00
0.00000000e+00
0.00000000e+00
0.00000000e+00
0.00000000e+00
0.00000000e+00
0.00000000e+00
0.00000000e+00
0.00000000e+00
0.00000000e+00
0.00000000e+00
0.00000000e+00
0.00000000e+00
0.00000000e+00
0.00000000e+00
0.00000000e+00
0.00000000e+00
0.00000000e+00
0.00000000e+00
0.00000000e+00
0.00000000e+00
0.00000000e+00
0.00000000e+00
0.00000000e+00
0.00000000e+00
0.00000000e+00
0.00000000e+00
0.00000000e+00
0.00000000e+00
0.00000000e+00
0.00000000e+00
0.00000000e+00
0.00000000e+00
0.00000000e+00
0.00000000e+00
0.00000000e+00
0.00000000e+00
0.00000000e+00
0.00000000e+00
0.00000000e+00
0.00000000e+00
0.00000000e+00
0.00000000e+00
0.00000000e+00
0.00000000e+00
0.00000000e+00
0.00000000e+00
0.00000000e+00
0.00000000e+00
0.00000000e+00
0.00000000e+00
0.00000000e+00
0.00000000e+00
0.00000000e+00
0.00000000e+00
0.00000000e+00
0.00000000e+00
0.00000000e+00
0.00000000e+00
0.00000000e+00
0.00000000e+00
0.00000000e+00
0.00000000e+00
0.00000000e+00
0.00000000e+00
0.00000000e+00
0.00000000e+00
0.00000000e+00
0.00000000e+00
0.00000000e+00
0.00000000e+00
0.00000000e+00
0.00000000e+00
0.00000000e+00
0.00000000e+00
0.00000000e+00
0.00000000e+00
0.00000000e+00
0.00000000e+00
0.00000000e+00
0.00000000e+00
0.00000000e+00
0.00000000e+00
0.00000000e+00
0.00000000e+00
0.00000000e+00
0.00000000e+00
0.00000000e+00
0.00000000e+00
0.00000000e+00
0.00000000e+00
0.00000000e+00
0.00000000e+00
0.00000000e+00
0.00000000e+00
0.00000000e+00
0.00000000e+00
0.00000000e+00
0.00000000e+00
0.00000000e+00
0.00000000e+00
0.00000000e+00
0.00000000e+00
0.00000000e+00
0.00000000e+00
0.00000000e+00
0.00000000e+00
0.00000000e+00
0.00000000e+00
0.00000000e+00
0.00000000e+00
0.00000000e+00
0.00000000e+00
0.00000000e+00
0.00000000e+00
0.00000000e+00
0.00000000e+00
0.00000000e+00
0.00000000e+00
0.00000000e+00
0.00000000e+00
0.00000000e+00
0.00000000e+00
0.00000000e+00
0.00000000e+00
0.00000000e+00
0.00000000e+00
0.00000000e+00
0.00000000e+00
0.00000000e+00
0.00000000e+00
0.00000000e+00
0.00000000e+00
0.00000000e+00
0.00000000e+00
0.00000000e+00
0.00000000e+00
0.00000000e+00
0.00000000e+00
0.00000000e+00
0.00000000e+00
0.00000000e+00
0.00000000e+00
0.00000000e+00
0.00000000e+00
0.00000000e+00
0.00000000e+00
0.00000000e+00
0.00000000e+00
0.00000000e+00
0.00000000e+00
0.00000000e+00
0.00000000e+00
0.00000000e+00
0.00000000e+00
0.00000000e+00
0.00000000e+00
0.00000000e+00
0.00000000e+00
0.00000000e+00
0.00000000e+00
0.00000000e+00
0.00000000e+00
0.00000000e+00
0.00000000e+00
0.00000000e+00
0.00000000e+00
0.00000000e+00
0.00000000e+00
0.00000000e+00
0.00000000e+00
0.00000000e+00
0.00000000e+00
0.00000000e+00
0.00000000e+00
0.00000000e+00
0.00000000e+00
0.00000000e+00
0.00000000e+00
0.00000000e+00
0.00000000e+00
0.00000000e+00
0.00000000e+00
0.00000000e+00
0.00000000e+00
0.00000000e+00
0.00000000e+00
0.00000000e+00
0.00000000e+00
0.00000000e+00
0.00000000e+00
0.00000000e+00
0.00000000e+00
0.00000000e+00
0.00000000e+00
0.00000000e+00
0.00000000e+00
0.00000000e+00
0.00000000e+00
0.00000000e+00
0.00000000e+00
0.00000000e+00
0.00000000e+00
0.00000000e+00
0.00000000e+00
0.00000000e+00
0.00000000e+00
0.00000000e+00
0.00000000e+00
0.00000000e+00
0.00000000e+00
0.00000000e+00
0.00000000e+00
0.00000000e+00
0.00000000e+00
0.00000000e+00
0.00000000e+00
0.00000000e+00
0.00000000e+00
0.00000000e+00
0.00000000e+00
0.00000000e+00
0.00000000e+00
0.00000000e+00
0.00000000e+00
0.00000000e+00
0.00000000e+00
4.28873559e-07
4.38891754e-07
4.38412268e-07
4.25515304e-07
3.98616149e-07
3.56579465e-07
2.98821818e-07
2.25395429e-07
1.37046365e-07
3.52410466e-08
-7.78440569e-08
-1.99372965e-07
-3.25942128e-07
-4.53712233e-07
-5.78575449e-07
-6.96350775e-07
-8.02997897e-07
-8.94838443e-07
-9.68772310e-07
-1.02247575e-06
-1.05456807e-06
-1.06473569e-06
-1.05380478e-06
-1.02375608e-06
-9.77677178e-07
-9.19651434e-07
-8.54587401e-07
-7.87996784e-07
-7.25732210e-07
-6.73697551e-07
-6.37545069e-07
-6.22375698e-07
-6.32459409e-07
-6.70990262e-07
-7.39887261e-07
-8.39648407e-07
-9.69260628e-07
-1.12616375e-06
-1.30626379e-06
-1.50399082e-06
-1.71239976e-06
-1.92331735e-06
-2.12754302e-06
-2.31510956e-06
-2.47560375e-06
-2.59854079e-06
-2.67378375e-06
-2.69199818e-06
-2.64512890e-06
-2.52688343e-06
-2.33320448e-06
-2.06271123e-06
-1.71708442e-06
-1.30136728e-06
-8.24154524e-07
-2.97643831e-07
2.62470660e-07
8.37276748e-07
1.40510246e-06
1.94215525e-06
2.42333534e-06
2.82321070e-06
3.11713641e-06
3.28249460e-06
3.30002067e-06
3.15516984e-06
2.83946652e-06
2.35176760e-06
1.69936247e-06
8.98827413e-07
-2.34500733e-08
-1.03115972e-06
-2.07844377e-06
-3.11081694e-06
-4.06666522e-06
-4.87932911e-06
-5.47974287e-06
-5.79956541e-06
-5.77470358e-06
-5.34909509e-06
-4.47858636e-06
-3.13471145e-06
-1.30815481e-06
9.88333872e-07
3.71780396e-06
6.81796369e-06
1.02012244e-05
1.37560751e-05
1.73498755e-05
2.08330794e-05
2.40448182e-05
2.68196786e-05
2.89954165e-05
3.04212503e-05
3.09663019e-05
3.05276861e-05
2.90377478e-05
2.64700049e-05
2.28433877e-05
1.82242861e-05
1.27259763e-05
6.50529338e-06
-2.43306740e-07
-7.29578134e-06
-1.44081858e-05
-2.13275361e-05
-2.78031343e-05
-3.35978515e-05
-3.84987451e-05
-4.23263736e-05
-4.49423433e-05
-4.62547282e-05
-4.62214155e-05
-4.48512893e-05
-4.22029268e-05
-3.83812197e-05
-3.35324452e-05
-2.78380245e-05
-2.15070897e-05
-1.47678129e-05
-7.85809770e-06
-1.01640417e-06
5.52711783e-06
1.15594083e-05
1.68927769e-05
2.13719318e-05
2.48792427e-05
2.73381288e-05
2.87147323e-05
2.90174963e-05
2.82946336e-05
2.66302409e-05
2.41391415e-05
2.09602466e-05
1.72489956e-05
1.31696918e-05
8.88826269e-06
4.56523495e-06
3.49291819e-07
-3.62784074e-06
-7.25560730e-06
-1.04480098e-05
-1.31456758e-05
-1.53162762e-05
-1.69534188e-05
-1.80741208e-05
-1.87149038e-05
-1.89270164e-05
-1.87712276e-05
-1.83121661e-05
-1.76125308e-05
-1.67278065e-05
-1.57016332e-05
-1.45620682e-05
-1.33189577e-05
-1.19627072e-05
-1.04645624e-05
-8.77835064e-06
-6.84367201e-06
-4.59034745e-06
-1.94396752e-06
1.16760778e-06
4.80731109e-06
9.02174409e-06
1.38338049e-05
1.92354691e-05
2.51813467e-05
3.15835741e-05
3.83083470e-05
4.51747442e-05
5.19565478e-05
5.83873250e-05
-7.53706532e-08
-8.14980802e-08
-8.77984744e-08
-9.41150741e-08
-1.00263298e-07
-1.06035403e-07
-1.11206755e-07
-1.15543559e-07
-1.18811821e-07
-1.20787199e-07
-1.21265358e-07
-1.20072359e-07
-1.17074589e-07
-1.12187722e-07
-1.05384225e-07
-9.66989358e-08
-8.62323345e-08
-7.41512178e-08
-6.06865770e-08
-4.61286040e-08
-3.08188620e-08
-1.51397777e-08
4.98282541e-10
1.56720068e-08
2.99617467e-08
4.29692231e-08
5.43358043e-08
6.37607937e-08
7.10189912e-08
7.59766136e-08
7.86045595e-08
7.89879247e-08
7.73306606e-08
7.39544741e-08
6.92913727e-08
6.38694827e-08
5.82918991e-08
5.32084912e-08
4.92811530e-08
4.71438638e-08
4.73597804e-08
5.03782081e-08
5.64944843e-08
6.58157419e-08
7.82355940e-08
9.34210106e-08
1.10814162e-07
1.29650664e-07
1.48994120e-07
1.67784953e-07
1.84899817e-07
1.99217230e-07
2.09685096e-07
2.15386068e-07
2.15597231e-07
2.09841205e-07
1.97925928e-07
1.79970642e-07
1.56416235e-07
1.28018698e-07
9.58251123e-08
6.11324458e-08
2.54303688e-08
-9.67006084e-09
-4.25190238e-08
-7.15180210e-08
-9.52125393e-08
-1.12381378e-07
-1.22116100e-07
-1.23884549e-07
-1.17573797e-07
-1.03509703e-07
-8.24521863e-08
-5.55669790e-08
-2.43753920e-08
9.31598046e-09
4.35030306e-08
7.60857108e-08
1.04978704e-07
1.28225477e-07
1.44109336e-07
1.51255277e-07
1.48716848e-07
1.36042613e-07
1.13317190e-07
8.11728679e-08
4.07697176e-08
-6.25570326e-09
-5.78706365e-08
-1.11750801e-07
-1.65403077e-07
-2.16298408e-07
-2.62006185e-07
-3.00321432e-07
-3.29377072e-07
-3.47735086e-07
-3.54452348e-07
-3.49119015e-07
-3.31869238e-07
-3.03365327e-07
-2.64757422e-07
-2.17621432e-07
-1.63878669e-07
-1.05701443e-07
-4.54096693e-08
1.46362753e-08
7.21414358e-08
1.24976073e-07
1.71264694e-07
2.09460226e-07
2.38399659e-07
2.57338224e-07
2.65960634e-07
2.64369683e-07
2.53054318e-07
2.32840468e-07
2.04828734e-07
1.70323950e-07
1.30761930e-07
8.76385311e-08
4.24459572e-08
-3.37956749e-09
-4.84961714e-08
-9.16803865e-08
-1.31838341e-07
-1.68007066e-07
-1.99349945e-07
-2.25150383e-07
-2.44807262e-07
-2.57835308e-07
-2.63872553e-07
-2.62695495e-07
-2.54240916e-07
-2.38632056e-07
-2.16206057e-07
-1.87538599e-07
-1.53460642e-07
-1.15061909e-07
-7.36764952e-08
-3.08480257e-08
1.17255716e-08
5.22649922e-08
8.89953739e-08
1.20238983e-07
1.44508215e-07
1.60592042e-07
1.67629347e-07
1.65163931e-07
1.53177323e-07
1.32096973e-07
1.02779106e-07
6.64674043e-08
2.47304955e-08
-2.06171453e-08
-6.76049474e-08
-1.14200263e-07
-1.58400880e-07
-1.98321055e-07
-2.32266696e-07
-2.58796062e-07
-2.76763582e-07
-2.85345968e-07
-2.84051773e-07
-2.72716940e-07
-2.51489865e-07
-2.20809832e-07
-1.81381722e-07
-1.34148489e-07
-8.02618196e-08
-2.10510017e-08
4.20101158e-08
1.07338492e-07
1.73280223e-07
2.38152046e-07
3.00285526e-07
3.58072887e-07
4.10013331e-07
4.54758198e-07
4.91153069e-07
5.18275106e-07
5.35464403e-07
5.42347923e-07
5.38854458e-07
5.25219539e-07
5.01979764e-07
4.69956481e-07
4.30229352e-07
3.84100872e-07
3.33053290e-07
2.78699191e-07
2.22726747e-07
1.66840765e-07
1.12701037e-07
6.18598082e-08
1.57006485e-08
-2.46185143e-08
-5.82147087e-08
-8.45180364e-08
-1.03295754e-07
-1.14660411e-07
-1.19061199e-07
-1.17258496e-07
-1.10282336e-07
-9.93766724e-08
-8.59324616e-08
-7.14133892e-08
-5.72784171e-08
-4.49053057e-08
-3.55193414e-08
-3.01310605e-08
-2.94861888e-08
-3.40305969e-08
-4.38923070e-08
-5.88814375e-08
-7.85074692e-08
-1.02012025e-07
-1.28414560e-07
-1.56567807e-07
-1.85219913e-07
-2.13080452e-07
-2.38887558e-07
-2.61473457e-07
-2.79825789e-07
-2.93141752e-07
-3.00871671e-07
-3.02748624e-07
-2.98801342e-07
-2.89348698e-07
-2.74975676e-07
-2.56492349e-07
-2.34878351e-07
-2.11216068e-07
-1.86616785e-07
-1.62145166e-07
-1.38747834e-07
-1.17191651e-07
-9.80165591e-08
-8.15067400e-08
-6.76822663e-08
-5.63117756e-08
-4.69451620e-08
-3.89639011e-08
-3.16454033e-08
-2.42366024e-08
-1.60309513e-08
-6.44259596e-09
4.92821129e-09
1.82438657e-08
3.33967775e-08
4.99984709e-08
6.73918363e-08
8.46858940e-08
1.00810845e-07
1.14590210e-07
1.24825701e-07
1.30389240e-07
1.30315797e-07
1.23890288e-07
1.10721700e-07
9.07980106e-08
6.45167759e-08
3.26881152e-08
-3.49105731e-09
-4.24903842e-08
-8.25239307e-08
-1.21648024e-07
-1.57873336e-07
-1.89284473e-07
-2.14159367e-07
-2.31080192e-07
-2.39027770e-07
-2.37452524e-07
-2.26316738e-07
-2.06105056e-07
-1.77802227e-07
-1.42839422e-07
-1.03012382e-07
-6.03762981e-08
-1.71237652e-08
2.45470402e-08
6.25663038e-08
9.51204210e-08
1.20765432e-07
1.38518250e-07
1.47919058e-07
1.49059623e-07
1.42574289e-07
1.29593331e-07
1.11661604e-07
9.06282481e-08
6.85153990e-08
4.73753759e-08
2.91464978e-08
1.55178217e-08
7.81270258e-09
6.89970935e-09
1.31371981e-08
2.63550912e-08
4.58745811e-08
7.05636428e-08
9.89239173e-08
1.29202341e-07
1.59518606e-07
1.87998216e-07
2.12900678e-07
2.32732816e-07
2.46339111e-07
2.52964158e-07
2.52285291e-07
2.44415852e-07
2.29881621e-07
2.09574667e-07
1.84690133e-07
1.56651991e-07
1.27033409e-07
9.74760679e-08
6.96117442e-08
4.49888423e-08
2.50059738e-08
1.08541017e-08
3.46815237e-09
3.48865557e-09
1.12339467e-08
2.66833856e-08
4.94720935e-08
7.88981282e-08
1.13943063e-07
1.53306467e-07
1.95454021e-07
2.38677872e-07
2.81166863e-07
3.21083721e-07
3.56645853e-07
3.86205598e-07
4.08325095e-07
4.21841097e-07
4.25916329e-07
4.20075285e-07
4.04223364e-07
3.78648942e-07
3.44008890e-07
3.01298585e-07
2.51807786e-07
1.97064164e-07
1.38766752e-07
7.87118068e-08
1.87137260e-08
-3.94757492e-08
-9.42460410e-08
-1.44199288e-07
-1.88210284e-07
-2.25470453e-07
-2.55512098e-07
-2.78210391e-07
-2.93762278e-07
-3.02643165e-07
-3.05544190e-07
-3.03294926e-07
-2.96778224e-07
-2.86845322e-07
-2.74239930e-07
-2.59539631e-07
-2.43121590e-07
-2.25157403e-07
-2.05638948e-07
-1.84433951e-07
-1.61366793e-07
-1.36317650e-07
-1.09331830e-07
-8.07306154e-08
-5.12146486e-08
-2.19512651e-08
5.36252282e-09
2.84696423e-08
4.45629757e-08
5.03423979e-08
4.21236807e-08
1.60016810e-08
-3.19329379e-08
-1.05327965e-07
-2.07263542e-07
-3.39918996e-07
-5.04230558e-07
-6.99561972e-07
-9.23412876e-07
-1.17119141e-06
-1.43607761e-06
-1.70900259e-06
-1.97876473e-06
-2.23229889e-06
-2.45510717e-06
-2.63185049e-06
-2.74708998e-06
-2.78615622e-06
-2.73611385e-06
-2.58677779e-06
-2.33172758e-06
-1.96925796e-06
-1.50319849e-06
-9.43533323e-07
-3.06754071e-07
3.84114905e-07
1.09986857e-06
1.80588469e-06
2.46331289e-06
3.03067954e-06
3.46587262e-06
3.72844327e-06
3.78213367e-06
3.59751623e-06
3.15460751e-06
2.44530485e-06
1.47548425e-06
2.66597777e-07
-1.14338424e-06
-2.69982309e-06
-4.33216351e-06
-5.95565956e-06
-7.47410080e-06
-8.78351234e-06
-9.77674538e-06
-1.03488152e-05
-1.04027852e-05
-9.85593955e-06
-8.64594178e-06
-6.73663656e-06
-4.12313488e-06
-8.35817761e-07
3.05708838e-06
7.44867302e-06
1.21944865e-05
1.71158321e-05
2.20052658e-05
2.66342440e-05
3.07627289e-05
3.41504225e-05
3.65691685e-05
3.78159303e-05
3.77256505e-05
3.61832118e-05
3.31336813e-05
2.85900590e-05
2.26378907e-05
1.54361189e-05
7.21366294e-06
-1.73851899e-06
-1.10796429e-05
-2.04346977e-05
-2.94125363e-05
-3.76253513e-05
-4.47084009e-05
-5.03388992e-05
-5.42530828e-05
-5.62606842e-05
-5.62558227e-05
-5.42235493e-05
-5.02415579e-05
-4.44769265e-05
-3.71780410e-05
-2.86623039e-05
-1.93006668e-05
-9.49983458e-06
3.17140151e-07
9.73099013e-06
1.83462571e-05
2.58102142e-05
3.18296767e-05
3.61846249e-05
3.87378800e-05
3.94404489e-05
3.83324116e-05
3.55394131e-05
3.12651336e-05
2.57801122e-05
1.94072205e-05
1.25044353e-05
5.44569946e-06
-1.39908049e-06
-7.68374465e-06
-1.31041726e-05
-1.74140234e-05
-2.04368939e-05
-2.20744929e-05
-2.23104711e-05
-2.12097371e-05
-1.89132441e-05
-1.56283504e-05
-1.16154589e-05
-7.17153506e-06
-2.61173382e-06
1.74964655e-06
5.61765858e-06
8.73360890e-06
1.08896632e-05
1.19408131e-05
1.18137647e-05
1.05123310e-05
8.11911048e-06
4.79328312e-06
7.64115362e-07
-3.67979601e-06
-8.20480332e-06
-1.24488928e-05
-1.60399149e-05
-1.86150156e-05
-1.98407604e-05
-1.94333729e-05
-1.71783053e-05
-1.29478663e-05
-6.71579584e-06
1.43218884e-06
1.12925097e-05
-9.49780499e-07
-1.03293137e-06
-1.11709173e-06
-1.20190225e-06
-1.28694248e-06
-1.37172457e-06
-1.45568723e-06
-1.53819035e-06
-1.61851042e-06
-1.69583743e-06
-1.76927353e-06
-1.83783403e-06
-1.90045136e-06
-1.95598251e-06
-2.00322044e-06
-2.04091012e-06
-2.06776957e-06
-2.08251603e-06
-2.08389742e-06
-2.07072839e-06
-2.04193034e-06
-1.99657390e-06
-1.93392259e-06
-1.85347498e-06
-1.75500302e-06
-1.63858283e-06
-1.50461379e-06
-1.35382179e-06
-1.18724165e-06
-1.00617553e-06
-8.12126361e-07
-6.06709720e-07
-3.91552057e-07
-1.68187478e-07
6.20331525e-08
2.98008883e-07
5.38922128e-07
7.84232977e-07
1.03363334e-06
1.28696428e-06
1.54410165e-06
1.80481615e-06
2.06861695e-06
2.33459162e-06
2.60125793e-06
2.86644419e-06
3.12721457e-06
3.37985426e-06
3.61992660e-06
3.84240835e-06
4.04189986e-06
4.21289598e-06
4.35009490e-06
4.44871575e-06
4.50479471e-06
4.51543229e-06
4.47897091e-06
4.39508804e-06
4.26479826e-06
4.09036509e-06
3.87512884e-06
3.62326265e-06
3.33947546e-06
3.02868872e-06
2.69571738e-06
2.34498505e-06
1.98029865e-06
1.60470185e-06
1.22041744e-06
8.28879733e-07
4.30848600e-07
2.65902501e-08
-3.83892984e-07
-8.00604546e-07
-1.22329090e-06
-1.65119980e-06
-2.08288154e-06
-2.51604936e-06
-2.94751058e-06
-3.37317513e-06
-3.78814212e-06
-4.18685903e-06
-4.56333940e-06
-4.91141660e-06
-5.22500776e-06
-5.49836340e-06
-5.72628429e-06
-5.90429467e-06
-6.02876691e-06
-6.09699711e-06
-6.10723404e-06
-6.05866495e-06
-5.95136337e-06
-5.78621091e-06
-5.56481038e-06
-5.28940602e-06
-4.96282292e-06
-4.58842831e-06
-4.17010982e-06
-3.71226285e-06
-3.21977839e-06
-2.69802222e-06
-2.15279725e-06
-1.59028631e-06
-1.01697875e-06
-4.39583760e-07
1.35070107e-07
7.00151657e-07
1.24896203e-06
1.77508787e-06
2.27256870e-06
2.73606940e-06
3.16104668e-06
3.54389744e-06
3.88207716e-06
4.17418011e-06
4.41997556e-06
4.62039806e-06
4.77749419e-06
4.89432744e-06
4.97484036e-06
5.02367369e-06
5.04594527e-06
5.04699563e-06
5.03211196e-06
5.00624547e-06
4.97374024e-06
4.93808953e-06
4.90173121e-06
4.86589057e-06
4.83047818e-06
4.79405019e-06
4.75383693e-06
4.70584479e-06
4.64503542e-06
4.56558313e-06
4.46120232e-06
4.32552691e-06
4.15251795e-06
3.93687546e-06
3.67443024e-06
3.36249035e-06
3.00011720e-06
2.58830835e-06
2.13006985e-06
1.63036691e-06
1.09594956e-06
5.35059993e-07
-4.29591503e-08
-6.28124480e-07
-1.21030215e-06
-1.77969128e-06
-2.32726746e-06
-2.84515780e-06
-3.32692126e-06
-3.76771342e-06
-4.16432505e-06
-4.51509679e-06
-4.81972341e-06
-5.07896937e-06
-5.29432424e-06
-5.46763204e-06
-5.60072833e-06
-5.69511553e-06
-5.75170155e-06
-5.77062319e-06
-5.75117095e-06
-5.69182337e-06
-5.59038952e-06
-5.44425012e-06
-5.25067794e-06
-5.00720942e-06
-4.71203376e-06
-4.36436306e-06
-3.96475151e-06
-3.51534219e-06
-3.02003135e-06
-2.48454921e-06
-1.91646189e-06
-1.32509967e-06
-7.21412303e-07
-1.17750387e-07
4.72425610e-07
1.03490305e-06
1.55513322e-06
2.01869504e-06
2.41179113e-06
2.72175829e-06
2.93757377e-06
3.05033691e-06
3.05370140e-06
2.94423129e-06
2.72165975e-06
2.38903890e-06
1.95277157e-06
1.42251469e-06
8.10946461e-07
1.33394298e-07
-5.92671410e-07
-1.34826484e-06
-2.11361134e-06
-2.86893650e-06
-3.59526542e-06
-4.27517357e-06
-4.89343549e-06
-5.43753075e-06
-5.89798397e-06
-6.26852945e-06
-6.54610091e-06
-6.73065622e-06
-6.82485723e-06
-6.83363377e-06
-6.76366716e-06
-6.62283308e-06
-6.41964324e-06
-6.16272038e-06
-5.86033213e-06
-5.52000069e-06
-5.14820327e-06
-4.75017771e-06
-4.32984387e-06
-3.88984579e-06
-3.43171163e-06
-2.95611583e-06
-2.46321613e-06
-1.95303300e-06
-1.42583627e-06
-8.82505003e-07
-3.24828818e-07
2.44276107e-07
8.20655056e-07
1.39891792e-06
1.97256498e-06
2.53424116e-06
3.07611961e-06
3.59040665e-06
4.06995087e-06
4.50893117e-06
4.90358954e-06
5.25296167e-06
5.55954753e-06
5.82985981e-06
6.07478689e-06
6.30971086e-06
6.55433022e-06
6.83215171e-06
7.16963363e-06
7.59498721e-06
8.13666916e-06
8.82162148e-06
9.67333370e-06
1.07098181e-05
1.19416012e-05
1.33698445e-05
1.49847123e-05
1.67641097e-05
1.86729119e-05
2.06627977e-05
2.26727818e-05
2.46305121e-05
2.64543668e-05
2.80563438e-05
2.93456950e-05
3.02332163e-05
3.06360549e-05
3.04828484e-05
2.97189589e-05
2.83115352e-05
2.62541047e-05
2.35703890e-05
2.03170284e-05
1.65849194e-05
1.24988992e-05
8.21557064e-06
3.91912937e-06
-1.84847286e-07
-3.87758915e-06
-6.93711660e-06
-9.14971242e-06
-1.03224500e-05
-1.02962309e-05
-8.95868860e-06
-6.25624798e-06
-2.20458243e-06
3.10329669e-06
9.49205706e-06
1.67028325e-05
2.43963260e-05
3.21606098e-05
3.95237863e-05
4.59714248e-05
5.09684056e-05
5.39845141e-05
5.45228263e-05
5.21496466e-05
4.65245134e-05
3.74286040e-05
2.47897603e-05
8.70233980e-06
-1.05598260e-05
-3.25388968e-05
-5.65981476e-05
-8.19375902e-05
-1.07620432e-04
-1.32610131e-04
-1.55817142e-04
-1.76153799e-04
-1.92595047e-04
-2.04242141e-04
-2.10385827e-04
-2.10565099e-04
-2.04617332e-04
-1.92715489e-04
-1.75388253e-04
-1.53519190e-04
-1.28322184e-04
-1.01292300e-04
-7.41332424e-05
-4.86632852e-05
-2.67020872e-05
-9.94289947e-06
1.81655941e-07
2.63039664e-06
-3.13094104e-06
-1.70411117e-05
-3.83888611e-05
-6.57963598e-05
-9.72442094e-05
-1.30139790e-04
-1.61428442e-04
-1.87744687e-04
-2.05598040e-04
-2.11585814e-04
-2.02623635e-04
-1.76181933e-04
-1.30513561e-04
-6.48566049e-05
2.04032735e-05
1.23625317e-04
2.41873127e-04
3.70951194e-04
5.05525011e-04
6.39324682e-04
7.65427263e-04
8.76608056e-04
9.65743098e-04
1.02624009e-03
1.05247162e-03
1.04018434e-03
9.86858004e-04
8.91987257e-04
7.57258555e-04
5.86602037e-04
3.86105363e-04
1.63778935e-04
-7.08225037e-05
-3.07101482e-04
-5.34032188e-04
-7.40862668e-04
-9.17842008e-04
-1.05688676e-03
-1.15210767e-03
-1.20014591e-03
-1.20029295e-03
-1.15440264e-03
-1.06663771e-03
-9.43085623e-04
-7.91273221e-04
-6.19628828e-04
-4.36941818e-04
-2.51865025e-04
-7.24876742e-05
9.40128595e-05
2.41643880e-04
3.65795203e-04
4.63348767e-04
5.32703046e-04
5.73722190e-04
5.87612302e-04
5.76730669e-04
5.44345499e-04
4.94370328e-04
4.31091600e-04
3.58905284e-04
2.82078115e-04
2.04544051e-04
1.29743286e-04
6.05105051e-05
-9.85637987e-07
-5.32569898e-05
-9.54751494e-05
-1.27423556e-04
-1.49424176e-04
-1.62244317e-04
-1.66992183e-04
-1.65006222e-04
-1.57739099e-04
-1.46643269e-04
-1.33072269e-04
-1.18207573e-04
-1.03014694e-04
-8.82263815e-05
-7.43458085e-05
-6.16640992e-05
-5.02898589e-05
-4.01862257e-05
-3.12091168e-05
-2.31447511e-05
-1.57459342e-05
-8.76518514e-06
-1.98441537e-06
4.75903925e-06
1.15521257e-05
1.83941408e-05
2.51958085e-05
3.17891571e-05
3.79472327e-05
4.34119209e-05
4.79265339e-05
5.12697358e-05
5.32871365e-05
5.39121301e-05
5.31682213e-05
5.11552550e-05
4.80267433e-05
4.39637038e-05
3.91489572e-05
3.37491433e-05
2.79097375e-05
2.17594951e-05
1.54177883e-05
9.00382401e-06
2.64696357e-06
-3.50801737e-06
-9.30357624e-06
-1.45779820e-05
-1.91778337e-05
-2.29719307e-05
-2.58634036e-05
-2.77981424e-05
-2.87691734e-05
-2.88170229e-05
-2.80259135e-05
-2.65153349e-05
-2.44263570e-05
-2.19024363e-05
-1.90675855e-05
-1.60086466e-05
-1.27669717e-05
-9.33934524e-06
-5.68625189e-06
-1.74632959e-06
2.54583707e-06
7.24285344e-06
1.23710435e-05
1.79207373e-05
2.38386106e-05
3.00213416e-05
3.63126745e-05
4.25057638e-05
4.83513507e-05
5.35712597e-05
5.78762551e-05
6.09857317e-05
6.26460609e-05
6.26469010e-05
6.08375187e-05
5.71428862e-05
5.15754623e-05
4.42392424e-05
3.53274813e-05
2.51170343e-05
1.39587945e-05
2.26162734e-06
-9.53005805e-06
-2.09618270e-05
-3.15941651e-05
-4.10258858e-05
-4.89163704e-05
-5.50041917e-05
-5.91181992e-05
-6.11800584e-05
-6.12001092e-05
-5.92701586e-05
-5.55559705e-05
-5.02888427e-05
-4.37542749e-05
-3.62766066e-05
-2.82011857e-05
-1.98755289e-05
-1.16308152e-05
-3.76636347e-06
3.46012012e-06
9.83582177e-06
1.51921203e-05
1.94024485e-05
2.23808138e-05
2.40815925e-05
2.44994792e-05
2.36692122e-05
2.16645175e-05
1.85953596e-05
1.46039072e-05
9.86029381e-06
4.55860047e-06
-1.08661251e-06
-6.84375020e-06
-1.24682443e-05
-1.77088820e-05
-2.23183552e-05
-2.60675056e-05
-2.87599882e-05
0.00000000e+00
0.00000000e+00
0.00000000e+00
0.00000000e+00
0.00000000e+00
0.00000000e+00
0.00000000e+00
0.00000000e+00
0.00000000e+00
0.00000000e+00
0.00000000e+00
0.00000000e+00
0.00000000e+00
0.00000000e+00
0.00000000e+00
0.00000000e+00
0.00000000e+00
0.00000000e+00
0.00000000e+00
0.00000000e+00
0.00000000e+00
0.00000000e+00
0.00000000e+00
0.00000000e+00
0.00000000e+00
0.00000000e+00
0.00000000e+00
0.00000000e+00
0.00000000e+00
0.00000000e+00
0.00000000e+00
0.00000000e+00
0.00000000e+00
0.00000000e+00
0.00000000e+00
0.00000000e+00
0.00000000e+00
0.00000000e+00
0.00000000e+00
0.00000000e+00
0.00000000e+00
0.00000000e+00
0.00000000e+00
0.00000000e+00
0.00000000e+00
0.00000000e+00
0.00000000e+00
0.00000000e+00
0.00000000e+00
0.00000000e+00
0.00000000e+00
0.00000000e+00
0.00000000e+00
0.00000000e+00
0.00000000e+00
0.00000000e+00
0.00000000e+00
0.00000000e+00
0.00000000e+00
0.00000000e+00
0.00000000e+00
0.00000000e+00
0.00000000e+00
0.00000000e+00
0.00000000e+00
0.00000000e+00
0.00000000e+00
0.00000000e+00
0.00000000e+00
0.00000000e+00
0.00000000e+00
0.00000000e+00
0.00000000e+00
0.00000000e+00
0.00000000e+00
0.00000000e+00
0.00000000e+00
0.00000000e+00
0.00000000e+00
0.00000000e+00
0.00000000e+00
0.00000000e+00
0.00000000e+00
0.00000000e+00
0.00000000e+00
0.00000000e+00
0.00000000e+00
0.00000000e+00
-4.99989844e-07
-4.88435345e-07
-4.74048187e-07
-4.56981458e-07
-4.37449271e-07
-4.15718378e-07
-3.92096921e-07
-3.66920868e-07
-3.40538847e-07
-3.13296068e-07
-2.85517868e-07
-2.57493454e-07
-2.29460497e-07
-2.01591484e-07
-1.73983049e-07
-1.46649948e-07
-1.19525224e-07
-9.24675833e-08
-6.52764149e-08
-3.77143926e-08
-9.53619992e-09
1.94798815e-08
4.95015050e-08
8.06165307e-08
1.12815311e-07
1.45984153e-07
1.79912133e-07
2.14311994e-07
2.48854689e-07
2.83215563e-07
3.17129056e-07
3.50447716e-07
3.83199597e-07
4.15637295e-07
4.48272547e-07
4.81891661e-07
5.17547868e-07
5.56526529e-07
6.00280047e-07
6.50331435e-07
7.08147739e-07
7.74987201e-07
8.51729056e-07
9.38700502e-07
1.03551946e-06
1.14097339e-06
1.25295186e-06
1.36844537e-06
1.48361605e-06
1.59393911e-06
1.69440708e-06
1.77978336e-06
1.84488734e-06
1.88489269e-06
1.89562099e-06
1.87381492e-06
1.81737588e-06
1.72555320e-06
1.59907278e-06
1.44019528e-06
1.25269548e-06
1.04175781e-06
8.13786232e-07
5.76132606e-07
3.36754000e-07
1.03815125e-07
-1.14741572e-07
-3.11629539e-07
-4.80625388e-07
-6.16921832e-07
-7.17401411e-07
-7.80812665e-07
-8.07839299e-07
-8.01060266e-07
-7.64803568e-07
-7.04900467e-07
-6.28351529e-07
-5.42921761e-07
-4.56687348e-07
-3.77559707e-07
-3.12813864e-07
-2.68648610e-07
-2.49805938e-07
-2.59275215e-07
-2.98102095e-07
-3.65314155e-07
-4.57967636e-07
-5.71312346e-07
-6.99063694e-07
-8.33765128e-07
-9.67220733e-07
-1.09097431e-06
-1.19680733e-06
-1.27722600e-06
-1.32590841e-06
-1.33808590e-06
-1.31083813e-06
-1.24328897e-06
-1.13669623e-06
-9.94432438e-07
-8.21858303e-07
-6.26094201e-07
-4.15698584e-07
-2.00267056e-07
1.00285987e-08
2.04937738e-07
3.74637778e-07
5.10222565e-07
6.04144228e-07
6.50582290e-07
6.45718103e-07
5.87900076e-07
4.77693762e-07
3.17819410e-07
1.12988160e-07
-1.30344525e-07
-4.04285298e-07
-6.99847137e-07
-1.00731247e-06
-1.31659972e-06
-1.61762159e-06
-1.90062661e-06
-2.15651781e-06
-2.37714381e-06
-2.55555890e-06
-2.68624921e-06
-2.76532272e-06
-2.79066065e-06
-2.76202721e-06
-2.68113248e-06
-2.55163955e-06
-2.37910355e-06
-2.17082842e-06
-1.93563093e-06
-1.68350927e-06
-1.42522215e-06
-1.17179175e-06
-9.33951767e-07
-7.21568747e-07
-5.43071049e-07
-4.04922616e-07
-3.11178711e-07
-2.63156568e-07
-2.59245925e-07
-2.94876369e-07
-3.62651389e-07
-4.52652232e-07
-5.52907050e-07
-6.50011138e-07
-7.29872843e-07
-7.78548965e-07
-7.83125624e-07
-7.32595361e-07
-6.18678631e-07
-4.36538628e-07
-1.85340414e-07
1.31392324e-07
5.05662125e-07
9.25149866e-07
1.37364360e-06
1.83173667e-06
2.27777046e-06
2.68898112e-06
3.04279526e-06
3.31820891e-06
3.49717589e-06
3.56592804e-06
3.51614806e-06
3.34591765e-06
3.06037069e-06
2.67199392e-06
2.20053389e-06
1.67248732e-06
1.12016973e-06
5.80375773e-07
9.26661601e-08
-3.02660274e-07
-5.66827430e-07
-6.64972901e-07
-5.68550006e-07
-2.57610763e-07
2.77164827e-07
1.03282457e-06
1.99300818e-06
3.12743098e-06
4.39207988e-06
5.73018871e-06
7.07402757e-06
8.34750103e-06
9.46950635e-06
1.03579572e-05
1.09343320e-05
1.11285617e-05
1.08840294e-05
1.01624260e-05
8.94817685e-06
7.25214780e-06
5.11433573e-06
2.60527073e-06
-1.74107140e-07
-3.09427803e-06
-6.00079190e-06
-8.71976707e-06
-1.10651717e-05
-1.28477168e-05
-1.38850782e-05
-1.40130545e-05
-1.30971670e-05
-1.10441227e-05
-7.81249084e-06
-3.42190987e-06
2.03986722e-06
8.41274843e-06
1.54634865e-05
2.28887469e-05
3.03223839e-05
3.73470583e-05
4.35101062e-05
4.83433236e-05
5.13860668e-05
5.22108147e-05
5.04500902e-05
4.58234323e-05
3.81629430e-05
2.74358365e-05
1.37623946e-05
-2.57220864e-06
-2.11135927e-05
-4.12424979e-05
-6.21885362e-05
-8.30537131e-05
-1.02845560e-04
-1.20519147e-04
-1.35026656e-04
-1.45372573e-04
-1.50672021e-04
-1.50209229e-04
-1.43492740e-04
-1.30303741e-04
-1.10733774e-04
-8.52082591e-05
-5.44926844e-05
-1.96790607e-05
1.78488982e-05
5.64717529e-05
9.44095164e-05
1.29813349e-04
1.60870603e-04
1.85917019e-04
2.03547001e-04
2.12713275e-04
2.12806072e-04
2.03701499e-04
1.85774893e-04
1.59882154e-04
1.27314201e-04
8.97268338e-05
4.90476511e-05
7.36564753e-06
-3.31890311e-05
-7.05687073e-05
-1.02930122e-04
-1.28746962e-04
-1.46903263e-04
-1.56761314e-04
-1.58199830e-04
-1.51618377e-04
-1.37904155e-04
-1.18365360e-04
-9.46420549e-05
-6.86005390e-05
-4.22140009e-05
-1.74338322e-05
3.93415110e-06
2.03357688e-05
3.05597923e-05
3.38173986e-05
2.98020687e-05
1.87194127e-05
1.28337818e-06
-2.13158799e-05
-4.74684177e-05
-7.52263692e-05
-1.02410230e-04
-1.26733911e-04
-1.45942082e-04
-1.57953031e-04
-1.60999516e-04
-1.53758868e-04
-1.35463084e-04
-1.05982676e-04
-6.58778083e-05
-1.64106104e-05
4.04855372e-05
1.02281836e-04
1.65973166e-04
2.28235488e-04
2.85612449e-04
3.34721221e-04
3.72474635e-04
3.96314508e-04
4.04436014e-04
3.95968310e-04
3.71078390e-04
3.30961261e-04
2.77699213e-04
2.14031787e-04
1.43105921e-04
6.82619149e-05
-7.13387375e-06
-7.98384575e-05
-1.46881897e-04
-2.05712146e-04
-2.54309599e-04
-2.91256079e-04
-3.15762097e-04
-3.27655276e-04
-3.27333410e-04
-3.15691966e-04
-2.94039184e-04
-2.64007859e-04
-2.27461056e-04
-1.86394029e-04
-1.42838605e-04
-9.87722672e-05
-5.60353094e-05
-1.62595988e-05
1.91887684e-05
4.92531841e-05
7.32128752e-05
9.06847850e-05
1.01607627e-04
1.06216504e-04
1.05010393e-04
9.87102187e-05
8.82028072e-05
7.44817419e-05
5.85974858e-05
4.16104554e-05
2.45399301e-05
8.31105663e-06
-6.28962764e-06
-1.86394898e-05
-2.82906959e-05
-3.49739300e-05
-3.85945124e-05
-3.92192712e-05
-3.70551793e-05
-3.24265373e-05
-2.57538275e-05
-1.75312164e-05
-8.30085311e-06
1.37634527e-06
1.09510423e-05
1.99132132e-05
2.78161125e-05
3.42928406e-05
3.90634086e-05
4.19403698e-05
4.28408550e-05
4.17994224e-05
3.89678529e-05
3.45967479e-05
2.90128146e-05
2.26037849e-05
1.58017272e-05
9.05099080e-06
2.76593280e-06
-2.70098144e-06
-7.07126565e-06
-1.01409392e-05
-1.17839297e-05
-1.19624032e-05
-1.07349969e-05
-8.25484213e-06
-4.75849021e-06
-5.49214543e-07
4.02461690e-06
8.59483528e-06
1.27983416e-05
1.62999743e-05
1.88130671e-05
2.01177095e-05
2.00772015e-05
1.86514714e-05
1.59030031e-05
1.19932438e-05
7.17106221e-06
1.75393602e-06
-3.89706464e-06
-9.40644340e-06
-1.44138364e-05
-1.85984331e-05
-2.16962647e-05
-2.35134637e-05
-2.39355987e-05
-2.29311751e-05
-2.05524204e-05
-1.69349304e-05
-1.22930772e-05
-6.90910128e-06
-1.11697920e-06
4.71798494e-06
1.02233689e-05
1.50452420e-05
1.88733519e-05
2.14646560e-05
2.26618665e-05
2.24039553e-05
2.07280063e-05
1.77636126e-05
1.37208980e-05
8.87236220e-06
3.53123465e-06
-1.96929125e-06
-7.29649150e-06
-1.21412206e-05
-1.62416152e-05
-1.94008725e-05
-2.14954880e-05
-2.24767374e-05
-2.23688885e-05
-2.12647875e-05
-1.93177863e-05
-3.56492754e-07
-4.21557987e-07
-4.87371139e-07
-5.53543925e-07
-6.19661549e-07
-6.85286875e-07
-7.49964665e-07
-8.13225672e-07
-8.74590417e-07
-9.33572501e-07
-9.89681382e-07
-1.04242463e-06
-1.09130977e-06
-1.13584591e-06
-1.17554549e-06
-1.20992644e-06
-1.23851531e-06
-1.26085162e-06
-1.27649429e-06
-1.28503050e-06
-1.28608795e-06
-1.27935071e-06
-1.26457925e-06
-1.24163460e-06
-1.21050629e-06
-1.17134305e-06
-1.12448434e-06
-1.07048989e-06
-1.01016353e-06
-9.44567345e-07
-8.75021960e-07
-8.03089413e-07
-7.30535959e-07
-6.59274181e-07
-5.91285742e-07
-5.28527265e-07
-4.72822669e-07
-4.25746968e-07
-3.88508263e-07
-3.61835672e-07
-3.45881571e-07
-3.40147206e-07
-3.43440906e-07
-3.53875995e-07
-3.68912658e-07
-3.85445166e-07
-3.99932289e-07
-4.08565594e-07
-4.07467917e-07
-3.92911923e-07
-3.61546117e-07
-3.10614219e-07
-2.38153779e-07
-1.43160363e-07
-2.57050748e-08
1.13004819e-07
2.70629870e-07
4.43770757e-07
6.28106772e-07
8.18591163e-07
1.00968771e-06
1.19563006e-06
1.37068727e-06
1.52942370e-06
1.66694442e-06
1.77911630e-06
1.86275497e-06
1.91576955e-06
1.93725891e-06
1.92755549e-06
1.88821601e-06
1.82196161e-06
1.73257112e-06
1.62473072e-06
1.50384343e-06
1.37580315e-06
1.24674188e-06
1.12276122e-06
1.00966073e-06
9.12676702e-07
8.36244607e-07
7.83798569e-07
7.57619414e-07
7.58738580e-07
7.86901609e-07
8.40590918e-07
9.17103844e-07
1.01267914e-06
1.12266296e-06
1.24170292e-06
1.36395735e-06
1.48330736e-06
1.59356245e-06
1.68865458e-06
1.76281951e-06
1.81076417e-06
1.82781864e-06
1.81007070e-06
1.75448019e-06
1.65897217e-06
1.52251027e-06
1.34515198e-06
1.12808509e-06
8.73641773e-07
5.85287022e-07
2.67578154e-07
-7.39082110e-08
-4.32684510e-07
-8.01497799e-07
-1.17251313e-06
-1.53753332e-06
-1.88824959e-06
-2.21651269e-06
-2.51461175e-06
-2.77554826e-06
-2.99329201e-06
-3.16300542e-06
-3.28122490e-06
-3.34599181e-06
-3.35692578e-06
-3.31523350e-06
-3.22364830e-06
-3.08630062e-06
-2.90852474e-06
-2.69661482e-06
-2.45754943e-06
-2.19870620e-06
-1.92758517e-06
-1.65155392e-06
-1.37762164e-06
-1.11224667e-06
-8.61180873e-07
-6.29353360e-07
-4.20793439e-07
-2.38590331e-07
-8.48847493e-08
3.91154727e-08
1.33104796e-07
1.97640037e-07
2.34090844e-07
2.44578602e-07
2.31903081e-07
1.99455875e-07
1.51119092e-07
9.11497726e-08
2.40530128e-08
-4.55520974e-08
-1.13069752e-07
-1.74063792e-07
-2.24389017e-07
-2.60313780e-07
-2.78631486e-07
-2.76759434e-07
-2.52823923e-07
-2.05729931e-07
-1.35211575e-07
-4.18596176e-08
7.28757427e-08
2.06707952e-07
3.56562998e-07
5.18652253e-07
6.88567765e-07
8.61400102e-07
1.03188067e-06
1.19455034e-06
1.34395336e-06
1.47485019e-06
1.58243947e-06
1.66257637e-06
1.71197264e-06
1.72836370e-06
1.71063097e-06
1.65886900e-06
1.57439081e-06
1.45967008e-06
1.31822462e-06
1.15445101e-06
9.73425000e-07
7.80682618e-07
5.81995699e-07
3.83153611e-07
1.89759788e-07
7.04923744e-09
-1.60267341e-07
-3.08127912e-07
-4.33209920e-07
-5.32988409e-07
-6.05764731e-07
-6.50671380e-07
-6.67659202e-07
-6.57472188e-07
-6.21611806e-07
-5.62289554e-07
-4.82365375e-07
-3.85269597e-07
-2.74906872e-07
-1.55542291e-07
-3.16719687e-08
9.21190991e-08
2.11308351e-07
3.21590499e-07
4.19029407e-07
5.00200034e-07
5.62312869e-07
6.03314060e-07
6.21956108e-07
6.17836261e-07
5.91402277e-07
5.43926413e-07
4.77448295e-07
3.94687178e-07
2.98926347e-07
1.93875590e-07
8.35191040e-08
-2.80433924e-08
-1.36754024e-07
-2.38744779e-07
-3.30472086e-07
-4.08837479e-07
-4.71295286e-07
-5.15946075e-07
-5.41610687e-07
-5.47877956e-07
-5.35120817e-07
-5.04477994e-07
-4.57798924e-07
-3.97551022e-07
-3.26692737e-07
-2.48518991e-07
-1.66488142e-07
-8.40426999e-08
-4.43591418e-09
6.94259740e-08
1.35117265e-07
1.90794296e-07
2.35257942e-07
2.67972276e-07
2.89038787e-07
2.99130202e-07
2.99390911e-07
2.91313543e-07
2.76603205e-07
2.57041226e-07
2.34358499e-07
2.10126116e-07
1.85668629e-07
1.62002844e-07
1.39802959e-07
1.19391323e-07
1.00754171e-07
8.35821098e-08
6.73344176e-08
5.13241265e-08
3.48171875e-08
1.71346730e-08
-2.25486410e-09
-2.36647048e-08
-4.71505703e-08
-7.25084814e-08
-9.93107321e-08
-1.26976087e-07
-1.54865864e-07
-1.82392829e-07
-2.09126623e-07
-2.34880521e-07
-2.59768882e-07
-2.84228785e-07
-3.09003203e-07
-3.35088209e-07
-3.63651243e-07
-3.95928793e-07
-4.33110999e-07
-4.76221658e-07
-5.26003119e-07
-5.82814498e-07
-6.46550150e-07
-7.16584114e-07
-7.91743251e-07
-8.70309209e-07
-9.50049481e-07
-1.02827710e-06
-1.10193624e-06
-1.16770924e-06
-1.22214118e-06
-1.26177994e-06
-1.28332903e-06
-1.28381114e-06
-1.26073893e-06
-1.21228651e-06
-1.13744859e-06
-1.03617130e-06
-9.09439357e-07
-7.59307173e-07
-5.88864331e-07
-4.02132700e-07
-2.03900535e-07
4.94677868e-10
2.05418896e-07
4.05213102e-07
5.94467393e-07
7.68281531e-07
9.22497708e-07
1.05389481e-06
1.16033500e-06
1.24085498e-06
1.29569701e-06
1.32627779e-06
1.33509632e-06
1.32558407e-06
1.30190158e-06
1.26868744e-06
1.23076952e-06
1.19285246e-06
1.15919661e-06
1.13330581e-06
1.11764349e-06
1.11339648e-06
1.12030418e-06
1.13657031e-06
1.15887212e-06
1.18247674e-06
1.20146666e-06
1.20906811e-06
1.19806897e-06
1.16130712e-06
1.09220370e-06
9.85308781e-07
8.36823148e-07
6.45060634e-07
4.10820916e-07
1.37648233e-07
-1.68046004e-07
-4.97014817e-07
-8.37375029e-07
-1.17498079e-06
-1.49396695e-06
-1.77744714e-06
-2.00834110e-06
-2.17029602e-06
-2.24866113e-06
-2.23147011e-06
-2.11037937e-06
-1.88150823e-06
-1.54612711e-06
-1.11114197e-06
-5.89326307e-07
7.40091241e-10
6.35054633e-07
1.28491284e-06
1.91796579e-06
2.49959566e-06
2.99457310e-06
3.36894122e-06
3.59205180e-06
3.63866239e-06
3.49098834e-06
3.14059172e-06
2.58998163e-06
1.85379948e-06
9.59468264e-07
-5.28036623e-08
-1.13075191e-06
-2.21157565e-06
-3.22426565e-06
-4.09271416e-06
-4.73952835e-06
-5.09041515e-06
-5.07895542e-06
-4.65154274e-06
-3.77222640e-06
-2.42717368e-06
-6.28455162e-07
1.58314182e-06
4.13655040e-06
6.93035703e-06
9.83442213e-06
1.26933104e-05
1.53315651e-05
1.75607604e-05
1.91881578e-05
2.00266763e-05
1.99057796e-05
1.86827818e-05
1.62539955e-05
1.25650878e-05
7.61997909e-06
1.48762432e-06
-5.69394716e-06
-1.37168718e-05
-2.23063927e-05
-3.11277611e-05
-3.97971656e-05
-4.78965317e-05
-5.49917943e-05
-6.06539913e-05
-6.44822830e-05
-6.61277728e-05
-6.53168132e-05
-6.18723400e-05
-5.57317029e-05
-4.69594943e-05
-3.57541151e-05
-2.24470169e-05
-7.49389234e-06
8.54198702e-06
2.50139415e-05
4.12231801e-05
5.64552552e-05
7.00192443e-05
8.12875093e-05
8.97331699e-05
9.49622733e-05
9.67377745e-05
9.49935704e-05
8.98381196e-05
8.15474616e-05
7.05484475e-05
5.73934575e-05
4.27284341e-05
2.72564641e-05
1.16987312e-05
-3.24530251e-06
-1.69357652e-05
-2.88258635e-05
-3.84890308e-05
-4.56383337e-05
-5.01371679e-05
-5.20005399e-05
-5.13872311e-05
-4.85839643e-05
-4.39824403e-05
-3.80503792e-05
-3.12982427e-05
-2.42433262e-05
-1.73734388e-05
-1.11131033e-05
-5.79494155e-06
-1.63848309e-06
1.26178855e-06
2.93818903e-06
3.54130567e-06
3.32184837e-06
2.60448230e-06
1.75565308e-06
1.14722273e-06
1.11808156e-06
1.93680720e-06
3.76880270e-06
6.65096760e-06
1.04763110e-05
1.49903114e-05
1.98000263e-05
2.43954717e-05
2.81825117e-05
3.05254972e-05
3.07961069e-05
2.84255429e-05
2.29574397e-05
1.40970720e-05
1.75255873e-06
-1.39350158e-05
-3.25750292e-05
-5.35261223e-05
-7.59115244e-05
-9.86509130e-05
-1.20507287e-04
-1.40146546e-04
-1.56207424e-04
-1.67379486e-04
-1.72485193e-04
-1.70560270e-04
-1.60927607e-04
-1.43260775e-04
-1.17632042e-04
-8.45404411e-05
-4.49166591e-05
-1.03105458e-07
4.81910218e-05
9.79598157e-05
1.46994603e-04
1.92997291e-04
2.33706695e-04
2.67029631e-04
2.91166800e-04
3.04725364e-04
3.06811581e-04
2.97093333e-04
2.75827452e-04
2.43851560e-04
2.02542867e-04
1.53747460e-04
9.96820568e-05
4.28140203e-05
-1.42734235e-05
-6.90219900e-05
-1.19035751e-04
-1.62209726e-04
-1.96840763e-04
-2.21710453e-04
-2.36135400e-04
-2.39983398e-04
-2.33657817e-04
-2.18053404e-04
-1.94484776e-04
-1.64592738e-04
-1.30236160e-04
-9.33771170e-05
-5.59662518e-05
-1.98362492e-05
1.33904099e-05
4.23760091e-05
6.61166916e-05
0.00000000e+00
0.00000000e+00
0.00000000e+00
0.00000000e+00
0.00000000e+00
0.00000000e+00
0.00000000e+00
0.00000000e+00
0.00000000e+00
0.00000000e+00
0.00000000e+00
0.00000000e+00
0.00000000e+00
0.00000000e+00
0.00000000e+00
0.00000000e+00
0.00000000e+00
0.00000000e+00
0.00000000e+00
0.00000000e+00
0.00000000e+00
0.00000000e+00
0.00000000e+00
0.00000000e+00
0.00000000e+00
0.00000000e+00
0.00000000e+00
0.00000000e+00
0.00000000e+00
0.00000000e+00
0.00000000e+00
0.00000000e+00
0.00000000e+00
0.00000000e+00
0.00000000e+00
0.00000000e+00
0.00000000e+00
0.00000000e+00
0.00000000e+00
0.00000000e+00
0.00000000e+00
0.00000000e+00
0.00000000e+00
0.00000000e+00
0.00000000e+00
0.00000000e+00
0.00000000e+00
0.00000000e+00
0.00000000e+00
0.00000000e+00
0.00000000e+00
0.00000000e+00
0.00000000e+00
0.00000000e+00
0.00000000e+00
0.00000000e+00
0.00000000e+00
0.00000000e+00
0.00000000e+00
0.00000000e+00
0.00000000e+00
0.00000000e+00
0.00000000e+00
0.00000000e+00
0.00000000e+00
0.00000000e+00
0.00000000e+00
0.00000000e+00
0.00000000e+00
0.00000000e+00
0.00000000e+00
0.00000000e+00
0.00000000e+00
0.00000000e+00
0.00000000e+00
0.00000000e+00
0.00000000e+00
0.00000000e+00
0.00000000e+00
0.00000000e+00
0.00000000e+00
0.00000000e+00
0.00000000e+00
0.00000000e+00
0.00000000e+00
0.00000000e+00
0.00000000e+00
0.00000000e+00
0.00000000e+00
0.00000000e+00
0.00000000e+00
0.00000000e+00
0.00000000e+00
0.00000000e+00
0.00000000e+00
0.00000000e+00
0.00000000e+00
0.00000000e+00
0.00000000e+00
0.00000000e+00
0.00000000e+00
0.00000000e+00
0.00000000e+00
0.00000000e+00
0.00000000e+00
0.00000000e+00
0.00000000e+00
0.00000000e+00
0.00000000e+00
0.00000000e+00
0.00000000e+00
0.00000000e+00
0.00000000e+00
0.00000000e+00
0.00000000e+00
0.00000000e+00
0.00000000e+00
0.00000000e+00
0.00000000e+00
0.00000000e+00
0.00000000e+00
0.00000000e+00
0.00000000e+00
0.00000000e+00
0.00000000e+00
0.00000000e+00
0.00000000e+00
0.00000000e+00
0.00000000e+00
0.00000000e+00
0.00000000e+00
0.00000000e+00
0.00000000e+00
0.00000000e+00
0.00000000e+00
0.00000000e+00
0.00000000e+00
0.00000000e+00
0.00000000e+00
0.00000000e+00
0.00000000e+00
0.00000000e+00
0.00000000e+00
0.00000000e+00
0.00000000e+00
0.00000000e+00
0.00000000e+00
0.00000000e+00
0.00000000e+00
0.00000000e+00
0.00000000e+00
0.00000000e+00
0.00000000e+00
0.00000000e+00
0.00000000e+00
0.00000000e+00
0.00000000e+00
0.00000000e+00
0.00000000e+00
0.00000000e+00
0.00000000e+00
0.00000000e+00
0.00000000e+00
0.00000000e+00
0.00000000e+00
0.00000000e+00
0.00000000e+00
0.00000000e+00
0.00000000e+00
0.00000000e+00
0.00000000e+00
0.00000000e+00
0.00000000e+00
0.00000000e+00
0.00000000e+00
0.00000000e+00
0.00000000e+00
0.00000000e+00
0.00000000e+00
0.00000000e+00
0.00000000e+00
0.00000000e+00
0.00000000e+00
0.00000000e+00
0.00000000e+00
0.00000000e+00
0.00000000e+00
0.00000000e+00
0.00000000e+00
0.00000000e+00
0.00000000e+00
0.00000000e+00
0.00000000e+00
0.00000000e+00
0.00000000e+00
0.00000000e+00
0.00000000e+00
0.00000000e+00
0.00000000e+00
0.00000000e+00
0.00000000e+00
0.00000000e+00
0.00000000e+00
0.00000000e+00
0.00000000e+00
0.00000000e+00
0.00000000e+00
0.00000000e+00
0.00000000e+00
0.00000000e+00
0.00000000e+00
0.00000000e+00
0.00000000e+00
0.00000000e+00
0.00000000e+00
0.00000000e+00
0.00000000e+00
0.00000000e+00
0.00000000e+00
0.00000000e+00
0.00000000e+00
0.00000000e+00
0.00000000e+00
0.00000000e+00
0.00000000e+00
0.00000000e+00
0.00000000e+00
0.00000000e+00
0.00000000e+00
0.00000000e+00
0.00000000e+00
0.00000000e+00
0.00000000e+00
0.00000000e+00
0.00000000e+00
0.00000000e+00
0.00000000e+00
0.00000000e+00
0.00000000e+00
0.00000000e+00
0.00000000e+00
0.00000000e+00
0.00000000e+00
0.00000000e+00
0.00000000e+00
0.00000000e+00
0.00000000e+00
0.00000000e+00
0.00000000e+00
0.00000000e+00
0.00000000e+00
0.00000000e+00
0.00000000e+00
0.00000000e+00
0.00000000e+00
0.00000000e+00
0.00000000e+00
0.00000000e+00
0.00000000e+00
0.00000000e+00
0.00000000e+00
0.00000000e+00
0.00000000e+00
0.00000000e+00
0.00000000e+00
0.00000000e+00
0.00000000e+00
0.00000000e+00
0.00000000e+00
0.00000000e+00
0.00000000e+00
0.00000000e+00
-6.25085609e-08
-8.87469159e-09
4.61891780e-08
9.99701033e-08
1.49549954e-07
1.91940690e-07
2.24238336e-07
2.43789005e-07
2.48358809e-07
2.36298263e-07
2.06690971e-07
1.59476213e-07
9.55353488e-08
1.67329428e-08
-7.40948974e-08
-1.73210038e-07
-2.76101619e-07
-3.77673295e-07
-4.72482321e-07
-5.55020247e-07
-6.20021065e-07
-6.62779397e-07
-6.79459147e-07
-6.67371990e-07
-6.25205201e-07
-5.53179616e-07
-4.53121483e-07
-3.28437452e-07
-1.83989315e-07
-2.58725919e-08
1.38890040e-07
3.02722887e-07
4.57916441e-07
5.97066035e-07
7.13501892e-07
8.01681786e-07
8.57518548e-07
8.78617094e-07
8.64401947e-07
8.16126033e-07
7.36763472e-07
6.30799557e-07
5.03937596e-07
3.62746432e-07
2.14273959e-07
6.56518921e-08
-7.62840185e-08
-2.05337101e-07
-3.16240923e-07
-4.04889131e-07
-4.68499357e-07
-5.05709314e-07
-5.16604341e-07
-5.02677364e-07
-4.66724351e-07
-4.12680934e-07
-3.45408908e-07
-2.70443529e-07
-1.93712596e-07
-1.21237525e-07
-5.88279149e-08
-1.17834042e-08
1.53823737e-08
1.91813830e-08
-2.65760858e-09
-5.10546538e-08
-1.25505470e-07
-2.24070455e-07
-3.43424413e-07
-4.78962128e-07
-6.24951345e-07
-7.74723535e-07
-9.20894446e-07
-1.05560958e-06
-1.17081276e-06
-1.25853685e-06
-1.31121345e-06
-1.32199559e-06
-1.28508620e-06
-1.19606467e-06
-1.05220208e-06
-8.52749918e-07
-5.99182382e-07
-2.95370636e-07
5.23306561e-08
4.35100750e-07
8.41786671e-07
1.25916142e-06
1.67230998e-06
2.06514198e-06
2.42102471e-06
2.72352378e-06
2.95723046e-06
3.10864548e-06
3.16708033e-06
3.12552927e-06
2.98146094e-06
2.73747742e-06
2.40178898e-06
1.98845480e-06
1.51734541e-06
1.01379186e-06
5.07898680e-07
3.35109418e-08
-3.73159628e-07
-6.75225968e-07
-8.37089482e-07
-8.26608552e-07
-6.17382230e-07
-1.91038904e-07
4.60595993e-07
1.33359010e-06
2.41039430e-06
3.65887142e-06
5.03198924e-06
6.46828442e-06
7.89317506e-06
9.22116254e-06
1.03589188e-05
1.12092067e-05
1.16755242e-05
1.16673094e-05
1.11054828e-05
9.92805742e-06
8.09550485e-06
5.59554419e-06
2.44701579e-06
-1.29748500e-06
-5.55050518e-06
-1.01903998e-05
-1.50639278e-05
-1.99908443e-05
-2.47704451e-05
-2.91898962e-05
-3.30340536e-05
-3.60963508e-05
-3.81902156e-05
-3.91603733e-05
-3.88933189e-05
-3.73262126e-05
-3.44535035e-05
-3.03306477e-05
-2.50744075e-05
-1.88595833e-05
-1.19120421e-05
-4.49781966e-06
3.09107516e-06
1.05528133e-05
1.75930846e-05
2.39422404e-05
2.93700250e-05
3.36970747e-05
3.68031038e-05
3.86308814e-05
3.91860048e-05
3.85325502e-05
3.67847463e-05
3.40961406e-05
3.06478108e-05
2.66362263e-05
2.22618705e-05
1.77191500e-05
1.31879655e-05
8.82737735e-06
4.77159390e-06
1.12745797e-06
-2.02676756e-06
-4.64046810e-06
-6.68809798e-06
-8.16635364e-06
-9.09112985e-06
-9.49375239e-06
-9.41818197e-06
-8.91956359e-06
-8.06232215e-06
-6.91779780e-06
-5.56284667e-06
-4.07782058e-06
-2.54266891e-06
-1.03264297e-06
3.85565596e-07
1.65765993e-06
2.74548538e-06
3.62964116e-06
4.31031860e-06
4.80692013e-06
5.15700916e-06
5.41412660e-06
5.64376443e-06
5.91772646e-06
6.30651880e-06
6.87004639e-06
7.64827324e-06
8.65228609e-06
9.85589973e-06
1.11898142e-05
1.25394988e-05
1.37466899e-05
1.46146092e-05
1.49170061e-05
1.44114491e-05
1.28552856e-05
1.00239643e-05
5.73264311e-06
-1.42941737e-07
-7.64833874e-06
-1.67337286e-05
-2.72408848e-05
-3.88969217e-05
-5.13144759e-05
-6.39987038e-05
-7.63625816e-05
-8.77497830e-05
-9.74642919e-05
-1.04806409e-04
-1.09112504e-04
-1.09797084e-04
-1.06395439e-04
-9.86027616e-05
-8.63061287e-05
-6.96077273e-05
-4.88379976e-05
-2.45560348e-05
2.46447220e-06
3.12637030e-05
6.07373557e-05
8.96888305e-05
1.16888401e-04
1.41136500e-04
1.61327457e-04
1.76508551e-04
1.85931329e-04
1.89092893e-04
1.85764656e-04
1.76006353e-04
1.60164265e-04
1.38853527e-04
1.12925195e-04
8.34208519e-05
5.15172641e-05
