0.00000000e+00
0.00000000e+00
0.00000000e+00
0.00000000e+00
0.00000000e+00
0.00000000e+00
0.00000000e+00
0.00000000e+00
0.00000000e+00
0.00000000e+00
0.00000000e+00
0.00000000e+00
0.00000000e+00
0.00000000e+00
0.00000000e+00
0.00000000e+00
0.00000000e+00
0.00000000e+00
0.00000000e+00
0.00000000e+00
0.00000000e+00
0.00000000e+00
0.00000000e+00
0.00000000e+00
0.00000000e+00
0.00000000e+00
0.00000000e+00
0.00000000e+00
0.00000000e+00
0.00000000e+00
0.00000000e+00
0.00000000e+00
0.00000000e+00
0.00000000e+00
0.00000000e+00
0.00000000e+00
0.00000000e+00
0.00000000e+00
0.00000000e+00
0.00000000e+00
0.00000000e+00
0.00000000e+00
0.00000000e+00
0.00000000e+00
0.00000000e+00
0.00000000e+00
0.00000000e+00
0.00000000e+00
0.00000000e+00
0.00000000e+00
0.00000000e+00
0.00000000e+00
0.00000000e+00
0.00000000e+00
0.00000000e+00
0.00000000e+00
0.00000000e+00
0.00000000e+00
0.00000000e+00
0.00000000e+00
0.00000000e+00
0.00000000e+00
0.00000000e+00
0.00000000e+00
0.00000000e+00
0.00000000e+00
0.00000000e+00
0.00000000e+00
0.00000000e+00
0.00000000e+00
0.00000000e+00
0.00000000e+00
0.00000000e+00
0.00000000e+00
0.00000000e+00
0.00000000e+00
0.00000000e+00
0.00000000e+00
0.00000000e+00
0.00000000e+00
0.00000000e+00
0.00000000e+00
0.00000000e+00
0.00000000e+00
0.00000000e+00
0.00000000e+00
0.00000000e+00
0.00000000e+00
0.00000000e+00
0.00000000e+00
0.00000000e+00
0.00000000e+00
0.00000000e+00
0.00000000e+00
0.00000000e+00
0.00000000e+00
0.00000000e+00
0.00000000e+00
0.00000000e+00
0.00000000e+00
0.00000000e+00
0.00000000e+00
0.00000000e+00
0.00000000e+00
0.00000000e+00
0.00000000e+00
0.00000000e+00
0.00000000e+00
0.00000000e+00
0.00000000e+00
0.00000000e+00
0.00000000e+00
0.00000000e+00
0.00000000e+00
0.00000000e+00
0.00000000e+00
0.00000000e+00
0.00000000e+00
0.00000000e+00
0.00000000e+00
0.00000000e+00
0.00000000e+00
0.00000000e+00
0.00000000e+00
0.00000000e+00
0.00000000e+00
0.00000000e+00
0.00000000e+00
0.00000000e+00
0.00000000e+00
0.00000000e+00
0.00000000e+00
0.00000000e+00
0.00000000e+00
0.00000000e+00
0.00000000e+00
0.00000000e+00
0.00000000e+00
0.00000000e+00
0.00000000e+00
0.00000000e+00
0.00000000e+00
0.00000000e+00
0.00000000e+00
0.00000000e+00
0.00000000e+00
0.00000000e+00
0.00000000e+00
0.00000000e+00
0.00000000e+00
0.00000000e+00
0.00000000e+00
0.00000000e+00
0.00000000e+00
0.00000000e+00
0.00000000e+00
0.00000000e+00
0.00000000e+00
0.00000000e+00
0.00000000e+00
0.00000000e+00
0.00000000e+00
0.00000000e+00
0.00000000e+00
0.00000000e+00
0.00000000e+00
0.00000000e+00
0.00000000e+00
0.00000000e+00
0.00000000e+00
0.00000000e+00
0.00000000e+00
0.00000000e+00
0.00000000e+00
0.00000000e+00
0.00000000e+00
0.00000000e+00
0.00000000e+00
0.00000000e+00
0.00000000e+00
0.00000000e+00
0.00000000e+00
0.00000000e+00
0.00000000e+00
0.00000000e+00
0.00000000e+00
0.00000000e+00
0.00000000e+00
0.00000000e+00
0.00000000e+00
0.00000000e+00
0.00000000e+00
0.00000000e+00
0.00000000e+00
0.00000000e+00
0.00000000e+00
0.00000000e+00
0.00000000e+00
0.00000000e+00
0.00000000e+00
0.00000000e+00
0.00000000e+00
0.00000000e+00
0.00000000e+00
0.00000000e+00
0.00000000e+00
0.00000000e+00
0.00000000e+00
0.00000000e+00
0.00000000e+00
0.00000000e+00
0.00000000e+00
0.00000000e+00
0.00000000e+00
0.00000000e+00
0.00000000e+00
0.00000000e+00
0.00000000e+00
0.00000000e+00
0.00000000e+00
0.00000000e+00
0.00000000e+00
0.00000000e+00
0.00000000e+00
0.00000000e+00
0.00000000e+00
0.00000000e+00
0.00000000e+00
0.00000000e+00
0.00000000e+00
0.00000000e+00
0.00000000e+00
0.00000000e+00
0.00000000e+00
0.00000000e+00
0.00000000e+00
0.00000000e+00
0.00000000e+00
0.00000000e+00
0.00000000e+00
0.00000000e+00
0.00000000e+00
0.00000000e+00
0.00000000e+00
0.00000000e+00
0.00000000e+00
0.00000000e+00
0.00000000e+00
0.00000000e+00
0.00000000e+00
0.00000000e+00
0.00000000e+00
0.00000000e+00
0.00000000e+00
0.00000000e+00
0.00000000e+00
0.00000000e+00
0.00000000e+00
0.00000000e+00
0.00000000e+00
0.00000000e+00
0.00000000e+00
0.00000000e+00
0.00000000e+00
0.00000000e+00
0.00000000e+00
0.00000000e+00
0.00000000e+00
0.00000000e+00
0.00000000e+00
0.00000000e+00
0.00000000e+00
0.00000000e+00
0.00000000e+00
0.00000000e+00
0.00000000e+00
0.00000000e+00
0.00000000e+00
0.00000000e+00
0.00000000e+00
0.00000000e+00
0.00000000e+00
0.00000000e+00
0.00000000e+00
0.00000000e+00
0.00000000e+00
0.00000000e+00
0.00000000e+00
0.00000000e+00
0.00000000e+00
0.00000000e+00
0.00000000e+00
0.00000000e+00
0.00000000e+00
0.00000000e+00
0.00000000e+00
0.00000000e+00
0.00000000e+00
0.00000000e+00
0.00000000e+00
0.00000000e+00
0.00000000e+00
0.00000000e+00
0.00000000e+00
0.00000000e+00
0.00000000e+00
0.00000000e+00
0.00000000e+00
0.00000000e+00
0.00000000e+00
0.00000000e+00
0.00000000e+00
0.00000000e+00
0.00000000e+00
0.00000000e+00
0.00000000e+00
0.00000000e+00
0.00000000e+00
0.00000000e+00
0.00000000e+00
0.00000000e+00
0.00000000e+00
0.00000000e+00
0.00000000e+00
0.00000000e+00
0.00000000e+00
0.00000000e+00
0.00000000e+00
0.00000000e+00
0.00000000e+00
0.00000000e+00
0.00000000e+00
0.00000000e+00
0.00000000e+00
0.00000000e+00
0.00000000e+00
0.00000000e+00
0.00000000e+00
0.00000000e+00
0.00000000e+00
4.43331452e-07
4.62544126e-07
4.81060397e-07
4.97286191e-07
5.09415523e-07
5.15488880e-07
5.13467080e-07
5.01318948e-07
4.77120346e-07
4.39161260e-07
3.86056813e-07
3.16857241e-07
2.31151247e-07
1.29156224e-07
1.17879718e-08
-1.19297403e-07
-2.61695821e-07
-4.12286971e-07
-5.67309080e-07
-7.22478334e-07
-8.73151124e-07
-1.01452311e-06
-1.14185558e-06
-1.25071701e-06
-1.33722613e-06
-1.39828189e-06
-1.43176621e-06
-1.43670765e-06
-1.41339647e-06
-1.36344329e-06
-1.28977441e-06
-1.19655739e-06
-1.08905372e-06
-9.73398653e-07
-8.56313583e-07
-7.44761951e-07
-6.45564298e-07
-5.64992081e-07
-5.08363094e-07
-4.79664654e-07
-4.81232322e-07
-5.13510559e-07
-5.74917632e-07
-6.61830234e-07
-7.68694665e-07
-8.88262555e-07
-1.01194215e-06
-1.13025132e-06
-1.23335362e-06
-1.31165452e-06
-1.35643129e-06
-1.36046670e-06
-1.31865383e-06
-1.22853533e-06
-1.09074039e-06
-9.09283789e-07
-6.91694692e-07
-4.48946676e-07
-1.95168252e-07
5.28768823e-08
2.76537760e-07
4.56234781e-07
5.72596089e-07
6.07725637e-07
5.46544498e-07
3.78135613e-07
9.70150721e-08
-2.95751134e-07
-7.91667497e-07
-1.37424678e-06
-2.01883679e-06
-2.69289211e-06
-3.35672659e-06
-3.96475934e-06
-4.46724142e-06
-4.81242345e-06
-4.94909554e-06
-4.82940448e-06
-4.41182836e-06
-3.66416768e-06
-2.56639428e-06
-1.11318741e-06
6.84017315e-07
2.79563329e-06
5.17333091e-06
7.75036746e-06
1.04429200e-05
1.31524541e-05
1.57691052e-05
1.81759892e-05
2.02542922e-05
2.18889266e-05
2.29744776e-05
2.34211116e-05
2.31600834e-05
2.21484634e-05
2.03727662e-05
1.78512608e-05
1.46347567e-05
1.08055442e-05
6.47433877e-06
1.77539274e-06
-3.13976761e-06
-8.10931389e-06
-1.29684173e-05
-1.75564493e-05
-2.17236800e-05
-2.53373220e-05
-2.82864660e-05
-3.04855423e-05
-3.18760911e-05
-3.24271295e-05
-3.21347245e-05
-3.10206733e-05
-2.91301702e-05
-2.65290761e-05
-2.33011397e-05
-1.95451516e-05
-1.53718536e-05
-1.09006433e-05
-6.25633176e-06
-1.56595981e-06
3.04440561e-06
7.45276122e-06
1.15440943e-05
1.52131771e-05
1.83672256e-05
2.09285241e-05
2.28369481e-05
2.40519828e-05
2.45542549e-05
2.43466718e-05
2.34548300e-05
2.19263458e-05
1.98291714e-05
1.72491044e-05
1.42865813e-05
1.10525779e-05
7.66395258e-06
4.23848831e-06
8.89760223e-07
-2.27763206e-06
-5.17222778e-06
-7.71913399e-06
-9.86244341e-06
-1.15663859e-05
-1.28151826e-05
-1.36118498e-05
-1.39760972e-05
-1.39414182e-05
-1.35516690e-05
-1.28571659e-05
-1.19103082e-05
-1.07612057e-05
-9.45377444e-06
-8.02257086e-06
-6.49053949e-06
-4.86788324e-06
-3.15222133e-06
-1.33014324e-06
6.19850663e-07
2.72339025e-06
5.00569502e-06
7.48635088e-06
1.01733266e-05
1.30568890e-05
1.61042851e-05
1.92556915e-05
2.24219902e-05
2.54850308e-05
2.83004726e-05
3.07030665e-05
6.03977809e-08
5.71578698e-08
5.33630844e-08
4.91838104e-08
4.48281745e-08
4.05352430e-08
3.65656924e-08
3.31901515e-08
3.06755688e-08
2.92701072e-08
2.91872091e-08
3.05895941e-08
3.35740436e-08
3.81578754e-08
4.42680227e-08
5.17335886e-08
6.02826622e-08
6.95440440e-08
7.90543461e-08
8.82707059e-08
9.65890491e-08
1.03367516e-07
1.07954332e-07
1.09719051e-07
1.08085757e-07
1.02566425e-07
9.27923771e-08
7.85417487e-08
5.97611316e-08
3.65799060e-08
9.31621744e-09
-2.15260577e-08
-5.52697167e-08
-9.10861142e-08
-1.28026223e-07
-1.65059924e-07
-2.01121750e-07
-2.35160479e-07
-2.66189349e-07
-2.93333612e-07
-3.15872461e-07
-3.33273090e-07
-3.45215614e-07
-3.51608386e-07
-3.52593492e-07
-3.48541822e-07
-3.40036899e-07
-3.27846804e-07
-3.12883771e-07
-2.96152117e-07
-2.78686782e-07
-2.61485976e-07
-2.45442299e-07
-2.31277085e-07
-2.19482856e-07
-2.10278466e-07
-2.03581018e-07
-1.98997598e-07
-1.95838475e-07
-1.93151750e-07
-1.89777807e-07
-1.84420450e-07
-1.75730289e-07
-1.62395109e-07
-1.43231522e-07
-1.17272251e-07
-8.38436433e-08
-4.26284142e-08
6.29053829e-09
6.24081451e-08
1.24798405e-07
1.92138767e-07
2.62756549e-07
3.34695142e-07
4.05796189e-07
4.73792391e-07
5.36404869e-07
5.91439192e-07
6.36874865e-07
6.70944389e-07
6.92199836e-07
6.99566841e-07
6.92387027e-07
6.70449830e-07
6.34013929e-07
5.83817639e-07
5.21077191e-07
4.47471523e-07
3.65111749e-07
2.76492840e-07
1.84425340e-07
9.19462469e-08
2.21004230e-09
-8.16370032e-08
-1.56593711e-07
-2.19944883e-07
-2.69398359e-07
-3.03210264e-07
-3.20290700e-07
-3.20282533e-07
-3.03606568e-07
-2.71467837e-07
-2.25819867e-07
-1.69286640e-07
-1.05044885e-07
-3.66718430e-08
3.20342409e-08
9.72515340e-08
1.55338750e-07
2.03033896e-07
2.37635315e-07
2.57153283e-07
2.60422309e-07
2.47166844e-07
2.18015985e-07
1.74465601e-07
1.18789569e-07
5.39051581e-08
-1.67994875e-08
-8.96653960e-08
-1.60977844e-07
-2.27182805e-07
-2.85091053e-07
-3.32057222e-07
-3.66122844e-07
-3.86114978e-07
-3.91695503e-07
-3.83359695e-07
-3.62385761e-07
-3.30739854e-07
-2.90943436e-07
-2.45911749e-07
-1.98773839e-07
-1.52685838e-07
-1.10649603e-07
-7.53475696e-08
-4.90024134e-08
-3.32676192e-08
-2.91526514e-08
-3.69847046e-08
-5.64076260e-08
-8.64169023e-08
-1.25427292e-07
-1.71367620e-07
-2.21796271e-07
-2.74030723e-07
-3.25284514e-07
-3.72804890e-07
-4.14004534e-07
-4.46580935e-07
-4.68617749e-07
-4.78663886e-07
-4.75787465e-07
-4.59603243e-07
-4.30273424e-07
-3.88483249e-07
-3.35394216e-07
-2.72579147e-07
-2.01943454e-07
-1.25636454e-07
-4.59562643e-08
3.47484978e-08
1.14177148e-07
1.90172423e-07
2.60809533e-07
3.24474675e-07
3.79928761e-07
4.26352431e-07
4.63369308e-07
4.91045899e-07
5.09867849e-07
5.20693844e-07
5.24689960e-07
5.23248291e-07
5.17893928e-07
5.10184671e-07
5.01608421e-07
4.93483320e-07
4.86865911e-07
4.82472912e-07
4.80622442e-07
4.81200154e-07
4.83654164e-07
4.87020814e-07
4.89981347e-07
4.90947421e-07
4.88171019e-07
4.79872006e-07
4.64374700e-07
4.40243738e-07
4.06409350e-07
3.62272781e-07
3.07783865e-07
2.43484545e-07
1.70514311e-07
9.05759249e-08
5.86306356e-09
-8.10455398e-08
-1.67318511e-07
-2.50022008e-07
-3.26277924e-07
-3.93420221e-07
-4.49139911e-07
-4.91610395e-07
-5.19586685e-07
-5.32473510e-07
-5.30358681e-07
-5.14009753e-07
-4.84834276e-07
-4.44805908e-07
-3.96360345e-07
-3.42266897e-07
-2.85483539e-07
-2.29003920e-07
-1.75704274e-07
-1.28197440e-07
-8.87008631e-08
-5.89250114e-08
-3.99879643e-08
-3.23612316e-08
-3.58506001e-08
-4.96140162e-08
-7.22165587e-08
-1.01720142e-07
-1.35802608e-07
-1.71898381e-07
-2.07351394e-07
-2.39570473e-07
-2.66177675e-07
-2.85141497e-07
-2.94888108e-07
-2.94385021e-07
-2.83193364e-07
-2.61487077e-07
-2.30039136e-07
-1.90176014e-07
-1.43702825e-07
-9.28033346e-08
-3.99208543e-08
1.23727978e-08
6.15129494e-08
1.05075555e-07
1.40902201e-07
1.67210579e-07
1.82684760e-07
1.86540615e-07
1.78563334e-07
1.59115888e-07
1.29119001e-07
9.00047631e-08
4.36473793e-08
-7.72456264e-09
-6.16291959e-08
-1.15440538e-07
-1.66501039e-07
-2.12233673e-07
-2.50250021e-07
-2.78451009e-07
-2.95117445e-07
-2.98988013e-07
-2.89322589e-07
-2.65948803e-07
-2.29289795e-07
-1.80370866e-07
-1.20802314e-07
-5.27359404e-08
2.12060868e-08
9.80292683e-08
1.74488960e-07
2.47232174e-07
3.12952555e-07
3.68550074e-07
4.11285714e-07
4.38921562e-07
4.49838032e-07
4.43121785e-07
4.18619975e-07
3.76958403e-07
3.19522675e-07
2.48403419e-07
1.66308538e-07
7.64470603e-08
-1.76095015e-08
-1.12081381e-07
-2.03142797e-07
-2.87084070e-07
-3.60465670e-07
-4.20257077e-07
-4.63954457e-07
-4.89672671e-07
-4.96208830e-07
-4.83076415e-07
-4.50510902e-07
-3.99449224e-07
-3.31485492e-07
-2.48805231e-07
-1.54100783e-07
-5.04709777e-08
5.86915895e-08
1.69822439e-07
2.79313427e-07
3.83644175e-07
4.79512714e-07
5.63961001e-07
6.34491017e-07
6.89167030e-07
7.26699432e-07
7.46505787e-07
7.48744808e-07
7.34319299e-07
7.04845113e-07
6.62585161e-07
6.10349698e-07
5.51366058e-07
4.89123010e-07
4.27196840e-07
3.69067729e-07
3.17936324e-07
2.76551201e-07
2.47058013e-07
2.30879835e-07
2.28636030e-07
2.40104732e-07
2.64231934e-07
2.99187836e-07
3.42468288e-07
3.91036210e-07
4.41495427e-07
4.90287311e-07
5.33898521e-07
5.69066913e-07
5.92972313e-07
6.03399671e-07
5.98863708e-07
5.78686810e-07
5.43025337e-07
4.92843496e-07
4.29837641e-07
3.56316597e-07
2.75046147e-07
1.89068076e-07
1.01505515e-07
1.53670300e-08
-6.66378857e-08
-1.42259529e-07
-2.09834073e-07
-2.68366934e-07
-3.17568631e-07
-3.57841828e-07
-3.90222276e-07
-4.16280204e-07
-4.37991064e-07
-4.57585210e-07
-4.77386057e-07
-4.99646088e-07
-5.26389374e-07
-5.59268436e-07
-5.99442430e-07
-6.47482646e-07
-7.03310477e-07
-7.66172173e-07
-8.34653750e-07
-9.06738392e-07
-9.79907368e-07
-1.05128330e-06
-1.11781161e-06
-1.17647234e-06
-1.22451114e-06
-1.25967540e-06
-1.28043926e-06
-1.28620015e-06
-1.27742914e-06
-1.25575955e-06
-1.22400027e-06
-1.18606448e-06
-1.14680894e-06
-1.11178456e-06
-1.08690516e-06
-1.07804717e-06
-1.09059971e-06
-1.12898990e-06
-1.19621312e-06
-1.29340061e-06
-1.41945752e-06
-1.57080293e-06
-1.74123945e-06
-1.92197491e-06
-2.10181184e-06
-2.26751303e-06
-2.40434253e-06
-2.49677160e-06
-2.52932817e-06
-2.48755737e-06
-2.35905054e-06
-2.13449177e-06
-1.80866392e-06
-1.38135134e-06
-8.58073883e-07
-2.50587209e-07
4.22911104e-07
1.13792196e-06
1.86417100e-06
2.56654279e-06
3.20642429e-06
3.74343537e-06
4.13749923e-06
4.35118010e-06
4.35219044e-06
4.11594708e-06
3.62803681e-06
2.88643985e-06
1.90335339e-06
7.06460957e-07
-6.60494793e-07
-2.13795649e-06
-3.65170357e-06
-5.11496119e-06
-6.43146989e-06
-7.49946590e-06
-8.21646581e-06
-8.48469148e-06
-8.21691642e-06
-7.34246524e-06
-5.81305650e-06
-3.60815011e-06
-7.39446528e-07
2.74580979e-06
6.76304544e-06
1.11903683e-05
1.58705831e-05
2.06153333e-05
2.52113852e-05
2.94289481e-05
3.30317948e-05
3.57888130e-05
3.74864906e-05
3.79417164e-05
3.70141856e-05
3.46176288e-05
3.07290507e-05
2.53951918e-05
1.87355634e-05
1.09416172e-05
2.27159256e-06
-6.95915826e-06
-1.63921863e-05
-2.56434765e-05
-3.43231039e-05
-4.20558758e-05
-4.85015421e-05
-5.33731697e-05
-5.64525253e-05
-5.76016153e-05
-5.67699222e-05
-5.39967777e-05
-4.94087408e-05
-4.32121700e-05
-3.56815546e-05
-2.71444205e-05
-1.79639849e-05
-8.52090012e-06
8.04920278e-07
9.65160572e-06
1.76910477e-05
2.46425711e-05
3.02838699e-05
3.44586825e-05
3.70809448e-05
3.81353355e-05
3.76744675e-05
3.58130616e-05
3.27195231e-05
2.86054422e-05
2.37135587e-05
1.83048206e-05
1.26453379e-05
6.99400007e-06
1.59129057e-06
-3.35028587e-06
-7.65379041e-06
-1.11833392e-05
-1.38475582e-05
-1.56012825e-05
-1.64455105e-05
-1.64255290e-05
-1.56272068e-05
-1.41715583e-05
-1.22080011e-05
-9.90651977e-06
-7.44896713e-06
-5.01940921e-06
-2.79384340e-06
-9.29956533e-07
4.42645841e-07
1.23157435e-06
1.38940578e-06
9.19483979e-07
-1.20707578e-07
-1.61932811e-06
-3.41416300e-06
-5.30086345e-06
-7.04457464e-06
-8.39397326e-06
-9.09701972e-06
-8.91794273e-06
-7.65470605e-06
-5.15596736e-06
-1.33647863e-06
3.81017408e-06
1.02023939e-05
1.76654656e-05
2.59313221e-05
-8.58616634e-08
-1.27211218e-07
-1.69133649e-07
-2.11359379e-07
-2.53638395e-07
-2.95743776e-07
-3.37472189e-07
-3.78640870e-07
-4.19080792e-07
-4.58625901e-07
-4.97098613e-07
-5.34292020e-07
-5.69949601e-07
-6.03743503e-07
-6.35252806e-07
-6.63943381e-07
-6.89151183e-07
-7.10070867e-07
-7.25751644e-07
-7.35102243e-07
-7.36906628e-07
-7.29851890e-07
-7.12569313e-07
-6.83689041e-07
-6.41907961e-07
-5.86069190e-07
-5.15250596e-07
-4.28858667e-07
-3.26722304e-07
-2.09179002e-07
-7.71445373e-08
6.78425028e-08
2.23608518e-07
3.87369692e-07
5.55795720e-07
7.25112103e-07
8.91238222e-07
1.04995596e-06
1.19710212e-06
1.32877548e-06
1.44154625e-06
1.53265296e-06
1.60017180e-06
1.64314356e-06
1.66164722e-06
1.65681116e-06
1.63075787e-06
1.58648358e-06
1.52768030e-06
1.45851077e-06
1.38334797e-06
1.30649158e-06
1.23187647e-06
1.16279151e-06
1.10162936e-06
1.04968867e-06
1.00704853e-06
9.72530321e-07
9.43754624e-07
9.17291376e-07
8.88890423e-07
8.53772627e-07
8.06958047e-07
7.43607099e-07
6.59351036e-07
5.50588896e-07
4.14730544e-07
2.50370055e-07
5.73808183e-08
-1.63069118e-07
-4.08578198e-07
-6.75641327e-07
-9.59836585e-07
-1.25605421e-06
-1.55875133e-06
-1.86221508e-06
-2.16081592e-06
-2.44923365e-06
-2.72264151e-06
-2.97683946e-06
-3.20833385e-06
-3.41436819e-06
-3.59291357e-06
-3.74262835e-06
-3.86279467e-06
-3.95323539e-06
-4.01421421e-06
-4.04632372e-06
-4.05036727e-06
-4.02724119e-06
-3.97782505e-06
-3.90288656e-06
-3.80300704e-06
-3.67853522e-06
-3.52957748e-06
-3.35603017e-06
-3.15765503e-06
-2.93419302e-06
-2.68550672e-06
-2.41173889e-06
-2.11347232e-06
-1.79187291e-06
-1.44879945e-06
-1.08687180e-06
-7.09497185e-07
-3.20855050e-07
7.41640244e-08
4.70071208e-07
8.60947951e-07
1.24066877e-06
1.60316950e-06
1.94274528e-06
2.25435827e-06
2.53393119e-06
2.77860090e-06
2.98690961e-06
3.15891637e-06
3.29621737e-06
3.40187062e-06
3.48022684e-06
3.53667300e-06
3.57730171e-06
3.60852441e-06
3.63664981e-06
3.66745259e-06
3.70576026e-06
3.75508418e-06
3.81731775e-06
3.89252087e-06
3.97880687e-06
4.07234313e-06
4.16747171e-06
4.25695011e-06
4.33230591e-06
4.38429158e-06
4.40342034e-06
4.38055549e-06
4.30751652e-06
4.17765971e-06
3.98639351e-06
3.73159364e-06
3.41388824e-06
3.03679007e-06
2.60666163e-06
2.13250939e-06
1.62561384e-06
1.09901427e-06
5.66879871e-07
4.38103783e-08
-4.55882024e-07
-9.18858215e-07
-1.33336351e-06
-1.68973401e-06
-1.98077652e-06
-2.20201004e-06
-2.35176555e-06
-2.43114848e-06
-2.44387184e-06
-2.39597115e-06
-2.29541654e-06
-2.15164473e-06
-1.97503816e-06
-1.77637779e-06
-1.56629446e-06
-1.35474360e-06
-1.15052787e-06
-9.60892125e-07
-7.91213682e-07
-6.44808126e-07
-5.22865437e-07
-4.24524000e-07
-3.47079060e-07
-2.86310592e-07
-2.36907036e-07
-1.92956243e-07
-1.48472711e-07
-9.79268374e-08
-3.67391923e-08
3.82961262e-08
1.28691706e-07
2.34076942e-07
3.52153528e-07
4.78798528e-07
6.08305236e-07
7.33742587e-07
8.47406153e-07
9.41326884e-07
1.00779995e-06
1.03989555e-06
1.03191420e-06
9.79751864e-07
8.81148955e-07
7.35808466e-07
5.45381180e-07
3.13325213e-07
4.46550599e-08
-2.54398626e-07
-5.76792027e-07
-9.15102462e-07
-1.26196113e-06
-1.61045292e-06
-1.95445470e-06
-2.28888824e-06
-2.60987344e-06
-2.91477882e-06
-3.20217510e-06
-3.47170676e-06
-3.72390207e-06
-3.95994344e-06
-4.18141854e-06
-4.39007101e-06
-4.58756663e-06
-4.77528798e-06
-4.95416964e-06
-5.12458411e-06
-5.28628348e-06
-5.43839324e-06
-5.57944796e-06
-5.70745877e-06
-5.82000594e-06
-5.91435242e-06
-5.98757551e-06
-6.03671260e-06
-6.05891519e-06
-6.05160359e-06
-6.01261447e-06
-5.94033454e-06
-5.83381556e-06
-5.69286616e-06
-5.51811883e-06
-5.31107344e-06
-5.07411908e-06
-4.81053013e-06
-4.52442622e-06
-4.22068506e-06
-3.90480013e-06
-3.58267732e-06
-3.26036557e-06
-2.94371916e-06
-2.63799816e-06
-2.34742299e-06
-2.07470499e-06
-1.82058231e-06
-1.58339667e-06
-1.35874884e-06
-1.13927325e-06
-9.14570715e-07
-6.71330324e-07
-3.93658475e-07
-6.36245844e-08
3.37974066e-07
8.30633368e-07
1.43296420e-06
2.16134312e-06
3.02843722e-06
4.04167028e-06
5.20171854e-06
6.50114287e-06
7.92327550e-06
9.44148289e-06
1.10189209e-05
1.26088832e-05
1.41558194e-05
1.55970627e-05
1.68652704e-05
1.78915336e-05
1.86090604e-05
1.89572930e-05
1.88862742e-05
1.83610417e-05
1.73657965e-05
1.59075751e-05
1.40191389e-05
1.17608079e-05
9.22098148e-06
6.51512990e-06
3.78309586e-06
1.18462390e-06
-1.10687215e-06
-2.91218640e-06
-4.05561184e-06
-4.37530172e-06
-3.73425655e-06
-2.03140402e-06
7.87833069e-07
4.72213391e-06
9.70671017e-06
1.56082191e-05
2.22227555e-05
2.92774242e-05
3.64358612e-05
4.33078979e-05
4.94633629e-05
5.44497795e-05
5.78134704e-05
5.91233309e-05
5.79963021e-05
5.41233709e-05
4.72947603e-05
3.74228608e-05
2.45614057e-05
8.91942877e-06
-9.13134541e-06
-2.90568248e-05
-5.01694346e-05
-7.16460221e-05
-9.25547743e-05
-1.11890622e-04
-1.28618051e-04
-1.41719685e-04
-1.50248464e-04
-1.53380771e-04
-1.50467462e-04
-1.41079382e-04
-1.25043677e-04
-1.02468050e-04
-7.37523535e-05
-3.95880681e-05
-9.44898505e-07
4.09576419e-05
8.46935487e-05
1.28683777e-04
1.71254154e-04
2.10689961e-04
2.45281902e-04
2.73366626e-04
2.93368739e-04
3.03848148e-04
3.03553064e-04
2.91477523e-04
2.66921870e-04
2.29553348e-04
1.79462461e-04
1.17209907e-04
4.38603793e-05
-3.89988913e-05
-1.29257169e-04
-2.24300582e-04
-3.21056947e-04
-4.16066461e-04
-5.05578893e-04
-5.85677843e-04
-6.52431159e-04
-7.02062728e-04
-7.31139339e-04
-7.36768026e-04
-7.16795139e-04
-6.69994165e-04
-5.96227790e-04
-4.96566830e-04
-3.73348955e-04
-2.30165774e-04
-7.17738267e-05
9.60704495e-05
2.66850622e-04
4.33595777e-04
5.89237011e-04
7.27002258e-04
8.40823243e-04
9.25715219e-04
9.78087524e-04
9.95949535e-04
9.78999698e-04
9.28600396e-04
8.47652712e-04
7.40386893e-04
6.12085729e-04
4.68762338e-04
3.16817056e-04
1.62701587e-04
1.26101960e-05
-1.27796339e-04
-2.53628137e-04
-3.60952216e-04
-4.46920936e-04
-5.09839668e-04
-5.49171716e-04
-5.65481699e-04
-5.60324047e-04
-5.36087940e-04
-4.95808878e-04
-4.42956547e-04
-3.81216776e-04
-3.14287513e-04
-2.45695448e-04
-1.78635288e-04
-1.15839779e-04
-5.94897748e-05
-1.11650651e-05
2.81708659e-05
5.81564873e-05
7.89891212e-05
9.13523636e-05
9.63182565e-05
9.52326516e-05
8.95937193e-05
8.09361532e-05
7.07297089e-05
6.02965481e-05
5.07474429e-05
4.29338135e-05
3.74171738e-05
3.44598631e-05
3.40364050e-05
3.58610984e-05
3.94301855e-05
4.40803094e-05
4.90580296e-05
5.35899531e-05
5.69464256e-05
5.84965262e-05
5.77527611e-05
5.44019601e-05
4.83196664e-05
3.95682754e-05
2.83821832e-05
1.51439615e-05
3.52771696e-07
-1.54117734e-05
-3.15244830e-05
-4.73455170e-05
-6.22476943e-05
-7.56416291e-05
-8.69963389e-05
-9.58557889e-05
-1.01857862e-04
-1.04754014e-04
-1.04419378e-04
-1.00851627e-04
-9.41660579e-05
-8.45915659e-05
-7.24657775e-05
-5.82252946e-05
-4.23920219e-05
-2.55589219e-05
-8.37181843e-06
8.49847887e-06
2.43935654e-05
3.87068384e-05
5.09194651e-05
6.06320368e-05
6.75900124e-05
7.16977369e-05
7.30169101e-05
7.17521861e-05
6.82299816e-05
6.28723389e-05
5.61658250e-05
4.86265632e-05
4.07646773e-05
3.30528409e-05
2.59009140e-05
1.96369394e-05
1.44943260e-05
1.06048952e-05
7.99729444e-06
6.59979822e-06
6.24883592e-06
6.70587480e-06
7.68288234e-06
8.87193427e-06
9.97360613e-06
1.07217189e-05
1.09026574e-05
1.03687656e-05
9.04538183e-06
6.93102851e-06
4.09342167e-06
6.63777868e-07
-3.17250210e-06
-7.19083040e-06
-1.11452109e-05
-1.47839719e-05
-1.78634311e-05
-2.01631860e-05
-2.15035201e-05
-2.17614790e-05
-2.08825469e-05
-1.88868175e-05
-1.58696829e-05
-1.19966694e-05
-7.49188086e-06
-2.62023916e-06
2.33445147e-06
7.09193904e-06
1.13959304e-05
1.50310881e-05
1.78365157e-05
1.97158772e-05
2.06422577e-05
2.06558346e-05
1.98542483e-05
1.83759988e-05
1.63788633e-05
1.40178035e-05
1.14279302e-05
8.71546371e-06
5.95542637e-06
3.19514466e-06
4.62892876e-07
-2.22115408e-06
-4.83538462e-06
-7.35054324e-06
-9.72681767e-06
-1.19146773e-05
-1.38586670e-05
-1.55020124e-05
-1.67905931e-05
-1.76745813e-05
-1.81079670e-05
-1.80487454e-05
-1.74622810e-05
0.00000000e+00
0.00000000e+00
0.00000000e+00
0.00000000e+00
0.00000000e+00
0.00000000e+00
0.00000000e+00
0.00000000e+00
0.00000000e+00
0.00000000e+00
0.00000000e+00
0.00000000e+00
0.00000000e+00
0.00000000e+00
0.00000000e+00
0.00000000e+00
0.00000000e+00
0.00000000e+00
0.00000000e+00
0.00000000e+00
0.00000000e+00
0.00000000e+00
0.00000000e+00
0.00000000e+00
0.00000000e+00
0.00000000e+00
0.00000000e+00
0.00000000e+00
0.00000000e+00
0.00000000e+00
0.00000000e+00
0.00000000e+00
0.00000000e+00
0.00000000e+00
0.00000000e+00
0.00000000e+00
0.00000000e+00
0.00000000e+00
0.00000000e+00
0.00000000e+00
0.00000000e+00
0.00000000e+00
0.00000000e+00
0.00000000e+00
0.00000000e+00
0.00000000e+00
0.00000000e+00
0.00000000e+00
0.00000000e+00
0.00000000e+00
0.00000000e+00
0.00000000e+00
0.00000000e+00
0.00000000e+00
0.00000000e+00
0.00000000e+00
0.00000000e+00
0.00000000e+00
0.00000000e+00
0.00000000e+00
0.00000000e+00
0.00000000e+00
0.00000000e+00
0.00000000e+00
0.00000000e+00
0.00000000e+00
0.00000000e+00
0.00000000e+00
0.00000000e+00
0.00000000e+00
0.00000000e+00
0.00000000e+00
0.00000000e+00
0.00000000e+00
0.00000000e+00
0.00000000e+00
0.00000000e+00
0.00000000e+00
0.00000000e+00
0.00000000e+00
0.00000000e+00
0.00000000e+00
0.00000000e+00
0.00000000e+00
0.00000000e+00
0.00000000e+00
0.00000000e+00
0.00000000e+00
8.97405921e-07
9.46960731e-07
9.96581385e-07
1.04546062e-06
1.09256216e-06
1.13661592e-06
1.17612393e-06
1.20937833e-06
1.23449278e-06
1.24944781e-06
1.25214998e-06
1.24050430e-06
1.21249839e-06
1.16629614e-06
1.10033765e-06
1.01344097e-06
9.04900711e-07
7.74577323e-07
6.22970665e-07
4.51271763e-07
2.61387167e-07
5.59312489e-08
-1.61815914e-07
-3.87984362e-07
-6.18220976e-07
-8.47822727e-07
-1.07189040e-06
-1.28549500e-06
-1.48384839e-06
-1.66247062e-06
-1.81734774e-06
-1.94507381e-06
-2.04297060e-06
-2.10917752e-06
-2.14270646e-06
-2.14345729e-06
-2.11219292e-06
-2.05047552e-06
-1.96057049e-06
-1.84532688e-06
-1.70804387e-06
-1.55233184e-06
-1.38197453e-06
-1.20079858e-06
-1.01255581e-06
-8.20823280e-07
-6.28924769e-07
-4.39875909e-07
-2.56351516e-07
-8.06715431e-08
8.51983139e-08
2.39636564e-07
3.81352784e-07
5.09376372e-07
6.23049594e-07
7.22023657e-07
8.06253361e-07
8.75985821e-07
9.31740108e-07
9.74275684e-07
1.00454986e-06
1.02366647e-06
1.03281742e-06
1.03321865e-06
1.02604279e-06
1.01235437e-06
9.93052674e-07
9.68826143e-07
9.40122996e-07
9.07142185e-07
8.69846132e-07
8.27994692e-07
7.81198165e-07
7.28984259e-07
6.70872240e-07
6.06448169e-07
5.35435432e-07
4.57754847e-07
3.73569209e-07
2.83308011e-07
1.87670978e-07
8.76116061e-08
-1.56965120e-08
-1.20906991e-07
-2.26558451e-07
-3.31140927e-07
-4.33169342e-07
-5.31261354e-07
-6.24215036e-07
-7.11080083e-07
-7.91216080e-07
-8.64333177e-07
-9.30512518e-07
-9.90203481e-07
-1.04419280e-06
-1.09353994e-06
-1.13947501e-06
-1.18325965e-06
-1.22601770e-06
-1.26854879e-06
-1.31114274e-06
-1.35341665e-06
-1.39419919e-06
-1.43148240e-06
-1.46245249e-06
-1.48360050e-06
-1.49090458e-06
-1.48006906e-06
-1.44680291e-06
-1.38711717e-06
-1.29761900e-06
-1.17577862e-06
-1.02014722e-06
-8.30508732e-07
-6.07956603e-07
-3.54895506e-07
-7.49752205e-08
2.27032340e-07
5.45399987e-07
8.73641809e-07
1.20472535e-06
1.53128645e-06
1.84583691e-06
2.14096005e-06
2.40949399e-06
2.64470727e-06
2.84047366e-06
2.99145270e-06
3.09328003e-06
3.14276585e-06
3.13809292e-06
3.07899817e-06
2.96691807e-06
2.80507609e-06
2.59849161e-06
2.35389419e-06
2.07953607e-06
1.78490413e-06
1.48034191e-06
1.17660148e-06
8.84350246e-07
6.13660846e-07
3.73511848e-07
1.71325320e-07
1.25654410e-08
-9.95782043e-08
-1.64400319e-07
-1.83762148e-07
-1.62029730e-07
-1.05858562e-07
-2.38248791e-08
7.40853051e-08
1.77107793e-07
2.74420279e-07
3.55908918e-07
4.12931440e-07
4.39020770e-07
4.30471599e-07
3.86757194e-07
3.10733106e-07
2.08597155e-07
8.95917720e-08
-3.45466047e-08
-1.50368927e-07
-2.43686000e-07
-3.00675404e-07
-3.09052819e-07
-2.59229886e-07
-1.45380445e-07
3.36585302e-08
2.73719067e-07
5.64926177e-07
8.91660225e-07
1.23289002e-06
1.56289225e-06
1.85235313e-06
2.06982594e-06
2.18349350e-06
2.16316052e-06
1.98238106e-06
1.62061063e-06
1.06525967e-06
3.13517419e-07
-6.26189784e-07
-1.73323894e-06
-2.97447082e-06
-4.30456905e-06
-5.66722588e-06
-6.99712368e-06
-8.22271239e-06
-9.26971029e-06
-1.00652018e-05
-1.05421571e-05
-1.06441542e-05
-1.03300458e-05
-9.57829381e-06
-8.39067760e-06
-6.79509229e-06
-4.84716940e-06
-2.63049162e-06
-2.55225601e-07
2.14493569e-06
4.41754842e-06
6.39784746e-06
7.91666785e-06
8.80959536e-06
8.92698509e-06
8.14439906e-06
6.37293983e-06
3.56890045e-06
-2.57881270e-07
-5.03757746e-06
-1.06364135e-05
-1.68557132e-05
-2.34343604e-05
-3.00549540e-05
-3.63537674e-05
-4.19344241e-05
-4.63849916e-05
-4.92979737e-05
-5.02924585e-05
-4.90374732e-05
-4.52754150e-05
-3.88442854e-05
-2.96973736e-05
-1.79190121e-05
-3.73508795e-06
1.24828681e-05
3.02209759e-05
4.88343463e-05
6.75667592e-05
8.55785333e-05
1.01981952e-04
1.15883095e-04
1.26428412e-04
1.32853879e-04
1.34534165e-04
1.31028890e-04
1.22122838e-04
1.07856944e-04
8.85469763e-05
6.47872889e-05
3.74376888e-05
7.59223434e-06
-2.34694458e-05
-5.43459827e-05
-8.35907480e-05
-1.09798191e-04
-1.31693677e-04
-1.48218009e-04
-1.58599381e-04
-1.62403754e-04
-1.59554721e-04
-1.50322364e-04
-1.35288069e-04
-1.15293026e-04
-9.13744018e-05
-6.46923002e-05
-3.64542669e-05
-7.84417883e-06
2.00407325e-05
4.62433164e-05
6.99869407e-05
9.06982697e-05
1.08012238e-04
1.21761294e-04
1.31950025e-04
1.38715339e-04
1.42279228e-04
1.42905973e-04
1.40867282e-04
1.36411960e-04
1.29738852e-04
1.20980771e-04
1.10203029e-04
9.74082717e-05
8.25446116e-05
6.55222310e-05
4.62418890e-05
2.46329952e-05
6.93230760e-07
-2.54756892e-05
-5.36379848e-05
-8.34015780e-05
-1.14205462e-04
-1.45317836e-04
-1.75844902e-04
-2.04751359e-04
-2.30893764e-04
-2.53067011e-04
-2.70061166e-04
-2.80724510e-04
-2.84030719e-04
-2.79148253e-04
-2.65507210e-04
-2.42859062e-04
-2.11326237e-04
-1.71437227e-04
-1.24143527e-04
-7.08126180e-05
-1.31918769e-05
4.66582622e-05
1.06462274e-04
1.63853060e-04
2.16509153e-04
2.62289730e-04
2.99346350e-04
3.26211163e-04
3.41864164e-04
3.45774657e-04
3.37914721e-04
3.18742218e-04
2.89161059e-04
2.50471833e-04
2.04317750e-04
1.52621102e-04
9.74992012e-05
4.11632930e-05
-1.41867454e-05
-6.64613328e-05
-1.13769755e-04
-1.54499285e-04
-1.87380065e-04
-2.11526497e-04
-2.26452513e-04
-2.32062406e-04
-2.28623629e-04
-2.16729571e-04
-1.97257103e-04
-1.71319803e-04
-1.40213506e-04
-1.05352790e-04
-6.82053294e-05
-3.02328067e-05
7.15724679e-06
4.26486044e-05
7.50459995e-05
1.03302764e-04
1.26548615e-04
1.44116449e-04
1.55567574e-04
1.60712871e-04
1.59623200e-04
1.52626653e-04
1.40293284e-04
1.23403991e-04
1.02903364e-04
7.98427023e-05
5.53194393e-05
3.04187508e-05
6.16208700e-06
-1.65357876e-05
-3.69015037e-05
-5.43290237e-05
-6.83939887e-05
-7.88570002e-05
-8.56591336e-05
-8.89076912e-05
-8.88514302e-05
-8.58490831e-05
-8.03382597e-05
-7.28095825e-05
-6.37835228e-05
-5.37853831e-05
-4.33228248e-05
-3.28710333e-05
-2.28602770e-05
-1.36643805e-05
-5.59144430e-06
1.12471847e-06
6.32936172e-06
9.94640168e-06
1.19766457e-05
1.24945668e-05
1.16423287e-05
9.61994395e-06
6.67214222e-06
3.07478816e-06
-8.80444904e-07
-4.90445377e-06
-8.72712063e-06
-1.21077800e-05
-1.48431786e-05
-1.67772866e-05
-1.78096008e-05
-1.78976233e-05
-1.70536242e-05
-1.53376115e-05
-1.28490963e-05
-9.72005524e-06
-6.11009314e-06
-2.20176851e-06
1.80797170e-06
5.72064461e-06
9.35010894e-06
1.25341866e-05
1.51419164e-05
1.70780066e-05
1.82865055e-05
1.87515057e-05
1.84919821e-05
1.75536534e-05
1.60033289e-05
1.39254074e-05
1.14188310e-05
8.59488058e-06
5.57421441e-06
2.48021161e-06
-5.69977207e-07
-3.47180588e-06
-6.13425493e-06
-8.47609385e-06
-1.04209290e-05
-1.18954523e-05
-1.28325042e-05
-1.31765216e-05
-1.28880141e-05
-1.19463773e-05
-1.03523495e-05
-8.13004323e-06
-5.32738367e-06
-2.01557052e-06
1.71046694e-06
5.73210637e-06
-2.19046832e-08
-2.14420700e-08
-2.48461718e-08
-3.27601710e-08
-4.56649374e-08
-6.38312700e-08
-8.72774631e-08
-1.15735151e-07
-1.48626297e-07
-1.85053923e-07
-2.23808747e-07
-2.63393255e-07
-3.02063999e-07
-3.37891946e-07
-3.68839709e-07
-3.92853288e-07
-4.07964853e-07
-4.12402033e-07
-4.04698294e-07
-3.83798271e-07
-3.49151506e-07
-3.00787983e-07
-2.39369314e-07
-1.66210258e-07
-8.32665875e-08
6.91289602e-09
1.01269922e-07
1.96353029e-07
2.88461594e-07
3.73810425e-07
4.48706027e-07
5.09724678e-07
5.53882211e-07
5.78785683e-07
5.82758402e-07
5.64932149e-07
5.25303276e-07
4.64751425e-07
3.85021846e-07
2.88674626e-07
1.79004334e-07
5.99323922e-08
-6.41250533e-08
-1.88408511e-07
-3.07979276e-07
-4.17890133e-07
-5.13356995e-07
-5.89927032e-07
-6.43639966e-07
-6.71179083e-07
-6.70007133e-07
-6.38482206e-07
-5.75950093e-07
-4.82811531e-07
-3.60563450e-07
-2.11811925e-07
-4.02530311e-08
1.49381682e-07
3.51418387e-07
5.59376121e-07
7.66146481e-07
9.64217526e-07
1.14593705e-06
1.30380675e-06
1.43079373e-06
1.52063941e-06
1.56814184e-06
1.56938954e-06
1.52193271e-06
1.42488559e-06
1.27896239e-06
1.08645466e-06
8.51160249e-07
5.78273234e-07
2.74242196e-07
-5.33993665e-08
-3.96229587e-07
-7.45161180e-07
-1.09068801e-06
-1.42315046e-06
-1.73301358e-06
-2.01114963e-06
-2.24911485e-06
-2.43940950e-06
-2.57571008e-06
-2.65306549e-06
-2.66805077e-06
-2.61887210e-06
-2.50541880e-06
-2.32926263e-06
-2.09360974e-06
-1.80321337e-06
-1.46425431e-06
-1.08419303e-06
-6.71595298e-07
-2.35934750e-07
2.12621523e-07
6.63438503e-07
1.10564608e-06
1.52837901e-06
1.92102763e-06
2.27350410e-06
2.57652405e-06
2.82189759e-06
3.00281948e-06
3.11414432e-06
3.15262957e-06
3.11712988e-06
3.00872728e-06
2.83078395e-06
2.58890763e-06
2.29082393e-06
1.94615328e-06
1.56609248e-06
1.16300617e-06
7.49943446e-07
3.40104222e-07
-5.37154030e-08
-4.19667565e-07
-7.47354310e-07
-1.02825391e-06
-1.25604589e-06
-1.42681840e-06
-1.53914902e-06
-1.59405803e-06
-1.59484132e-06
-1.54679781e-06
-1.45686999e-06
-1.33321876e-06
-1.18475648e-06
-1.02066619e-06
-8.49938576e-07
-6.80957776e-07
-5.21161778e-07
-3.76795960e-07
-2.52768639e-07
-1.52604892e-07
-7.84822369e-08
-3.13248815e-08
-1.09351407e-08
-1.61443817e-08
-4.49677944e-08
-9.47521754e-08
-1.62311829e-07
-2.44050701e-07
-3.36070766e-07
-4.34269037e-07
-5.34428910e-07
-6.32314101e-07
-7.23771637e-07
-8.04846698e-07
-8.71908154e-07
-9.21779482e-07
-9.51867175e-07
-9.60277899e-07
-9.45913443e-07
-9.08530600e-07
-8.48754156e-07
-7.68033931e-07
-6.68543927e-07
-5.53033238e-07
-4.24645804e-07
-2.86727611e-07
-1.42638857e-07
4.41357091e-09
1.51509506e-07
2.96102661e-07
4.36055437e-07
5.69622981e-07
6.95393599e-07
8.12198038e-07
9.19004362e-07
1.01481563e-06
1.09858453e-06
1.16915510e-06
1.22523809e-06
1.26542499e-06
1.28824380e-06
1.29225473e-06
1.27617599e-06
1.23902498e-06
1.18025747e-06
1.09988786e-06
9.98576131e-07
8.77673962e-07
7.39227935e-07
5.85942035e-07
4.21103403e-07
2.48474636e-07
7.21559580e-08
-1.03578326e-07
-2.74461004e-07
-4.36419182e-07
-5.85755479e-07
-7.19310404e-07
-8.34592975e-07
-9.29869520e-07
-1.00420531e-06
-1.05745667e-06
-1.09021416e-06
-1.10370267e-06
-1.09964843e-06
-1.08012654e-06
-1.04740392e-06
-1.00379253e-06
-9.51525519e-07
-8.92664850e-07
-8.29043294e-07
-7.62239198e-07
-6.93580967e-07
-6.24175269e-07
-5.54948401e-07
-4.86687856e-07
-4.20074062e-07
-3.55698109e-07
-2.94065837e-07
-2.35591553e-07
-1.80586849e-07
-1.29249589e-07
-8.16565096e-08
-3.77607114e-08
2.60718136e-09
3.97356167e-08
7.40260325e-08
1.05983032e-07
1.36201356e-07
1.65350498e-07
1.94156615e-07
2.23381641e-07
2.53798115e-07
2.86156593e-07
3.21145004e-07
3.59343827e-07
4.01185375e-07
4.46927524e-07
4.96649688e-07
5.50273257e-07
6.07603288e-07
6.68383834e-07
7.32354678e-07
7.99293678e-07
8.69027843e-07
9.41401035e-07
1.01619662e-06
1.09302414e-06
1.17118658e-06
1.24954939e-06
1.32643399e-06
1.39955512e-06
1.46601790e-06
1.52238696e-06
1.56483472e-06
1.58936378e-06
1.59208680e-06
1.56953772e-06
1.51898451e-06
1.43871449e-06
1.32826674e-06
1.18858942e-06
1.02210348e-06
8.32658217e-07
6.25374460e-07
4.06385986e-07
1.82502825e-07
-3.91738700e-08
-2.51655929e-07
-4.48463195e-07
-6.23982270e-07
-7.73765611e-07
-8.94754167e-07
-9.85412005e-07
-1.04576510e-06
-1.07734495e-06
-1.08304702e-06
-1.06691728e-06
-1.03388210e-06
-9.89438746e-07
-9.39325015e-07
-8.89184940e-07
-8.44247460e-07
-8.09032350e-07
-7.87093137e-07
-7.80803962e-07
-7.91198538e-07
-8.17871098e-07
-8.58949851e-07
-9.11153129e-07
-9.69935462e-07
-1.02972266e-06
-1.08422464e-06
-1.12680697e-06
-1.15089828e-06
-1.15040853e-06
-1.12013391e-06
-1.05612718e-06
-9.56015105e-07
-8.19245053e-07
-6.47242722e-07
-4.43468219e-07
-2.13367018e-07
3.57808478e-08
2.95106435e-07
5.54483263e-07
8.02932873e-07
1.02909129e-06
1.22172064e-06
1.37024603e-06
1.46529432e-06
1.49920906e-06
1.46651328e-06
1.36429270e-06
1.19247872e-06
9.54015256e-07
6.54894868e-07
3.04052246e-07
-8.68891606e-08
-5.04014471e-07
-9.31648656e-07
-1.35300191e-06
-1.75089987e-06
-2.10856313e-06
-2.41039667e-06
-2.64275023e-06
-2.79461398e-06
-2.85821696e-06
-2.82950047e-06
-2.70844372e-06
-2.49922417e-06
-2.21020005e-06
-1.85370523e-06
-1.44565061e-06
-1.00493580e-06
-5.52684384e-07
-1.11326699e-07
2.96434065e-07
6.48729249e-07
9.25655301e-07
1.11037219e-06
1.19011323e-06
1.15705118e-06
1.00897046e-06
7.49704143e-07
3.89303344e-07
-5.60825468e-08
-5.64626445e-07
-1.10954653e-06
-1.66012306e-06
-2.18298891e-06
-2.64365925e-06
-3.00824929e-06
-3.24531254e-06
-3.32771696e-06
-3.23446640e-06
-2.95236963e-06
-2.47745629e-06
-1.81604042e-06
-9.85338845e-07
-1.35636811e-08
1.06057051e-06
2.18895508e-06
3.31580857e-06
4.37997580e-06
5.31773723e-06
6.06602944e-06
6.56594863e-06
6.76638424e-06
6.62761267e-06
6.12466749e-06
5.25029206e-06
4.01727770e-06
2.45999887e-06
6.34977990e-07
-1.37965331e-06
-3.48588470e-06
-5.56878571e-06
-7.50067202e-06
-9.14639691e-06
-1.03696201e-05
-1.10398406e-05
-1.10399192e-05
-1.02737605e-05
-8.67377364e-06
-6.20769666e-06
-2.88434982e-06
1.24211491e-06
6.06987061e-06
1.14493230e-05
1.71855320e-05
2.30433100e-05
2.87550314e-05
3.40310486e-05
3.85724427e-05
4.20856764e-05
4.42985445e-05
4.49766627e-05
4.39396027e-05
4.10756740e-05
3.63542983e-05
2.98349131e-05
2.16714092e-05
1.21112765e-05
1.48905266e-06
-9.78608001e-06
-2.12484475e-05
-3.23986138e-05
-4.27295796e-05
-5.17560527e-05
-5.90443729e-05
-6.42398764e-05
-6.70903488e-05
-6.74638736e-05
-6.53585898e-05
-6.09030882e-05
-5.43477973e-05
-4.60483388e-05
-3.64425062e-05
-2.60227316e-05
-1.53055318e-05
-4.80040072e-06
5.01926703e-06
1.37419935e-05
2.10399277e-05
2.66847700e-05
3.05563512e-05
3.26440397e-05
3.30414029e-05
3.19338570e-05
2.95801354e-05
2.62895404e-05
2.23970909e-05
1.82383912e-05
1.41257764e-05
1.03271156e-05
7.04863586e-06
4.42262635e-06
2.50123650e-06
1.25770326e-06
5.94512353e-07
3.56817479e-07
3.50080237e-07
3.60957912e-07
1.79835305e-07
-3.77348340e-07
-1.45011332e-06
-3.11814118e-06
-5.39021464e-06
-8.19867430e-06
-1.14001040e-05
-1.47820276e-05
-1.80753079e-05
-2.09715568e-05
-2.31447740e-05
-2.42756930e-05
-2.40770763e-05
-2.23179123e-05
-1.88442748e-05
-1.35960355e-05
-6.61959370e-06
1.92435435e-06
1.17601066e-05
2.25035654e-05
3.36753948e-05
4.47205221e-05
5.50339050e-05
6.39918381e-05
7.09858658e-05
7.54566457e-05
7.69267307e-05
7.50316766e-05
6.95485189e-05
6.04191459e-05
4.77666230e-05
3.19034455e-05
1.33301252e-05
-7.27780652e-06
-2.90947431e-05
-5.11801753e-05
-7.25224147e-05
-9.20898952e-05
-1.08888180e-04
-1.22019171e-04
-1.30737345e-04
-1.34497195e-04
-1.32987865e-04
-1.26154470e-04
-1.14205530e-04
-9.76012003e-05
-7.70237242e-05
-5.33368033e-05
-2.75393677e-05
-7.17079237e-07
2.60091144e-05
5.15388267e-05
7.48499960e-05
9.50482805e-05
1.11403721e-04
1.23380661e-04
1.30660432e-04
1.33150560e-04
1.30977242e-04
1.24461726e-04
1.14086983e-04
1.00464630e-04
8.43027103e-05
6.63687038e-05
4.74499228e-05
2.83175912e-05
9.69784553e-06
-7.75061519e-06
-2.34532425e-05
-3.69327624e-05
-4.78218879e-05
0.00000000e+00
0.00000000e+00
0.00000000e+00
0.00000000e+00
0.00000000e+00
0.00000000e+00
0.00000000e+00
0.00000000e+00
0.00000000e+00
0.00000000e+00
0.00000000e+00
0.00000000e+00
0.00000000e+00
0.00000000e+00
0.00000000e+00
0.00000000e+00
0.00000000e+00
0.00000000e+00
0.00000000e+00
0.00000000e+00
0.00000000e+00
0.00000000e+00
0.00000000e+00
0.00000000e+00
0.00000000e+00
0.00000000e+00
0.00000000e+00
0.00000000e+00
0.00000000e+00
0.00000000e+00
0.00000000e+00
0.00000000e+00
0.00000000e+00
0.00000000e+00
0.00000000e+00
0.00000000e+00
0.00000000e+00
0.00000000e+00
0.00000000e+00
0.00000000e+00
0.00000000e+00
0.00000000e+00
0.00000000e+00
0.00000000e+00
0.00000000e+00
0.00000000e+00
0.00000000e+00
0.00000000e+00
0.00000000e+00
0.00000000e+00
0.00000000e+00
0.00000000e+00
0.00000000e+00
0.00000000e+00
0.00000000e+00
0.00000000e+00
0.00000000e+00
0.00000000e+00
0.00000000e+00
0.00000000e+00
0.00000000e+00
0.00000000e+00
0.00000000e+00
0.00000000e+00
0.00000000e+00
0.00000000e+00
0.00000000e+00
0.00000000e+00
0.00000000e+00
0.00000000e+00
0.00000000e+00
0.00000000e+00
0.00000000e+00
0.00000000e+00
0.00000000e+00
0.00000000e+00
0.00000000e+00
0.00000000e+00
0.00000000e+00
0.00000000e+00
0.00000000e+00
0.00000000e+00
0.00000000e+00
0.00000000e+00
0.00000000e+00
0.00000000e+00
0.00000000e+00
0.00000000e+00
0.00000000e+00
0.00000000e+00
0.00000000e+00
0.00000000e+00
0.00000000e+00
0.00000000e+00
0.00000000e+00
0.00000000e+00
0.00000000e+00
0.00000000e+00
0.00000000e+00
0.00000000e+00
0.00000000e+00
0.00000000e+00
0.00000000e+00
0.00000000e+00
0.00000000e+00
0.00000000e+00
0.00000000e+00
0.00000000e+00
0.00000000e+00
0.00000000e+00
0.00000000e+00
0.00000000e+00
0.00000000e+00
0.00000000e+00
0.00000000e+00
0.00000000e+00
0.00000000e+00
0.00000000e+00
0.00000000e+00
0.00000000e+00
0.00000000e+00
0.00000000e+00
0.00000000e+00
0.00000000e+00
0.00000000e+00
0.00000000e+00
0.00000000e+00
0.00000000e+00
0.00000000e+00
0.00000000e+00
0.00000000e+00
0.00000000e+00
0.00000000e+00
0.00000000e+00
0.00000000e+00
0.00000000e+00
0.00000000e+00
0.00000000e+00
0.00000000e+00
0.00000000e+00
0.00000000e+00
0.00000000e+00
0.00000000e+00
0.00000000e+00
0.00000000e+00
0.00000000e+00
0.00000000e+00
0.00000000e+00
0.00000000e+00
0.00000000e+00
0.00000000e+00
0.00000000e+00
0.00000000e+00
0.00000000e+00
0.00000000e+00
0.00000000e+00
0.00000000e+00
0.00000000e+00
0.00000000e+00
0.00000000e+00
0.00000000e+00
0.00000000e+00
0.00000000e+00
0.00000000e+00
0.00000000e+00
0.00000000e+00
0.00000000e+00
0.00000000e+00
0.00000000e+00
0.00000000e+00
0.00000000e+00
0.00000000e+00
0.00000000e+00
0.00000000e+00
0.00000000e+00
0.00000000e+00
0.00000000e+00
0.00000000e+00
0.00000000e+00
0.00000000e+00
0.00000000e+00
0.00000000e+00
0.00000000e+00
0.00000000e+00
0.00000000e+00
0.00000000e+00
0.00000000e+00
0.00000000e+00
0.00000000e+00
0.00000000e+00
0.00000000e+00
0.00000000e+00
0.00000000e+00
0.00000000e+00
0.00000000e+00
0.00000000e+00
0.00000000e+00
0.00000000e+00
0.00000000e+00
0.00000000e+00
0.00000000e+00
0.00000000e+00
0.00000000e+00
0.00000000e+00
0.00000000e+00
0.00000000e+00
0.00000000e+00
0.00000000e+00
0.00000000e+00
0.00000000e+00
0.00000000e+00
0.00000000e+00
0.00000000e+00
0.00000000e+00
0.00000000e+00
0.00000000e+00
0.00000000e+00
0.00000000e+00
0.00000000e+00
0.00000000e+00
0.00000000e+00
0.00000000e+00
0.00000000e+00
0.00000000e+00
0.00000000e+00
0.00000000e+00
0.00000000e+00
0.00000000e+00
0.00000000e+00
0.00000000e+00
0.00000000e+00
0.00000000e+00
0.00000000e+00
0.00000000e+00
0.00000000e+00
0.00000000e+00
0.00000000e+00
0.00000000e+00
0.00000000e+00
0.00000000e+00
0.00000000e+00
0.00000000e+00
0.00000000e+00
0.00000000e+00
0.00000000e+00
0.00000000e+00
0.00000000e+00
0.00000000e+00
0.00000000e+00
0.00000000e+00
0.00000000e+00
0.00000000e+00
0.00000000e+00
0.00000000e+00
0.00000000e+00
0.00000000e+00
0.00000000e+00
0.00000000e+00
0.00000000e+00
0.00000000e+00
0.00000000e+00
0.00000000e+00
0.00000000e+00
0.00000000e+00
0.00000000e+00
0.00000000e+00
0.00000000e+00
0.00000000e+00
0.00000000e+00
0.00000000e+00
0.00000000e+00
0.00000000e+00
1.02944918e-06
1.04302213e-06
1.05873382e-06
1.07758093e-06
1.10046960e-06
1.12814758e-06
1.16113495e-06
1.19965660e-06
1.24358014e-06
1.29236244e-06
1.34500830e-06
1.40004438e-06
1.45551142e-06
1.50897664e-06
1.55756820e-06
1.59803220e-06
1.62681293e-06
1.64015562e-06
1.63423003e-06
1.60527109e-06
1.54973203e-06
1.46444503e-06
1.34678500e-06
1.19483204e-06
1.00752666e-06
7.84809804e-07
5.27738346e-07
2.38567173e-07
-7.92103145e-08
-4.20869754e-07
-7.80516459e-07
-1.15120396e-06
-1.52511353e-06
-1.89379289e-06
-2.24844690e-06
-2.58027025e-06
-2.88080870e-06
-3.14233127e-06
-3.35819241e-06
-3.52316163e-06
-3.63369796e-06
-3.68815006e-06
-3.68686797e-06
-3.63221805e-06
-3.52849806e-06
-3.38175379e-06
-3.19950282e-06
-2.99037660e-06
-2.76369708e-06
-2.52900857e-06
-2.29558841e-06
-2.07196312e-06
-1.86545794e-06
-1.68180862e-06
-1.52486318e-06
-1.39639659e-06
-1.29605273e-06
-1.22141578e-06
-1.16820409e-06
-1.13057381e-06
-1.10151518e-06
-1.07331844e-06
-1.03808263e-06
-9.88239056e-07
-9.17060013e-07
-8.19123514e-07
-6.90706716e-07
-5.30084531e-07
-3.37714818e-07
-1.16297921e-07
1.29294164e-07
3.92215296e-07
6.63957720e-07
9.34760291e-07
1.19408658e-06
1.43114328e-06
1.63540892e-06
1.79714678e-06
1.90788295e-06
1.96083916e-06
1.95131619e-06
1.87702310e-06
1.73834257e-06
1.53851887e-06
1.28375174e-06
9.83178825e-07
6.48730020e-07
2.94839156e-07
-6.19964821e-08
-4.03811707e-07
-7.11916878e-07
-9.67770367e-07
-1.15394967e-06
-1.25518070e-06
-1.25937525e-06
-1.15861738e-06
-9.50035828e-07
-6.36499987e-07
-2.27079879e-07
2.62785941e-07
8.11463127e-07
1.39166965e-06
1.97141499e-06
2.51532280e-06
2.98630269e-06
3.34751167e-06
3.56452184e-06
3.60759122e-06
3.45391794e-06
3.08974637e-06
2.51218898e-06
1.73063264e-06
7.67611602e-07
-3.40949530e-07
-1.54619600e-06
-2.78755157e-06
-3.99468784e-06
-5.09022835e-06
-5.99312142e-06
-6.62257293e-06
-6.90238948e-06
-6.76554430e-06
-6.15874424e-06
-5.04675224e-06
-3.41620712e-06
-1.27868142e-06
1.32727078e-06
4.33529708e-06
7.65183626e-06
1.11582267e-05
1.47143686e-05
1.81638872e-05
2.13406534e-05
2.40764232e-05
2.62092712e-05
2.75924066e-05
2.81028945e-05
2.76497559e-05
2.61808909e-05
2.36882960e-05
2.02111186e-05
1.58361522e-05
1.06955960e-05
4.96209815e-06
-1.15897649e-06
-7.43993347e-06
-1.36429898e-05
-1.95334324e-05
-2.48927501e-05
-2.95303321e-05
-3.32924355e-05
-3.60682177e-05
-3.77925796e-05
-3.84460246e-05
-3.80517315e-05
-3.66702934e-05
-3.43924787e-05
-3.13312737e-05
-2.76143200e-05
-2.33774958e-05
-1.87591573e-05
-1.38954727e-05
-8.91711340e-06
-3.94730249e-06
8.99565696e-07
5.51901031e-06
9.81732120e-06
1.37121980e-05
1.71333104e-05
2.00229102e-05
2.23363645e-05
2.40425458e-05
2.51241407e-05
2.55778466e-05
2.54142634e-05
2.46577043e-05
2.33459492e-05
2.15295331e-05
1.92702470e-05
1.66388546e-05
1.37120594e-05
1.05692258e-05
7.28901581e-06
3.94607794e-06
6.08239832e-07
-2.66530839e-06
-5.82502029e-06
-8.83109454e-06
-1.16525577e-05
-1.42648501e-05
-1.66461197e-05
-1.87728572e-05
-2.06154957e-05
-2.21342522e-05
-2.32759688e-05
-2.39727871e-05
-2.41435938e-05
-2.36980030e-05
-2.25420970e-05
-2.05860678e-05
-1.77536991e-05
-1.39924647e-05
-9.28346898e-06
-3.65029770e-06
2.83369197e-06
1.00401475e-05
1.77830548e-05
2.58196319e-05
3.38548049e-05
4.15493148e-05
4.85317043e-05
5.44142662e-05
5.88118703e-05
6.13630481e-05
6.17521771e-05
5.97314441e-05
5.51412903e-05
4.79278433e-05
3.81555393e-05
2.60134967e-05
1.18153714e-05
-4.00731687e-06
-2.09186052e-05
-3.82987302e-05
-5.54713080e-05
-7.17353297e-05
-8.63998304e-05
-9.88188851e-05
-1.08424941e-04
-1.14758568e-04
-1.17492838e-04
-1.16450620e-04
-1.11614045e-04
-1.03125834e-04
-9.12821019e-05
-7.65164275e-05
-5.93757651e-05
-4.04899001e-05
-2.05362881e-05
-2.02542637e-07
