0.00000000e+00
0.00000000e+00
0.00000000e+00
0.00000000e+00
0.00000000e+00
0.00000000e+00
0.00000000e+00
0.00000000e+00
0.00000000e+00
0.00000000e+00
0.00000000e+00
0.00000000e+00
0.00000000e+00
0.00000000e+00
0.00000000e+00
0.00000000e+00
0.00000000e+00
0.00000000e+00
0.00000000e+00
0.00000000e+00
0.00000000e+00
0.00000000e+00
0.00000000e+00
0.00000000e+00
0.00000000e+00
0.00000000e+00
0.00000000e+00
0.00000000e+00
0.00000000e+00
0.00000000e+00
0.00000000e+00
0.00000000e+00
0.00000000e+00
0.00000000e+00
0.00000000e+00
0.00000000e+00
0.00000000e+00
0.00000000e+00
0.00000000e+00
0.00000000e+00
0.00000000e+00
0.00000000e+00
0.00000000e+00
0.00000000e+00
0.00000000e+00
0.00000000e+00
0.00000000e+00
0.00000000e+00
0.00000000e+00
0.00000000e+00
0.00000000e+00
0.00000000e+00
0.00000000e+00
0.00000000e+00
0.00000000e+00
0.00000000e+00
0.00000000e+00
0.00000000e+00
0.00000000e+00
0.00000000e+00
0.00000000e+00
0.00000000e+00
0.00000000e+00
0.00000000e+00
0.00000000e+00
0.00000000e+00
0.00000000e+00
0.00000000e+00
0.00000000e+00
0.00000000e+00
0.00000000e+00
0.00000000e+00
0.00000000e+00
0.00000000e+00
0.00000000e+00
0.00000000e+00
0.00000000e+00
0.00000000e+00
0.00000000e+00
0.00000000e+00
0.00000000e+00
0.00000000e+00
0.00000000e+00
0.00000000e+00
0.00000000e+00
0.00000000e+00
0.00000000e+00
0.00000000e+00
0.00000000e+00
0.00000000e+00
0.00000000e+00
0.00000000e+00
0.00000000e+00
0.00000000e+00
0.00000000e+00
0.00000000e+00
0.00000000e+00
0.00000000e+00
0.00000000e+00
0.00000000e+00
0.00000000e+00
0.00000000e+00
0.00000000e+00
0.00000000e+00
0.00000000e+00
0.00000000e+00
0.00000000e+00
0.00000000e+00
0.00000000e+00
0.00000000e+00
0.00000000e+00
0.00000000e+00
0.00000000e+00
0.00000000e+00
0.00000000e+00
0.00000000e+00
0.00000000e+00
0.00000000e+00
0.00000000e+00
0.00000000e+00
0.00000000e+00
0.00000000e+00
0.00000000e+00
0.00000000e+00
0.00000000e+00
0.00000000e+00
0.00000000e+00
0.00000000e+00
0.00000000e+00
0.00000000e+00
0.00000000e+00
0.00000000e+00
0.00000000e+00
0.00000000e+00
0.00000000e+00
0.00000000e+00
0.00000000e+00
0.00000000e+00
0.00000000e+00
0.00000000e+00
0.00000000e+00
0.00000000e+00
0.00000000e+00
0.00000000e+00
0.00000000e+00
0.00000000e+00
0.00000000e+00
0.00000000e+00
0.00000000e+00
0.00000000e+00
0.00000000e+00
0.00000000e+00
0.00000000e+00
0.00000000e+00
0.00000000e+00
0.00000000e+00
0.00000000e+00
0.00000000e+00
0.00000000e+00
0.00000000e+00
0.00000000e+00
0.00000000e+00
0.00000000e+00
0.00000000e+00
0.00000000e+00
0.00000000e+00
0.00000000e+00
0.00000000e+00
0.00000000e+00
0.00000000e+00
0.00000000e+00
0.00000000e+00
0.00000000e+00
0.00000000e+00
0.00000000e+00
0.00000000e+00
0.00000000e+00
0.00000000e+00
0.00000000e+00
0.00000000e+00
0.00000000e+00
0.00000000e+00
0.00000000e+00
0.00000000e+00
0.00000000e+00
0.00000000e+00
0.00000000e+00
0.00000000e+00
0.00000000e+00
0.00000000e+00
0.00000000e+00
0.00000000e+00
0.00000000e+00
0.00000000e+00
0.00000000e+00
0.00000000e+00
0.00000000e+00
0.00000000e+00
0.00000000e+00
0.00000000e+00
0.00000000e+00
0.00000000e+00
0.00000000e+00
0.00000000e+00
0.00000000e+00
0.00000000e+00
0.00000000e+00
0.00000000e+00
0.00000000e+00
0.00000000e+00
0.00000000e+00
0.00000000e+00
0.00000000e+00
0.00000000e+00
0.00000000e+00
0.00000000e+00
0.00000000e+00
0.00000000e+00
0.00000000e+00
0.00000000e+00
0.00000000e+00
0.00000000e+00
0.00000000e+00
0.00000000e+00
0.00000000e+00
0.00000000e+00
0.00000000e+00
0.00000000e+00
0.00000000e+00
0.00000000e+00
0.00000000e+00
0.00000000e+00
0.00000000e+00
0.00000000e+00
0.00000000e+00
0.00000000e+00
0.00000000e+00
0.00000000e+00
0.00000000e+00
0.00000000e+00
0.00000000e+00
0.00000000e+00
0.00000000e+00
0.00000000e+00
0.00000000e+00
0.00000000e+00
0.00000000e+00
0.00000000e+00
0.00000000e+00
0.00000000e+00
0.00000000e+00
0.00000000e+00
0.00000000e+00
0.00000000e+00
0.00000000e+00
0.00000000e+00
0.00000000e+00
0.00000000e+00
0.00000000e+00
0.00000000e+00
0.00000000e+00
0.00000000e+00
0.00000000e+00
0.00000000e+00
0.00000000e+00
0.00000000e+00
0.00000000e+00
0.00000000e+00
0.00000000e+00
0.00000000e+00
0.00000000e+00
0.00000000e+00
0.00000000e+00
0.00000000e+00
0.00000000e+00
0.00000000e+00
0.00000000e+00
0.00000000e+00
0.00000000e+00
0.00000000e+00
0.00000000e+00
0.00000000e+00
0.00000000e+00
0.00000000e+00
0.00000000e+00
0.00000000e+00
0.00000000e+00
0.00000000e+00
0.00000000e+00
0.00000000e+00
0.00000000e+00
0.00000000e+00
0.00000000e+00
0.00000000e+00
0.00000000e+00
0.00000000e+00
0.00000000e+00
0.00000000e+00
0.00000000e+00
0.00000000e+00
0.00000000e+00
0.00000000e+00
0.00000000e+00
0.00000000e+00
0.00000000e+00
0.00000000e+00
0.00000000e+00
0.00000000e+00
0.00000000e+00
0.00000000e+00
0.00000000e+00
0.00000000e+00
0.00000000e+00
0.00000000e+00
0.00000000e+00
0.00000000e+00
0.00000000e+00
0.00000000e+00
0.00000000e+00
0.00000000e+00
0.00000000e+00
0.00000000e+00
0.00000000e+00
0.00000000e+00
0.00000000e+00
0.00000000e+00
0.00000000e+00
0.00000000e+00
0.00000000e+00
0.00000000e+00
0.00000000e+00
0.00000000e+00
0.00000000e+00
0.00000000e+00
0.00000000e+00
0.00000000e+00
0.00000000e+00
0.00000000e+00
0.00000000e+00
0.00000000e+00
5.32402297e-07
5.51336519e-07
5.68432981e-07
5.82594078e-07
5.92540522e-07
5.96833774e-07
5.93910021e-07
5.82126019e-07
5.59816602e-07
5.25363145e-07
4.77271681e-07
4.14258750e-07
3.35342185e-07
2.39933183e-07
1.27925355e-07
-2.24110349e-10
-1.43426446e-07
-2.99912349e-07
-4.67208391e-07
-6.42145398e-07
-8.20905063e-07
-9.99109354e-07
-1.17195438e-06
-1.33438629e-06
-1.48131173e-06
-1.60783003e-06
-1.70947104e-06
-1.78242029e-06
-1.82371411e-06
-1.83139074e-06
-1.80458759e-06
-1.74357857e-06
-1.64974989e-06
-1.52551858e-06
-1.37420273e-06
-1.19985461e-06
-1.00706711e-06
-8.00765079e-07
-5.85993253e-07
-3.67712314e-07
-1.50612998e-07
6.10423810e-08
2.63543905e-07
4.53821034e-07
6.29495234e-07
7.88902598e-07
9.31089379e-07
1.05578089e-06
1.16332290e-06
1.25459494e-06
1.33089602e-06
1.39380332e-06
1.44500647e-06
1.48612344e-06
1.51850894e-06
1.54306831e-06
1.56009073e-06
1.56911669e-06
1.56885572e-06
1.55716845e-06
1.53112339e-06
1.48713481e-06
1.42118430e-06
1.32912307e-06
1.20704308e-06
1.05169531e-06
8.60925824e-07
6.34096455e-07
3.72456399e-07
7.94333506e-08
-2.39182846e-07
-5.75185417e-07
-9.18040962e-07
-1.25513547e-06
-1.57217930e-06
-1.85376602e-06
-2.08407078e-06
-2.24766431e-06
-2.33040737e-06
-2.32037988e-06
-2.20878974e-06
-1.99080199e-06
-1.66622951e-06
-1.24003061e-06
-7.22565333e-07
-1.29572539e-07
5.18156652e-07
1.19541895e-06
1.87354483e-06
2.52162262e-06
3.10795228e-06
3.60166198e-06
3.97440299e-06
4.20202419e-06
4.26611732e-06
4.15532051e-06
3.86627495e-06
3.40415288e-06
2.78270455e-06
2.02378801e-06
1.15635336e-06
2.14895109e-07
-7.62528448e-07
-1.73653118e-06
-2.66870298e-06
-3.52379288e-06
-4.27164922e-06
-4.88875792e-06
-5.35926992e-06
-5.67543908e-06
-5.83737152e-06
-5.85218111e-06
-5.73271468e-06
-5.49602007e-06
-5.16171685e-06
-4.75025763e-06
-4.28128983e-06
-3.77234175e-06
-3.23781664e-06
-2.68842254e-06
-2.13100611e-06
-1.56867848e-06
-1.00131271e-06
-4.26421093e-07
1.59651915e-07
7.60338759e-07
1.37757871e-06
2.01077432e-06
2.65590636e-06
3.30492628e-06
3.94537944e-06
4.56026593e-06
5.12841919e-06
5.62549086e-06
6.02536230e-06
6.30168147e-06
6.42929796e-06
6.38588822e-06
6.15378450e-06
5.72162055e-06
5.08576935e-06
4.25139053e-06
3.23284729e-06
2.05359082e-06
7.45479915e-07
-6.52308380e-07
-2.09450619e-06
-3.53127374e-06
-4.90998570e-06
-6.17735622e-06
-7.28182224e-06
-8.17577088e-06
-8.81748686e-06
-9.17273564e-06
-9.21609547e-06
-8.93231213e-06
-8.31725380e-06
-7.37827891e-06
-6.13420298e-06
-4.61494022e-06
-2.86091894e-06
-9.22003707e-07
1.14418217e-06
3.27430527e-06
5.40158544e-06
7.45803897e-06
9.37653450e-06
1.10927921e-05
1.25473271e-05
1.36873045e-05
1.44682476e-05
1.48555732e-05
4.42713076e-08
5.20660521e-08
5.99648593e-08
6.77306336e-08
7.50977099e-08
8.17807973e-08
8.74859810e-08
9.19234518e-08
9.48215034e-08
9.59412121e-08
9.50911095e-08
9.21410707e-08
8.70345916e-08
7.97986164e-08
7.05501206e-08
5.94987533e-08
4.69450064e-08
3.32735819e-08
1.89418825e-08
4.46382695e-09
-9.61051173e-09
-2.27186356e-08
-3.43116270e-08
-4.38811339e-08
-5.09859034e-08
-5.52763412e-08
-5.65156162e-08
-5.45959695e-08
-4.95490579e-08
-4.15493769e-08
-3.09101263e-08
-1.80713231e-08
-3.58051890e-09
1.19329886e-08
2.77892527e-08
4.32925826e-08
5.77682927e-08
7.05989331e-08
8.12575166e-08
8.93353407e-08
9.45624145e-08
9.68191883e-08
9.61386702e-08
9.26983670e-08
8.68022515e-08
7.88540129e-08
6.93238804e-08
5.87119539e-08
4.75110888e-08
3.61719488e-08
2.50726029e-08
1.44953739e-08
4.61357258e-09
-4.51000478e-09
-1.29121712e-08
-2.07069552e-08
-2.80542742e-08
-3.51233017e-08
-4.20546121e-08
-4.89254421e-08
-5.57222342e-08
-6.23239505e-08
-6.84986253e-08
-7.39143682e-08
-7.81644351e-08
-8.08044799e-08
-8.13990494e-08
-7.95731941e-08
-7.50642048e-08
-6.77685494e-08
-5.77794100e-08
-4.54107547e-08
-3.12047933e-08
-1.59208043e-08
-5.04249877e-10
1.39638252e-08
2.63351577e-08
3.54760119e-08
4.03563194e-08
4.01390973e-08
3.42623761e-08
2.25064826e-08
5.04066169e-09
-1.75558426e-08
-4.43017209e-08
-7.38521114e-08
-1.04566631e-07
-1.34603311e-07
-1.62032922e-07
-1.84966816e-07
-2.01690023e-07
-2.10790108e-07
-2.11271996e-07
-2.02649608e-07
-1.85006850e-07
-1.59022680e-07
-1.25957416e-07
-8.76000960e-08
-4.61794189e-08
-4.24287307e-09
3.54897511e-08
7.02906660e-08
9.75970451e-08
1.15182248e-07
1.21314169e-07
1.14890008e-07
9.55381006e-08
6.36790382e-08
2.05403534e-08
-3.18782588e-08
-9.08890576e-08
-1.53246315e-07
-2.15315522e-07
-2.73272084e-07
-3.23317972e-07
-3.61903653e-07
-3.85942096e-07
-3.93001694e-07
-3.81465859e-07
-3.50648848e-07
-3.00859704e-07
-2.33409346e-07
-1.50559680e-07
-5.54175189e-08
4.82206545e-08
1.56063932e-07
2.63550601e-07
3.66087262e-07
4.59290050e-07
5.39214284e-07
6.02559743e-07
6.46840730e-07
6.70511883e-07
6.73042182e-07
6.54931806e-07
6.17669969e-07
5.63635992e-07
4.95950010e-07
4.18283648e-07
3.34643776e-07
2.49143643e-07
1.65775763e-07
8.82003566e-08
1.95618817e-08
-3.76560955e-08
-8.17306502e-08
-1.11750714e-07
-1.27620180e-07
-1.30016558e-07
-1.20311094e-07
-1.00457566e-07
-7.28576041e-08
-4.02107363e-08
-5.35782747e-09
2.88736562e-08
5.98151733e-08
8.50870042e-08
1.02707074e-07
1.11175018e-07
1.09529923e-07
9.73816839e-08
7.49166919e-08
4.28790061e-08
2.52857865e-09
-4.44218191e-08
-9.58892587e-08
-1.49520456e-07
-2.02805206e-07
-2.53199108e-07
-2.98250576e-07
-3.35726181e-07
-3.63727456e-07
-3.80791806e-07
-3.85971126e-07
-3.78883568e-07
-3.59735781e-07
-3.29314412e-07
-2.88947341e-07
-2.40436952e-07
-1.85969040e-07
-1.28002069e-07
-6.91426859e-08
-1.20144740e-08
4.08727090e-08
8.72456896e-08
1.25176704e-07
1.53172167e-07
1.70236902e-07
1.75910808e-07
1.70276735e-07
1.53940035e-07
1.27982020e-07
9.38912193e-08
5.34777468e-08
8.77662056e-09
-3.80542288e-08
-8.48357341e-08
-1.29464407e-07
-1.70000223e-07
-2.04742730e-07
-2.32293312e-07
-2.51602241e-07
-2.61999621e-07
-2.63209730e-07
-2.55348769e-07
-2.38906418e-07
-2.14711955e-07
-1.83886319e-07
-1.47782683e-07
-1.07919023e-07
-6.59060792e-08
-2.33738836e-08
1.80997574e-08
5.70552617e-08
9.22086721e-08
1.22498347e-07
1.47119682e-07
1.65547360e-07
1.77545185e-07
1.83163909e-07
1.82727882e-07
1.76811551e-07
1.66206532e-07
1.51879931e-07
1.34925152e-07
1.16507064e-07
9.78041518e-08
7.99503761e-08
6.39792503e-08
5.07726089e-08
4.10166674e-08
3.51678780e-08
3.34305248e-08
3.57474914e-08
4.18050984e-08
5.10521236e-08
6.27326503e-08
7.59317721e-08
8.96322271e-08
1.02779227e-07
1.14349728e-07
1.23421106e-07
1.29233711e-07
1.31242290e-07
1.29152391e-07
1.22939063e-07
1.12846493e-07
9.93686938e-08
8.32129208e-08
6.52489715e-08
4.64483120e-08
2.78170117e-08
1.03267743e-08
-5.15094790e-09
-1.79026242e-08
-2.74176727e-08
-3.34177478e-08
-3.58686642e-08
-3.49749197e-08
-3.11582252e-08
-2.50224214e-08
-1.73079827e-08
-8.83983966e-09
-4.72266409e-10
6.96558084e-09
1.27202190e-08
1.61576965e-08
1.67985603e-08
1.43423555e-08
8.68098984e-09
-9.87689827e-11
-1.17229363e-08
-2.57472806e-08
-4.15824006e-08
-5.85250252e-08
-7.57936017e-08
-9.25665934e-08
-1.08022203e-07
-1.21378658e-07
-1.31933892e-07
-1.39102588e-07
-1.42448232e-07
-1.41708236e-07
-1.36810533e-07
-1.27880386e-07
-1.15236663e-07
-9.93776519e-08
-8.09571409e-08
-6.07521609e-08
-3.96246447e-08
-1.84799777e-08
1.77427938e-09
2.02665566e-08
3.61945892e-08
4.88537606e-08
5.76615048e-08
6.21790941e-08
6.21315262e-08
5.74250784e-08
4.81610333e-08
3.46437125e-08
1.73810863e-08
-2.92353031e-09
-2.53896998e-08
-4.89881009e-08
-7.25781316e-08
-9.49533372e-08
-1.14892237e-07
-1.31211905e-07
-1.42822030e-07
-1.48777900e-07
-1.48330720e-07
-1.40972638e-07
-1.26473157e-07
-1.04903835e-07
-7.66488840e-08
-4.24000683e-08
-3.13510596e-09
3.99199974e-08
8.53428923e-08
1.31578102e-07
1.77007822e-07
2.20026368e-07
2.59114399e-07
2.92909377e-07
3.20269251e-07
3.40326195e-07
3.52527466e-07
3.56661080e-07
3.52864549e-07
3.41615418e-07
3.23703359e-07
3.00184836e-07
2.72322086e-07
2.41508839e-07
2.09186422e-07
1.76755623e-07
1.45490877e-07
1.16463585e-07
9.04806358e-08
6.80426963e-08
4.93248339e-08
3.41800896e-08
2.21649566e-08
1.25840390e-08
4.54961941e-09
-2.94917451e-09
-1.09731267e-08
-2.05606091e-08
-3.26602348e-08
-4.80716574e-08
-6.73969028e-08
-9.10035211e-08
-1.18999635e-07
-1.51220026e-07
-1.87221838e-07
-2.26288466e-07
-2.67440365e-07
-3.09452038e-07
-3.50875714e-07
-3.90073825e-07
-4.25262981e-07
-4.54571791e-07
-4.76114046e-07
-4.88077629e-07
-4.88828034e-07
-4.77023296e-07
-4.51734960e-07
-4.12568162e-07
-3.59772801e-07
-2.94336543e-07
-2.18049826e-07
-1.33533436e-07
-4.42202145e-08
4.57154371e-08
1.31483313e-07
2.07857958e-07
2.69410082e-07
3.10781476e-07
3.26992604e-07
3.13769312e-07
2.67872919e-07
1.87416253e-07
7.21469143e-08
-7.63214738e-08
-2.54348940e-07
-4.56197477e-07
-6.74063676e-07
-8.98228428e-07
-1.11733230e-06
-1.31877945e-06
-1.48926544e-06
-1.61541615e-06
-1.68451681e-06
-1.68530254e-06
-1.60877449e-06
-1.44899966e-06
-1.20384737e-06
-8.75613524e-07
-4.71483311e-07
-3.78491196e-09
5.10008282e-07
1.04756183e-06
1.58227469e-06
2.08419348e-06
2.52123888e-06
2.86071724e-06
3.07107058e-06
3.12379783e-06
2.99546217e-06
2.66968330e-06
2.13900199e-06
1.40649646e-06
4.87028524e-07
-5.91998305e-07
-1.79047381e-06
-3.05609399e-06
-4.32560843e-06
-5.52682449e-06
-6.58135073e-06
-7.40801841e-06
-7.92687485e-06
-8.06359760e-06
-7.75413736e-06
-6.94936270e-06
-5.61945313e-06
-3.75777227e-06
-1.38394967e-06
1.45408904e-06
4.67937648e-06
8.18663053e-06
1.18445807e-05
1.54999447e-05
1.89830185e-05
2.21147430e-05
2.47150122e-05
2.66118839e-05
2.76512635e-05
2.77065486e-05
2.66876610e-05
2.45488584e-05
2.12947317e-05
1.69838695e-05
1.17297244e-05
5.69833712e-06
-8.97256494e-07
-7.80587547e-06
-1.47498245e-05
-2.14386468e-05
-2.75840116e-05
-3.29147272e-05
-3.71909371e-05
-4.02166993e-05
-4.18504058e-05
-4.20125266e-05
-4.06902312e-05
-3.79384732e-05
-3.38773453e-05
-2.86858679e-05
-2.25926957e-05
-1.58644303e-05
-8.79234384e-06
-1.67824020e-06
5.17987494e-06
1.15015932e-05
1.70367330e-05
2.15763425e-05
2.49616456e-05
2.70905848e-05
2.79216242e-05
2.74745205e-05
2.58279654e-05
2.31142718e-05
1.95115580e-05
1.52339990e-05
1.05205881e-05
5.62291754e-06
7.92502798e-07
-3.73169152e-06
-7.73492261e-06
-1.10369344e-05
-1.35001887e-05
-1.50358583e-05
-1.56072989e-05
-1.52307711e-05
-1.39735012e-05
-1.19491990e-05
-9.31132501e-06
-6.24435419e-06
-2.95362699e-06
3.45791081e-07
3.44074540e-06
6.13137493e-06
8.24192682e-06
9.63092954e-06
1.02000293e-05
9.90105129e-06
8.74117617e-06
6.78584019e-06
4.15850753e-06
1.03678201e-06
-2.35482714e-06
-5.75519275e-06
-8.87957008e-06
-1.14347786e-05
-1.31358410e-05
-1.37233120e-05
-1.29807121e-05
-1.07514600e-05
-6.95414931e-06
-1.59487072e-06
5.22435576e-06
-2.48660965e-07
-2.62798107e-07
-2.77903223e-07
-2.93745931e-07
-3.10006934e-07
-3.26274908e-07
-3.42046735e-07
-3.56731443e-07
-3.69658118e-07
-3.80087907e-07
-3.87230046e-07
-3.90261699e-07
-3.88351194e-07
-3.80684084e-07
-3.66491270e-07
-3.45078291e-07
-3.15854764e-07
-2.78362784e-07
-2.32303044e-07
-1.77557363e-07
-1.14206409e-07
-4.25415237e-08
3.69300799e-08
1.23486957e-07
2.16201435e-07
3.13953105e-07
4.15446492e-07
5.19231445e-07
6.23725732e-07
7.27240799e-07
8.28012543e-07
9.24238890e-07
1.01412514e-06
1.09593662e-06
1.16805704e-06
1.22905060e-06
1.27772464e-06
1.31318903e-06
1.33490874e-06
1.34274689e-06
1.33699487e-06
1.31838552e-06
1.28808592e-06
1.24766787e-06
1.19905653e-06
1.14445881e-06
1.08627425e-06
1.02699386e-06
9.69094514e-07
9.14936022e-07
8.66666778e-07
8.26141025e-07
7.94848990e-07
7.73860342e-07
7.63781172e-07
7.64724970e-07
7.76298898e-07
7.97605975e-07
8.27262114e-07
8.63424667e-07
9.03827751e-07
9.45821726e-07
9.86416082e-07
1.02232580e-06
1.05002144e-06
1.06578349e-06
1.06576323e-06
1.04605431e-06
1.00278099e-06
9.32208158e-07
8.30874868e-07
6.95749133e-07
5.24398030e-07
3.15162935e-07
6.73274038e-08
-2.18735075e-07
-5.41443260e-07
-8.97927349e-07
-1.28399196e-06
-1.69412993e-06
-2.12159234e-06
-2.55851701e-06
-2.99611363e-06
-3.42490057e-06
-3.83498402e-06
-4.21636693e-06
-4.55927276e-06
-4.85446946e-06
-5.09357924e-06
-5.26936271e-06
-5.37597058e-06
-5.40915736e-06
-5.36645180e-06
-5.24728052e-06
-5.05304325e-06
-4.78713703e-06
-4.45492559e-06
-4.06364687e-06
-3.62224965e-06
-3.14115401e-06
-2.63193507e-06
-2.10693432e-06
-1.57880897e-06
-1.06004079e-06
-5.62436562e-07
-9.66539892e-08
3.28218992e-07
7.05011340e-07
1.02872888e-06
1.29671890e-06
1.50873494e-06
1.66690057e-06
1.77557406e-06
1.84111830e-06
1.87158391e-06
1.87631859e-06
1.86551962e-06
1.84974914e-06
1.83943404e-06
1.84437239e-06
1.87326614e-06
1.93329904e-06
2.02977590e-06
2.16583560e-06
2.34224711e-06
2.55729409e-06
2.80675255e-06
3.08396582e-06
3.38001947e-06
3.68401721e-06
3.98345611e-06
4.26469579e-06
4.51351000e-06
4.71570223e-06
4.85776125e-06
4.92752916e-06
4.91485034e-06
4.81216511e-06
4.61501067e-06
4.32239620e-06
3.93702535e-06
3.46534721e-06
2.91742454e-06
2.30661734e-06
1.64909001e-06
9.63161874e-07
2.68531311e-07
-4.14586668e-07
-1.06635974e-06
-1.66821697e-06
-2.20364998e-06
-2.65889061e-06
-3.02343179e-06
-3.29037013e-06
-3.45655955e-06
-3.52257724e-06
-3.49251591e-06
-3.37362481e-06
-3.17582572e-06
-2.91113152e-06
-2.59299788e-06
-2.23564174e-06
-1.85336038e-06
-1.45988329e-06
-1.06778578e-06
-6.87988666e-07
-3.29364477e-07
1.53212699e-09
3.00594555e-07
5.66145616e-07
7.98770023e-07
1.00101098e-06
1.17695520e-06
1.33173833e-06
1.47100681e-06
1.60037369e-06
1.72490481e-06
1.84866914e-06
1.97438163e-06
2.10315999e-06
2.23440846e-06
2.36583228e-06
2.49357551e-06
2.61246564e-06
2.71634415e-06
2.79845943e-06
2.85189564e-06
2.87000973e-06
2.84685130e-06
2.77754220e-06
2.65859461e-06
2.48815121e-06
2.26613797e-06
1.99432660e-06
1.67630660e-06
1.31736980e-06
9.24313270e-07
5.05170022e-07
6.88816104e-08
-3.75068875e-07
-8.17042449e-07
-1.24762649e-06
-1.65799218e-06
-2.04020992e-06
-2.38751068e-06
-2.69448731e-06
-2.95723682e-06
-3.17344969e-06
-3.34245232e-06
-3.46520626e-06
-3.54426590e-06
-3.58369521e-06
-3.58894508e-06
-3.56669419e-06
-3.52465567e-06
-3.47134984e-06
-3.41584058e-06
-3.36743117e-06
-3.33531772e-06
-3.32820400e-06
-3.35388598e-06
-3.41882194e-06
-3.52770919e-06
-3.68309097e-06
-3.88501859e-06
-4.13079455e-06
-4.41482188e-06
-4.72858395e-06
-5.06077487e-06
-5.39759375e-06
-5.72320917e-06
-6.02038838e-06
-6.27127077e-06
-6.45825009e-06
-6.56492030e-06
-6.57703311e-06
-6.48341166e-06
-6.27676226e-06
-5.95432812e-06
-5.51833859e-06
-4.97621907e-06
-4.34053842e-06
-3.62868354e-06
-2.86226551e-06
-2.06627383e-06
-1.26800785e-06
-4.95827392e-07
2.22226229e-07
8.59881176e-07
1.39409417e-06
1.80644582e-06
2.08439302e-06
2.22229737e-06
2.22215297e-06
2.09394900e-06
1.85562114e-06
1.53256627e-06
1.15671597e-06
7.65185157e-07
3.98532446e-07
9.86903356e-08
-9.33547306e-08
-1.40032849e-07
-9.69498077e-09
3.20978489e-07
8.64800726e-07
1.62226878e-06
2.58025207e-06
3.71129989e-06
4.97367257e-06
6.31217345e-06
7.65982233e-06
8.94036872e-06
1.00715978e-05
1.09693333e-05
1.15519904e-05
1.17454902e-05
1.14883057e-05
1.07363844e-05
9.46767169e-06
7.68595777e-06
5.42377080e-06
2.74406226e-06
-2.59541068e-07
-3.46409380e-06
-6.72040882e-06
-9.85789234e-06
-1.26910879e-05
-1.50277812e-05
-1.66784153e-05
-1.74664652e-05
-1.72393207e-05
-1.58791436e-05
-1.33130959e-05
-9.52230248e-06
-4.54889469e-06
1.49949290e-06
8.44834596e-06
1.60584899e-05
2.40322421e-05
3.20236558e-05
3.96528056e-05
4.65238225e-05
5.22461269e-05
5.64580490e-05
5.88517828e-05
5.91983973e-05
5.73714554e-05
5.33676576e-05
4.73228796e-05
3.95219948e-05
3.04009911e-05
2.05401046e-05
1.06470205e-05
1.52964186e-06
-5.94156825e-06
-1.08811514e-05
-1.24448391e-05
-9.89196965e-06
-2.65097177e-06
9.61546676e-06
2.69494982e-05
4.90464690e-05
7.52173945e-05
1.04369523e-04
1.35009237e-04
1.65271460e-04
1.92977791e-04
2.15723102e-04
2.30988256e-04
2.36275454e-04
2.29261136e-04
2.07957883e-04
1.70876839e-04
1.17183241e-04
4.68343276e-05
-3.93133923e-05
-1.39436654e-04
-2.50724299e-04
-3.69410106e-04
-4.90865963e-04
-6.09756554e-04
-7.20252636e-04
-8.16296665e-04
-8.91910979e-04
-9.41534789e-04
-9.60371020e-04
-9.44722047e-04
-8.92294023e-04
-8.02447846e-04
-6.76372823e-04
-5.17160906e-04
-3.29768683e-04
-1.20858504e-04
1.01489472e-04
3.28175853e-04
5.49552902e-04
7.55943482e-04
9.38183838e-04
1.08815022e-03
1.19923112e-03
1.26672306e-03
1.28810598e-03
1.26316323e-03
1.19394190e-03
1.08455425e-03
9.40860209e-04
7.70078744e-04
5.80352429e-04
3.80297976e-04
1.78562488e-04
-1.66003448e-05
-1.97706506e-04
-3.58352769e-04
-4.93460331e-04
-5.99442496e-04
-6.74283921e-04
-7.17527642e-04
-7.30178138e-04
-7.14534739e-04
-6.73968145e-04
-6.12656020e-04
-5.35299012e-04
-4.46834374e-04
-3.52161906e-04
-2.55895862e-04
-1.62161742e-04
-7.44518438e-05
4.46459213e-06
7.25805806e-05
1.28641186e-04
1.72091425e-04
2.02993549e-04
2.21924754e-04
2.29865506e-04
2.28082129e-04
2.18011193e-04
2.01157208e-04
1.79009359e-04
1.52976964e-04
1.24341964e-04
9.42289969e-05
6.35956436e-05
3.32447280e-05
3.85327070e-06
-2.39919211e-05
-4.97623581e-05
-7.29647680e-05
-9.31293817e-05
-1.09813439e-04
-1.22618989e-04
-1.31218910e-04
-1.35384340e-04
-1.35008215e-04
-1.30122836e-04
-1.20910891e-04
-1.07710208e-04
-9.10118353e-05
-7.14532898e-05
-4.98059157e-05
-2.69532791e-05
-3.86005250e-06
1.84678554e-05
3.90325012e-05
5.69027371e-05
7.12755770e-05
8.15288220e-05
8.72605984e-05
8.83181458e-05
8.48124094e-05
7.71094858e-05
6.57981466e-05
5.16429685e-05
3.55311980e-05
1.84138921e-05
1.24350290e-06
-1.50839145e-05
-2.97734136e-05
-4.21606492e-05
-5.17311838e-05
-5.81327818e-05
-6.11794810e-05
-6.08498108e-05
-5.72843153e-05
-5.07818214e-05
-4.17875217e-05
-3.08701048e-05
-1.86895551e-05
-5.95741172e-06
6.60771595e-06
1.83250959e-05
2.85936077e-05
3.69263310e-05
4.29746075e-05
4.65416388e-05
4.75848677e-05
4.62066740e-05
4.26369315e-05
3.72114478e-05
3.03480803e-05
2.25205853e-05
1.42305297e-05
5.97820175e-06
-1.76677403e-06
-8.59371363e-06
-1.41739390e-05
-1.82752717e-05
-2.07691079e-05
-2.16311616e-05
-2.09351790e-05
-1.88399566e-05
-1.55706946e-05
-1.13974624e-05
-6.61419904e-06
-1.52004909e-06
3.59760777e-06
8.47912467e-06
1.29058627e-05
1.67075827e-05
1.97645176e-05
2.20066730e-05
2.34112661e-05
2.39990254e-05
2.38297879e-05
2.29975027e-05
2.16242287e-05
1.98524506e-05
1.78351326e-05
1.57253306e-05
1.36669259e-05
1.17855111e-05
1.01798558e-05
8.91557528e-06
8.02111393e-06
7.48631361e-06
7.26503559e-06
7.28162010e-06
7.43950076e-06
7.63001019e-06
7.74023242e-06
7.66026410e-06
7.29039050e-06
6.54857996e-06
5.37796278e-06
3.75258526e-06
1.67937992e-06
-8.04167942e-07
-3.63511870e-06
-6.73069947e-06
-9.99258776e-06
-1.33098169e-05
-1.65618342e-05
0.00000000e+00
0.00000000e+00
0.00000000e+00
0.00000000e+00
0.00000000e+00
0.00000000e+00
0.00000000e+00
0.00000000e+00
0.00000000e+00
0.00000000e+00
0.00000000e+00
0.00000000e+00
0.00000000e+00
0.00000000e+00
0.00000000e+00
0.00000000e+00
0.00000000e+00
0.00000000e+00
0.00000000e+00
0.00000000e+00
0.00000000e+00
0.00000000e+00
0.00000000e+00
0.00000000e+00
0.00000000e+00
0.00000000e+00
0.00000000e+00
0.00000000e+00
0.00000000e+00
0.00000000e+00
0.00000000e+00
0.00000000e+00
0.00000000e+00
0.00000000e+00
0.00000000e+00
0.00000000e+00
0.00000000e+00
0.00000000e+00
0.00000000e+00
0.00000000e+00
0.00000000e+00
0.00000000e+00
0.00000000e+00
0.00000000e+00
0.00000000e+00
0.00000000e+00
0.00000000e+00
0.00000000e+00
0.00000000e+00
0.00000000e+00
0.00000000e+00
0.00000000e+00
0.00000000e+00
0.00000000e+00
0.00000000e+00
0.00000000e+00
0.00000000e+00
0.00000000e+00
0.00000000e+00
0.00000000e+00
0.00000000e+00
0.00000000e+00
0.00000000e+00
0.00000000e+00
0.00000000e+00
0.00000000e+00
0.00000000e+00
0.00000000e+00
0.00000000e+00
0.00000000e+00
0.00000000e+00
0.00000000e+00
0.00000000e+00
0.00000000e+00
0.00000000e+00
0.00000000e+00
0.00000000e+00
0.00000000e+00
0.00000000e+00
0.00000000e+00
0.00000000e+00
0.00000000e+00
0.00000000e+00
0.00000000e+00
0.00000000e+00
0.00000000e+00
0.00000000e+00
0.00000000e+00
-4.74680879e-08
-1.86083434e-08
5.49894452e-09
2.24795986e-08
3.00079356e-08
2.59353328e-08
8.42522720e-09
-2.39119690e-08
-7.18913133e-08
-1.35640798e-07
-2.14511437e-07
-3.07017094e-07
-4.10810434e-07
-5.22700167e-07
-6.38713104e-07
-7.54202167e-07
-8.63998735e-07
-9.62605028e-07
-1.04441956e-06
-1.10398671e-06
-1.13625946e-06
-1.13686243e-06
-1.10234144e-06
-1.03038651e-06
-9.20015392e-07
-7.71705462e-07
-5.87464385e-07
-3.70833778e-07
-1.26823364e-07
1.38223540e-07
4.16829628e-07
7.00642091e-07
9.80740106e-07
1.24797869e-06
1.49335558e-06
1.70838697e-06
1.88547590e-06
2.01825566e-06
2.10189059e-06
2.13331719e-06
2.11140923e-06
2.03705249e-06
1.91312092e-06
1.74435449e-06
1.53714720e-06
1.29925961e-06
1.03947420e-06
7.67214888e-07
4.92150607e-07
2.23800109e-07
-2.88473700e-08
-2.57681942e-07
-4.55780658e-07
-6.17659894e-07
-7.39460415e-07
-8.19056250e-07
-8.56083478e-07
-8.51889731e-07
-8.09408779e-07
-7.32967481e-07
-6.28035684e-07
-5.00932711e-07
-3.58506465e-07
-2.07802549e-07
-5.57412852e-08
9.11807219e-08
2.27152136e-07
3.47263373e-07
4.47671284e-07
5.25705938e-07
5.79915193e-07
6.10044149e-07
6.16949321e-07
6.02452605e-07
5.69145490e-07
5.20159051e-07
4.58918286e-07
3.88898993e-07
3.13402576e-07
2.35361094e-07
1.57181494e-07
8.06354000e-08
6.79939744e-09
-6.39517636e-08
-1.31900424e-07
-1.97893628e-07
-2.63208835e-07
-3.29386282e-07
-3.98040262e-07
-4.70664176e-07
-5.48445444e-07
-6.32105476e-07
-7.21776169e-07
-8.16920368e-07
-9.16302097e-07
-1.01801102e-06
-1.11954211e-06
-1.21792625e-06
-1.30990192e-06
-1.39211427e-06
-1.46132520e-06
-1.51461785e-06
-1.54958037e-06
-1.56445548e-06
-1.55824507e-06
-1.53076295e-06
-1.48263281e-06
-1.41523208e-06
-1.33058737e-06
-1.23123084e-06
-1.12002928e-06
-9.99999151e-07
-8.74121242e-07
-7.45167514e-07
-6.15551590e-07
-4.87211226e-07
-3.61527571e-07
-2.39283873e-07
-1.20664233e-07
-5.28928247e-09
1.07717782e-07
2.19641595e-07
3.32067551e-07
4.46762582e-07
5.65548217e-07
6.90169219e-07
8.22159518e-07
9.62705345e-07
1.11250571e-06
1.27163354e-06
1.43940469e-06
1.61426549e-06
1.79371153e-06
1.97425137e-06
2.15142521e-06
2.31988428e-06
2.47353245e-06
2.60572763e-06
2.70953455e-06
2.77801792e-06
2.80456418e-06
2.78321931e-06
2.70902890e-06
2.57836542e-06
2.38922615e-06
2.14148346e-06
1.83706816e-06
1.48006834e-06
1.07672903e-06
6.35343763e-07
1.66035948e-07
-3.19566740e-07
-8.08755192e-07
-1.28824331e-06
-1.74473256e-06
-2.16550922e-06
-2.53904122e-06
-2.85553748e-06
-3.10743137e-06
-3.28975230e-06
-3.40035690e-06
-3.44000211e-06
-3.41225364e-06
-3.32323400e-06
-3.18122470e-06
-2.99614581e-06
-2.77894237e-06
-2.54091181e-06
-2.29300977e-06
-2.04517376e-06
-1.80570544e-06
-1.58075136e-06
-1.37391966e-06
-1.18606420e-06
-1.01525915e-06
-8.56977105e-07
-7.04473618e-07
-5.49368511e-07
-3.82400714e-07
-1.94318878e-07
2.31440230e-08
2.76277185e-07
5.68455298e-07
8.99338635e-07
1.26428513e-06
1.65403872e-06
2.05474326e-06
2.44831214e-06
2.81316014e-06
3.12527942e-06
3.35961853e-06
3.49170210e-06
3.49940984e-06
3.36481542e-06
3.07597403e-06
2.62854202e-06
2.02711372e-06
1.28616648e-06
4.30518520e-07
-5.04778299e-07
-1.47516591e-06
-2.42795442e-06
-3.30433759e-06
-4.04200839e-06
-4.57829473e-06
-4.85369654e-06
-4.81566918e-06
-4.42247091e-06
-3.64687276e-06
-2.47951396e-06
-9.31679709e-07
9.62715653e-07
3.14613840e-06
5.53760853e-06
8.03416737e-06
1.05137188e-05
1.28392566e-05
1.48644163e-05
1.64402107e-05
1.74227289e-05
1.76815003e-05
1.71081483e-05
1.56248930e-05
1.31924123e-05
9.81654827e-06
5.55335012e-06
5.11983058e-07
-5.14490345e-06
-1.12036589e-05
-1.74051598e-05
-2.34534320e-05
-2.90272545e-05
-3.37944518e-05
-3.74283990e-05
-3.96260811e-05
-4.01268779e-05
-3.87311044e-05
-3.53172267e-05
-2.98566168e-05
-2.24247006e-05
-1.32074133e-05
-2.50202810e-06
9.28835591e-06
2.16671000e-05
3.40630378e-05
4.58557076e-05
5.64060096e-05
6.50911010e-05
7.13414992e-05
7.46778995e-05
7.47453427e-05
7.13418184e-05
6.44386379e-05
5.41911303e-05
4.09389846e-05
2.51964239e-05
7.63231334e-06
-1.09593477e-05
-2.96967676e-05
-4.76540617e-05
-6.39098779e-05
-7.75988210e-05
-8.79621543e-05
-9.43937145e-05
-9.64785892e-05
-9.40226311e-05
-8.70713003e-05
-7.59142520e-05
-6.10745254e-05
-4.32848056e-05
-2.34520647e-05
-2.61160103e-06
1.81278091e-05
3.76409345e-05
5.48402203e-05
6.87291991e-05
7.84561330e-05
8.33642453e-05
8.30330040e-05
7.73074508e-05
6.63157936e-05
5.04746784e-05
3.04809139e-05
7.28811351e-06
-1.79322772e-05
-4.38439764e-05
-6.90106001e-05
-9.19691047e-05
-1.11308687e-04
-1.25751369e-04
-1.34230635e-04
-1.35964268e-04
-1.30516491e-04
-1.17842314e-04
-9.83085007e-05
-7.26913624e-05
-4.21518821e-05
-8.18580987e-06
2.74562311e-05
6.28838405e-05
9.62125376e-05
1.25722152e-04
1.49999664e-04
1.68049552e-04
1.79351749e-04
1.83841185e-04
1.81823261e-04
1.73863409e-04
1.60689603e-04
1.43134402e-04
1.22101457e-04
9.85332551e-05
7.33794414e-05
4.75661596e-05
2.19611778e-05
-2.66537164e-06
-2.56713706e-05
-4.65513967e-05
-6.49270683e-05
-8.05316256e-05
-9.31976265e-05
-1.02844408e-04
-1.09463405e-04
-1.13109937e-04
-1.13904923e-04
-1.12040691e-04
-1.07780704e-04
-1.01449000e-04
-9.34065552e-05
-8.40191421e-05
-7.36289133e-05
-6.25351382e-05
-5.09882375e-05
-3.91978246e-05
-2.73472550e-05
-1.56050475e-05
-4.12916499e-06
6.93294226e-06
1.74452214e-05
2.72810321e-05
3.63166183e-05
4.44235402e-05
5.14631126e-05
5.72829941e-05
6.17164515e-05
6.45888676e-05
6.57342641e-05
6.50181003e-05
6.23610771e-05
5.77605577e-05
5.13071973e-05
4.31931399e-05
3.37052951e-05
2.32036253e-05
1.20919192e-05
7.89973167e-07
-1.02897348e-05
-2.07641243e-05
-3.03018581e-05
-3.86380356e-05
-4.55747627e-05
-5.09721885e-05
-5.47395441e-05
-5.68299649e-05
-5.72380081e-05
-5.60016316e-05
-5.32042503e-05
-4.89694130e-05
-4.34519135e-05
-3.68325631e-05
-2.93169853e-05
-2.11352505e-05
-1.25397652e-05
-3.80089841e-06
4.80056854e-06
1.29843273e-05
2.04828124e-05
2.70536255e-05
3.24933765e-05
3.66503243e-05
3.94323504e-05
4.08100185e-05
4.08169122e-05
3.95473108e-05
3.71474605e-05
3.37995807e-05
2.97046413e-05
2.50676041e-05
2.00858257e-05
1.49421767e-05
9.80246724e-06
4.81488699e-06
1.11185551e-07
-4.19099549e-06
-7.98840900e-06
-1.11953351e-05
-1.37472866e-05
-1.56036569e-05
-1.67480257e-05
-1.71865696e-05
-1.69450655e-05
-1.60672602e-05
-1.46150773e-05
-1.26681977e-05
-1.03207097e-05
-7.67322695e-06
-4.82173473e-06
-1.84796174e-06
1.18350910e-06
4.22021218e-06
7.21222508e-06
1.01030029e-05
1.28233982e-05
1.52879071e-05
1.73926735e-05
1.90173697e-05
2.00326972e-05
2.03125295e-05
1.97481557e-05
1.82636946e-05
1.58320013e-05
1.24888153e-05
8.34158473e-06
3.56784169e-06
-5.28418229e-07
-5.56516721e-07
-5.83770064e-07
-6.10200393e-07
-6.35860216e-07
-6.60823418e-07
-6.85172885e-07
-7.08984981e-07
-7.32311338e-07
-7.55158669e-07
-7.77467519e-07
-7.99091112e-07
-8.19775600e-07
-8.39143182e-07
-8.56679585e-07
-8.71727374e-07
-8.83486381e-07
-8.91022362e-07
-8.93284712e-07
-8.89133825e-07
-8.77378213e-07
-8.56820868e-07
-8.26313723e-07
-7.84818436e-07
-7.31470847e-07
-6.65645607e-07
-5.87016990e-07
-4.95611582e-07
-3.91848567e-07
-2.76564324e-07
-1.51019076e-07
-1.68844055e-08
1.23788492e-07
2.68618647e-07
4.14961264e-07
5.59987971e-07
7.00780022e-07
8.34432547e-07
9.58167001e-07
1.06944819e-06
1.16610154e-06
1.24642462e-06
1.30928496e-06
1.35419679e-06
1.38137057e-06
1.39173044e-06
1.38689588e-06
1.36912463e-06
1.34121482e-06
1.30636584e-06
1.26800296e-06
1.22957597e-06
1.19434398e-06
1.16515980e-06
1.14426691e-06
1.13312346e-06
1.13226648e-06
1.14122552e-06
1.15849146e-06
1.18154390e-06
1.20693847e-06
1.23045204e-06
1.24728121e-06
1.25228761e-06
1.24028004e-06
1.20631781e-06
1.14601572e-06
1.05583162e-06
9.33319021e-07
7.77330104e-07
5.88157547e-07
3.67609054e-07
1.19012375e-07
-1.52849919e-07
-4.41875880e-07
-7.40847233e-07
-1.04169350e-06
-1.33580761e-06
-1.61440014e-06
-1.86887498e-06
-2.09120495e-06
-2.27428363e-06
-2.41223187e-06
-2.50064322e-06
-2.53675654e-06
-2.51954832e-06
-2.44974406e-06
-2.32975357e-06
-2.16353906e-06
-1.95642611e-06
-1.71486974e-06
-1.44618876e-06
-1.15828223e-06
-8.59340510e-07
-5.57562665e-07
-2.60892623e-07
2.32144975e-08
2.87986739e-07
5.27484875e-07
7.36706991e-07
9.11653242e-07
1.04935887e-06
1.14790200e-06
1.20639124e-06
1.22493790e-06
1.20461809e-06
1.14742903e-06
1.05624441e-06
9.34770776e-07
7.87502173e-07
6.19666239e-07
4.37154760e-07
2.46432602e-07
5.44165844e-08
-1.31686034e-07
-3.04585810e-07
-4.57163193e-07
-5.82753293e-07
-6.75448202e-07
-7.30398867e-07
-7.44095869e-07
-7.14608832e-07
-6.41765825e-07
-5.27256257e-07
-3.74646318e-07
-1.89303612e-07
2.17664702e-08
2.50166779e-07
4.86429533e-07
7.20403191e-07
9.41690911e-07
1.14011982e-06
1.30621517e-06
1.43165254e-06
1.50966260e-06
1.53536603e-06
1.50602060e-06
1.42116849e-06
1.28267611e-06
1.09466109e-06
8.63307234e-07
5.96578305e-07
3.03847753e-07
-4.53577688e-09
-3.17723368e-07
-6.24854708e-07
-9.15534139e-07
-1.18026831e-06
-1.41084323e-06
-1.60062256e-06
-1.74475464e-06
-1.84028186e-06
-1.88615368e-06
-1.88315130e-06
-1.83373564e-06
-1.74183137e-06
-1.61256081e-06
-1.45194340e-06
-1.26657704e-06
-1.06331757e-06
-8.48973618e-07
-6.30031826e-07
-4.12424768e-07
-2.01350196e-07
-1.14581679e-09
1.84780508e-07
3.53968157e-07
5.04874825e-07
6.36808680e-07
7.49828935e-07
8.44623055e-07
9.22368793e-07
9.84587554e-07
1.03299436e-06
1.06934944e-06
1.09531677e-06
1.11233555e-06
1.12151144e-06
1.12353431e-06
1.11862754e-06
1.10653262e-06
1.08653065e-06
1.05750140e-06
1.01801995e-06
9.66488635e-07
9.01298293e-07
8.21008087e-07
7.24529396e-07
6.11298799e-07
4.81426881e-07
3.35811404e-07
1.76206457e-07
5.24326055e-09
-1.73598912e-07
-3.56070551e-07
-5.37275257e-07
-7.11834589e-07
-8.74088791e-07
-1.01832399e-06
-1.13901406e-06
-1.23106638e-06
-1.29006162e-06
-1.31247913e-06
-1.29590003e-06
-1.23918043e-06
-1.14258678e-06
-1.00788325e-06
-8.38360223e-07
-6.38794048e-07
-4.15332970e-07
-1.75308645e-07
7.30229495e-08
3.20802731e-07
5.58938295e-07
7.78503636e-07
9.71146250e-07
1.12947721e-06
1.24741938e-06
1.32049088e-06
1.34600566e-06
1.32318096e-06
1.25315024e-06
1.13888698e-06
9.85049185e-07
7.97757909e-07
5.84324890e-07
3.52943337e-07
1.12354233e-07
-1.28499454e-07
-3.60819564e-07
-5.76290878e-07
-7.67398585e-07
-9.27710725e-07
-1.05211194e-06
-1.13697685e-06
-1.18027428e-06
-1.18159739e-06
-1.14212016e-06
-1.06448577e-06
-9.52635714e-07
-8.11591477e-07
-6.47202498e-07
-4.65875250e-07
-2.74297802e-07
-7.91717918e-08
1.13038516e-07
2.96331564e-07
4.65360367e-07
6.15584488e-07
7.43378821e-07
8.46099948e-07
9.22115033e-07
9.70799570e-07
9.92507624e-07
9.88513892e-07
9.60925418e-07
9.12563365e-07
8.46818485e-07
7.67485792e-07
6.78584621e-07
5.84169279e-07
4.88136016e-07
3.94035111e-07
3.04900494e-07
2.23109599e-07
1.50283006e-07
8.72297298e-08
3.39403819e-08
-1.03730973e-08
-4.71955662e-08
-7.85896489e-08
-1.07043609e-07
-1.35292913e-07
-1.66126262e-07
-2.02188224e-07
-2.45789973e-07
-2.98739223e-07
-3.62198782e-07
-4.36580873e-07
-5.21483113e-07
-6.15668391e-07
-7.17086109e-07
-8.22930159e-07
-9.29730920e-07
-1.03348084e-06
-1.12979434e-06
-1.21410205e-06
-1.28187600e-06
-1.32887566e-06
-1.35139771e-06
-1.34650914e-06
-1.31224566e-06
-1.24776123e-06
-1.15341728e-06
-1.03080618e-06
-8.82709484e-07
-7.12997323e-07
-5.26479511e-07
-3.28718585e-07
-1.25813915e-07
7.58334453e-08
2.69765988e-07
4.49718551e-07
6.09864485e-07
7.45051678e-07
8.51019476e-07
9.24586112e-07
9.63796358e-07
9.68019623e-07
9.37990512e-07
8.75788285e-07
7.84757344e-07
6.69374244e-07
5.35066440e-07
3.87990043e-07
2.34776884e-07
8.22616472e-08
-6.27994153e-08
-1.94004228e-07
-3.05559576e-07
-3.92501476e-07
-4.50872670e-07
-4.77854221e-07
-4.71851777e-07
-4.32537898e-07
-3.60853702e-07
-2.58975506e-07
-1.30251648e-07
2.08893194e-08
1.89063977e-07
3.68099685e-07
5.51241807e-07
7.31397075e-07
9.01402359e-07
1.05430533e-06
1.18364308e-06
1.28370525e-06
1.34977013e-06
1.37830374e-06
1.36711169e-06
1.31543617e-06
1.22399522e-06
1.09496570e-06
9.31913638e-07
7.39678025e-07
5.24216233e-07
2.92418304e-07
5.18942955e-08
-1.89262040e-07
-4.22730694e-07
-6.40241524e-07
-8.33865151e-07
-9.96313507e-07
-1.12124204e-06
-1.20354132e-06
-1.23960156e-06
-1.22752975e-06
-1.16729885e-06
-1.06081186e-06
-9.11870997e-07
-7.26050127e-07
-5.10476659e-07
-2.73536154e-07
-2.45175167e-08
2.26780916e-07
4.70463695e-07
6.96950000e-07
8.97365705e-07
1.06389688e-06
1.19008843e-06
1.27107449e-06
1.30373086e-06
1.28674605e-06
1.22061456e-06
1.10756197e-06
9.51416429e-07
7.57443963e-07
5.32163985e-07
2.83158612e-07
1.88835074e-08
-2.51519035e-07
-5.18409333e-07
-7.71847512e-07
-1.00180337e-06
-1.19838252e-06
-1.35207178e-06
-1.45400716e-06
-1.49626481e-06
-1.47217214e-06
-1.37663402e-06
-1.20646497e-06
-9.60714109e-07
-6.40966266e-07
-2.51602498e-07
1.99996930e-07
7.03324773e-07
1.24471105e-06
1.80739366e-06
2.37170472e-06
2.91537778e-06
3.41398494e-06
3.84153063e-06
4.17119250e-06
4.37619929e-06
4.43091226e-06
4.31205124e-06
3.99991910e-06
3.47978518e-06
2.74351081e-06
1.79107630e-06
6.31779075e-07
-7.14659514e-07
-2.21716033e-06
-3.83295993e-06
-5.50786870e-06
-7.17705582e-06
-8.76686703e-06
-1.01976639e-05
-1.13875237e-05
-1.22570002e-05
-1.27348056e-05
-1.27635833e-05
-1.23052120e-05
-1.13454994e-05
-9.89766189e-06
-8.00383115e-06
-5.73451983e-06
-3.18593012e-06
-4.75096959e-07
2.26690556e-06
4.90320619e-06
7.29996825e-06
9.33500752e-06
1.09058204e-05
1.19366332e-05
1.23837193e-05
1.22384510e-05
1.15279131e-05
1.03130887e-05
8.68488214e-06
6.75832492e-06
4.66512154e-06
2.54487327e-06
5.35618425e-07
-1.23550880e-06
-2.66063332e-06
-3.65780936e-06
-4.17564403e-06
-4.19586821e-06
-3.73377431e-06
-2.83648722e-06
-1.57927261e-06
-6.02753498e-08
1.60591227e-06
3.29639246e-06
4.88938513e-06
6.27330266e-06
7.35475281e-06
8.06512732e-06
8.36507525e-06
8.24616283e-06
7.72943504e-06
6.86157222e-06
5.70995653e-06
4.35738558e-06
2.89634404e-06
1.42241245e-06
2.70287506e-08
-1.20966798e-06
-2.22555066e-06
-2.98203574e-06
-3.46739480e-06
-3.69764205e-06
-3.71564009e-06
-3.58852906e-06
-3.40320964e-06
-3.25963016e-06
-3.26224192e-06
-3.51101351e-06
-4.09278694e-06
-5.07224717e-06
-6.48286055e-06
-8.31972125e-06
-1.05354748e-05
-1.30397355e-05
-1.57015978e-05
-1.83538523e-05
-2.07990848e-05
-2.28192314e-05
-2.41889868e-05
-2.46914933e-05
-2.41350550e-05
-2.23690717e-05
-1.92986267e-05
-1.48991560e-05
-9.22787062e-06
-2.42760637e-06
5.27603394e-06
1.35823828e-05
2.21267553e-05
3.04962197e-05
3.82514700e-05
4.49538282e-05
5.01944971e-05
5.36218705e-05
5.49659979e-05
5.40607194e-05
5.08605973e-05
4.54496136e-05
3.80402645e-05
2.89635853e-05
1.86512522e-05
0.00000000e+00
0.00000000e+00
0.00000000e+00
0.00000000e+00
0.00000000e+00
0.00000000e+00
0.00000000e+00
0.00000000e+00
0.00000000e+00
0.00000000e+00
0.00000000e+00
0.00000000e+00
0.00000000e+00
0.00000000e+00
0.00000000e+00
0.00000000e+00
0.00000000e+00
0.00000000e+00
0.00000000e+00
0.00000000e+00
0.00000000e+00
0.00000000e+00
0.00000000e+00
0.00000000e+00
0.00000000e+00
0.00000000e+00
0.00000000e+00
0.00000000e+00
0.00000000e+00
0.00000000e+00
0.00000000e+00
0.00000000e+00
0.00000000e+00
0.00000000e+00
0.00000000e+00
0.00000000e+00
0.00000000e+00
0.00000000e+00
0.00000000e+00
0.00000000e+00
0.00000000e+00
0.00000000e+00
0.00000000e+00
0.00000000e+00
0.00000000e+00
0.00000000e+00
0.00000000e+00
0.00000000e+00
0.00000000e+00
0.00000000e+00
0.00000000e+00
0.00000000e+00
0.00000000e+00
0.00000000e+00
0.00000000e+00
0.00000000e+00
0.00000000e+00
0.00000000e+00
0.00000000e+00
0.00000000e+00
0.00000000e+00
0.00000000e+00
0.00000000e+00
0.00000000e+00
0.00000000e+00
0.00000000e+00
0.00000000e+00
0.00000000e+00
0.00000000e+00
0.00000000e+00
0.00000000e+00
0.00000000e+00
0.00000000e+00
0.00000000e+00
0.00000000e+00
0.00000000e+00
0.00000000e+00
0.00000000e+00
0.00000000e+00
0.00000000e+00
0.00000000e+00
0.00000000e+00
0.00000000e+00
0.00000000e+00
0.00000000e+00
0.00000000e+00
0.00000000e+00
0.00000000e+00
0.00000000e+00
0.00000000e+00
0.00000000e+00
0.00000000e+00
0.00000000e+00
0.00000000e+00
0.00000000e+00
0.00000000e+00
0.00000000e+00
0.00000000e+00
0.00000000e+00
0.00000000e+00
0.00000000e+00
0.00000000e+00
0.00000000e+00
0.00000000e+00
0.00000000e+00
0.00000000e+00
0.00000000e+00
0.00000000e+00
0.00000000e+00
0.00000000e+00
0.00000000e+00
0.00000000e+00
0.00000000e+00
0.00000000e+00
0.00000000e+00
0.00000000e+00
0.00000000e+00
0.00000000e+00
0.00000000e+00
0.00000000e+00
0.00000000e+00
0.00000000e+00
0.00000000e+00
0.00000000e+00
0.00000000e+00
0.00000000e+00
0.00000000e+00
0.00000000e+00
0.00000000e+00
0.00000000e+00
0.00000000e+00
0.00000000e+00
0.00000000e+00
0.00000000e+00
0.00000000e+00
0.00000000e+00
0.00000000e+00
0.00000000e+00
0.00000000e+00
0.00000000e+00
0.00000000e+00
0.00000000e+00
0.00000000e+00
0.00000000e+00
0.00000000e+00
0.00000000e+00
0.00000000e+00
0.00000000e+00
0.00000000e+00
0.00000000e+00
0.00000000e+00
0.00000000e+00
0.00000000e+00
0.00000000e+00
0.00000000e+00
0.00000000e+00
0.00000000e+00
0.00000000e+00
0.00000000e+00
0.00000000e+00
0.00000000e+00
0.00000000e+00
0.00000000e+00
0.00000000e+00
0.00000000e+00
0.00000000e+00
0.00000000e+00
0.00000000e+00
0.00000000e+00
0.00000000e+00
0.00000000e+00
0.00000000e+00
0.00000000e+00
0.00000000e+00
0.00000000e+00
0.00000000e+00
0.00000000e+00
0.00000000e+00
0.00000000e+00
0.00000000e+00
0.00000000e+00
0.00000000e+00
0.00000000e+00
0.00000000e+00
0.00000000e+00
0.00000000e+00
0.00000000e+00
0.00000000e+00
0.00000000e+00
0.00000000e+00
0.00000000e+00
0.00000000e+00
0.00000000e+00
0.00000000e+00
0.00000000e+00
0.00000000e+00
0.00000000e+00
0.00000000e+00
0.00000000e+00
0.00000000e+00
0.00000000e+00
0.00000000e+00
0.00000000e+00
0.00000000e+00
0.00000000e+00
0.00000000e+00
0.00000000e+00
0.00000000e+00
0.00000000e+00
0.00000000e+00
0.00000000e+00
0.00000000e+00
0.00000000e+00
0.00000000e+00
0.00000000e+00
0.00000000e+00
0.00000000e+00
0.00000000e+00
0.00000000e+00
0.00000000e+00
0.00000000e+00
0.00000000e+00
0.00000000e+00
0.00000000e+00
0.00000000e+00
0.00000000e+00
0.00000000e+00
0.00000000e+00
0.00000000e+00
0.00000000e+00
0.00000000e+00
0.00000000e+00
0.00000000e+00
0.00000000e+00
0.00000000e+00
0.00000000e+00
0.00000000e+00
0.00000000e+00
0.00000000e+00
0.00000000e+00
0.00000000e+00
0.00000000e+00
0.00000000e+00
0.00000000e+00
0.00000000e+00
0.00000000e+00
0.00000000e+00
0.00000000e+00
0.00000000e+00
0.00000000e+00
0.00000000e+00
0.00000000e+00
0.00000000e+00
0.00000000e+00
0.00000000e+00
0.00000000e+00
0.00000000e+00
0.00000000e+00
0.00000000e+00
0.00000000e+00
0.00000000e+00
0.00000000e+00
0.00000000e+00
0.00000000e+00
0.00000000e+00
0.00000000e+00
0.00000000e+00
0.00000000e+00
0.00000000e+00
0.00000000e+00
0.00000000e+00
0.00000000e+00
-4.89316449e-07
-4.98603465e-07
-5.11662363e-07
-5.29458981e-07
-5.52720643e-07
-5.81847891e-07
-6.16832499e-07
-6.57187359e-07
-7.01893868e-07
-7.49372121e-07
-7.97478587e-07
-8.43534948e-07
-8.84390403e-07
-9.16518207e-07
-9.36145452e-07
-9.39413222e-07
-9.22562380e-07
-8.82138220e-07
-8.15204704e-07
-7.19556538e-07
-5.93915635e-07
-4.38098017e-07
-2.53137667e-07
-4.13558859e-08
1.93632021e-07
4.46977662e-07
7.12729202e-07
9.84025539e-07
1.25334481e-06
1.51279221e-06
1.75441039e-06
1.97049595e-06
2.15390681e-06
2.29834718e-06
2.39862069e-06
2.45084682e-06
2.45263791e-06
2.40323273e-06
2.30357987e-06
2.15636123e-06
1.96594549e-06
1.73826512e-06
1.48061561e-06
1.20138184e-06
9.09700352e-07
6.15071138e-07
3.26936774e-07
5.42510208e-08
-1.94938131e-07
-4.13863669e-07
-5.97347178e-07
-7.42016982e-07
-8.46420269e-07
-9.11020366e-07
-9.38080639e-07
-9.31446677e-07
-8.96247094e-07
-8.38539550e-07
-7.64930638e-07
-6.82196683e-07
-5.96929306e-07
-5.15225475e-07
-4.42436047e-07
-3.82979594e-07
-3.40221786e-07
-3.16416905e-07
-3.12706588e-07
-3.29169914e-07
-3.64917303e-07
-4.18217660e-07
-4.86645922e-07
-5.67240100e-07
-6.56660461e-07
-7.51345971e-07
-8.47663968e-07
-9.42048166e-07
-1.03111982e-06
-1.11178849e-06
-1.18133006e-06
-1.23744174e-06
-1.27827703e-06
-1.30246488e-06
-1.30911767e-06
-1.29783251e-06
-1.26868855e-06
-1.22223969e-06
-1.15949994e-06
-1.08191916e-06
-9.91348531e-07
-8.89997028e-07
-7.80379733e-07
-6.65258994e-07
-5.47578459e-07
-4.30388424e-07
-3.16759086e-07
-2.09678707e-07
-1.11935568e-07
-2.59837971e-08
4.62048981e-08
1.03297846e-07
1.44756797e-07
1.70979143e-07
1.83409352e-07
1.84604700e-07
1.78242314e-07
1.69059076e-07
1.62720070e-07
1.65615547e-07
1.84590397e-07
2.26612099e-07
2.98385436e-07
4.05927046e-07
5.54116649e-07
7.46244929e-07
9.83582476e-07
1.26499844e-06
1.58665912e-06
1.94183652e-06
2.32085387e-06
2.71118948e-06
3.09775196e-06
3.46333005e-06
3.78920997e-06
4.05594376e-06
4.24424335e-06
4.33596338e-06
4.31512729e-06
4.16894502e-06
3.88876845e-06
3.47092931e-06
2.91740425e-06
2.23625340e-06
1.44178288e-06
5.54389786e-07
-3.99937901e-07
-1.39047485e-06
-2.38295287e-06
-3.34106112e-06
-4.22819383e-06
-5.00936145e-06
-5.65315436e-06
-6.13364044e-06
-6.43205285e-06
-6.53811358e-06
-6.45089807e-06
-6.17917125e-06
-5.74109785e-06
-5.16320389e-06
-4.47869599e-06
-3.72535274e-06
-2.94288269e-06
-2.16975131e-06
-1.44011331e-06
-7.81362904e-07
-2.12079188e-07
2.59334723e-07
6.34734692e-07
9.25335383e-07
1.15015110e-06
1.33458079e-06
1.50856902e-06
1.70381705e-06
1.95057533e-06
2.27501121e-06
2.69634649e-06
3.22407024e-06
3.85633615e-06
4.57951293e-06
5.36837223e-06
6.18712432e-06
6.99161027e-06
7.73225919e-06
8.35702479e-06
8.81440129e-06
9.05660743e-06
9.04278757e-06
8.74175501e-06
8.13393530e-06
7.21312076e-06
5.98836423e-06
4.48521637e-06
2.74553942e-06
8.26380474e-07
-1.20151131e-06
-3.25617181e-06
-5.24826380e-06
-7.08531271e-06
-8.67623099e-06
-9.93612599e-06
-1.07913627e-05
-1.11845152e-05
-1.10787590e-05
-1.04613112e-05
-9.34544990e-06
-7.77093268e-06
-5.80295832e-06
-3.52997468e-06
-1.05983340e-06
1.48478488e-06
3.97140841e-06
6.26334736e-06
8.22547530e-06
9.73020696e-06
1.06636550e-05
1.09317847e-05
1.04664911e-05
9.23077864e-06
7.22224591e-06
4.47601295e-06
1.06641152e-06
-2.89438533e-06
-7.25922847e-06
-1.18503128e-05
-1.64654185e-05
-2.08857176e-05
-2.48855404e-05
-2.82435194e-05
-3.07542894e-05
-3.22402309e-05
-3.25626492e-05
-3.16317213e-05
-2.94143107e-05
-2.59396374e-05
-2.13022375e-05
-1.56605057e-05
-9.23161280e-06
-2.28286471e-06
4.88089161e-06
1.19333088e-05
1.85450057e-05
2.44037643e-05
2.92352940e-05
3.28222553e-05
3.50201781e-05
3.57690047e-05
3.50978966e-05
3.31227613e-05
3.00371520e-05
2.60971873e-05
2.16019340e-05
