-3.54307529e-06
-9.30673884e-07
1.31032473e-06
2.25463612e-06
1.86420374e-06
7.42427508e-07
-1.25880848e-07
1.66152512e-07
1.07530310e-06
6.67878337e-07
-1.60864250e-06
-3.48280117e-06
-2.69791752e-06
-2.12907297e-07
1.85828799e-06
2.56537215e-06
2.13005979e-06
1.05075209e-06
-1.86003223e-07
-1.11311662e-06
-5.99250734e-06
-4.15964236e-05
-7.24513554e-05
4.65620772e-05
3.11218040e-04
3.61723626e-04
-1.70849033e-04
-6.75308066e-04
-7.32805682e-04
-1.56363700e-04
7.33354261e-04
9.47588852e-04
4.36243945e-04
-2.11619623e-05
2.81201330e-04
-7.11605779e-05
-3.38365196e-03
-2.40836707e-03
3.72586511e-03
4.12502107e-03
4.67400227e-04
-1.94172100e-03
-2.60712230e-03
-1.09857278e-03
5.63759317e-04
3.08511077e-04
-8.56920946e-05
1.83117215e-04
1.03896431e-03
1.76865644e-03
9.66066874e-04
-1.09423897e-03
-2.03173247e-03
-1.11866536e-03
-1.47789969e-04
7.84677673e-04
8.64979647e-04
2.88157388e-04
-5.13378572e-05
-1.74794536e-04
2.19732914e-04
3.10841801e-04
-3.29413762e-05
-5.59984781e-04
-1.03620934e-03
-5.49114141e-04
8.29818131e-04
1.18734824e-03
4.45442714e-04
-2.03809837e-05
-1.89336617e-04
-7.23577619e-04
-7.53329463e-04
3.64563391e-04
7.87756630e-04
-4.70263609e-04
-3.78533094e-04
-1.75280116e-04
-2.63390661e-04
5.41292527e-04
7.12230495e-04
2.37948443e-04
9.23465043e-04
4.48188370e-04
-1.69552249e-03
-1.46594601e-03
-5.09604679e-04
-2.09607705e-04
7.21607095e-04
1.71510617e-03
1.39063121e-03
3.39940382e-04
-1.45669384e-03
-1.83059277e-03
-2.60259496e-04
6.21873838e-04
3.21356598e-04
2.85183760e-04
2.79161153e-04
1.69969622e-04
1.29423337e-05
-2.03535721e-04
4.15218928e-05
-5.08192281e-05
-4.84738218e-04
-3.54528449e-04
2.48841046e-04
4.93594815e-04
7.06057523e-05
2.95615420e-05
1.72356993e-04
-6.14192917e-05
-3.94942365e-04
-4.31611119e-04
1.49923538e-04
3.66431951e-04
3.00527425e-04
1.04596439e-04
-7.15047916e-04
-5.52179145e-04
6.43685440e-04
1.14271687e-03
3.99813293e-04
-1.00212704e-03
-1.09359385e-03
1.56304305e-05
6.41675073e-04
-1.18117913e-04
2.85454150e-05
3.76028900e-05
-1.83361561e-06
-9.19226528e-05
-1.39655917e-04
-4.14868888e-05
1.33838976e-04
2.16574448e-04
1.54663284e-04
1.91722399e-05
-1.11678286e-04
-1.85264481e-04
-1.79143896e-04
-1.00313729e-04
6.84073829e-06
7.77263795e-05
1.02442301e-04
1.14713481e-04
1.06410346e-04
5.00826094e-05
-6.17929400e-05
-2.92297596e-04
-1.74124518e-04
6.53750262e-04
5.65564432e-04
-6.15455301e-04
-8.64366198e-04
-5.18562242e-04
-7.10334273e-05
5.44960525e-04
1.15080354e-03
9.17078346e-04
1.13336437e-05
3.15092209e-04
-4.88901300e-04
-4.32768601e-03
-2.56128712e-03
4.65125357e-03
4.14466226e-03
-2.54161642e-05
-3.79437558e-04
-1.00826999e-03
-2.39286714e-03
-2.11458901e-03
-6.35584075e-04
1.05593995e-03
2.05129701e-03
1.23947892e-03
3.29524108e-04
2.96898450e-04
-5.48608162e-06
-6.30591111e-04
-1.00833545e-03
-1.44927807e-03
-4.68063962e-04
8.93230600e-04
1.02459923e-03
1.05161003e-03
6.17263531e-04
-4.17237754e-04
-6.43379023e-04
-4.41557945e-04
-7.67552131e-04
-6.37195045e-04
3.01697545e-04
5.04104323e-04
1.82306676e-04
2.06676891e-04
6.85229667e-04
6.84526736e-04
-1.12851192e-04
-8.04506800e-04
-8.20585838e-04
-1.43587612e-04
-7.62871520e-05
-4.62276659e-04
1.00182154e-04
1.09946513e-03
8.04993708e-04
-1.79251069e-04
1.53225932e-04
5.63928366e-04
-6.46265492e-04
-1.66587123e-03
-5.44537216e-04
4.48236050e-04
2.86387733e-04
5.52062791e-04
1.14358157e-03
5.13036749e-04
-7.48323971e-04
-8.20016005e-04
-1.92653049e-04
-3.42136851e-04
-1.82338898e-04
2.49234937e-04
4.32905868e-04
6.17965289e-04
3.57472216e-04
-1.94739611e-04
-4.07009220e-04
-4.85508491e-04
-5.66938682e-04
-1.52287947e-04
6.34619620e-04
7.78439157e-04
1.32352810e-04
-1.53481008e-04
-2.04023221e-05
-3.32800180e-04
-6.36140848e-04
-8.05776760e-05
4.29378486e-04
2.89879201e-04
-3.06756059e-05
1.58045368e-05
1.86382355e-04
1.00520161e-04
-1.64075247e-04
-3.04801996e-04
-2.18094648e-04
-1.17420020e-05
2.83036793e-04
3.06051060e-04
-1.57275129e-04
-3.06151019e-04
-8.33378612e-06
2.05041860e-04
3.91181655e-07
1.43574586e-06
2.26996022e-06
1.31220019e-06
-1.46271946e-07
-4.76201627e-07
1.11716048e-07
3.61267261e-07
-4.00208070e-07
-1.39561142e-06
-1.71391453e-06
-1.03159704e-06
3.15461752e-07
1.42925749e-06
1.51865030e-06
1.25643926e-06
1.48614389e-06
6.65698863e-07
-1.93653852e-06
-3.43955394e-06
-2.28188576e-06
-1.72543066e-07
1.56593119e-06
5.50761727e-07
-1.79619696e-05
1.80903292e-05
7.12585283e-05
4.07233036e-05
-8.95989638e-05
-1.63976484e-04
-7.90831407e-05
4.66705698e-05
1.52165201e-04
1.98808936e-04
1.20616747e-04
-2.53365944e-05
-1.50496881e-04
-2.16402435e-04
-1.55756188e-04
-2.22558963e-04
-8.85697137e-05
7.95455871e-04
1.38169682e-03
7.43633976e-04
-1.55648778e-03
-3.77805932e-03
-2.23278332e-03
1.82855337e-03
3.94987982e-03
3.39532738e-03
1.35043011e-03
-1.08076629e-03
-2.78993330e-03
-3.16345361e-03
-2.09292204e-03
-2.59159481e-04
1.37257525e-03
2.10505479e-03
1.73510424e-03
1.04697674e-03
2.17042058e-04
-8.56987283e-04
-1.34075695e-03
-1.05379390e-03
-5.05759357e-04
2.30038739e-04
7.12336996e-04
6.05193592e-04
4.01026234e-04
1.66225326e-04
-3.22270365e-04
-4.08921305e-04
-3.23858036e-05
1.51454808e-05
-3.30485815e-04
-1.63881291e-04
3.20847896e-04
2.08238281e-04
-1.77479003e-04
-6.49260088e-06
3.58503282e-04
3.43864045e-04
-1.21485884e-05
-3.43419869e-04
-3.31228411e-04
-2.52157413e-04
-2.74231134e-04
8.48417934e-05
5.87772470e-04
4.70520249e-04
1.86827520e-05
-3.13838482e-04
-3.48679582e-04
-4.30537020e-05
1.86759958e-04
8.12648318e-05
-6.30566919e-05
-6.55746329e-05
2.70220345e-05
-1.95477437e-05
-1.36094419e-04
-2.14953918e-05
2.43113977e-04
3.44320305e-04
1.14882581e-04
-3.11316668e-04
-4.20723668e-04
-1.03582178e-04
1.22464119e-04
9.43757814e-05
1.24858128e-04
2.09642230e-04
1.29177414e-04
-1.39634966e-04
-4.12385082e-04
-2.54139489e-04
3.54490082e-04
5.00109992e-04
-9.67916815e-05
-4.21416121e-04
-7.55330639e-05
2.21080394e-04
1.22936197e-04
-1.24842691e-04
-1.37246340e-04
1.24510798e-05
2.35504866e-05
-1.10912960e-05
2.71641560e-06
2.64937018e-06
1.59972574e-06
6.82918471e-07
3.57442776e-07
-2.91390061e-07
-1.68936698e-06
-2.57598731e-06
-1.87155831e-06
1.89145859e-07
2.44255153e-06
3.43507300e-06
2.61824923e-06
3.46367206e-07
-2.31869107e-06
-3.48434120e-06
-2.56476791e-06
-1.19152786e-06
-3.35672448e-07
1.14537314e-06
3.31635015e-06
4.07328035e-06
2.83508705e-06
3.32654705e-07
-1.02562281e-06
9.40096290e-06
4.34909355e-05
1.13433133e-05
-1.91386581e-04
-2.15455880e-04
1.29803362e-04
4.57484247e-04
2.26004004e-04
-1.94370038e-04
-3.12503104e-04
-1.92477849e-04
2.18868532e-05
3.92567494e-05
3.50616222e-05
1.42057549e-04
6.43624355e-05
-4.23940026e-04
-9.61445420e-05
4.91454533e-04
2.64853411e-03
1.34887944e-03
-4.97916850e-03
-5.50681825e-03
4.44820559e-04
4.84986832e-03
4.60100193e-03
1.98323293e-03
-5.28236707e-04
-2.45834546e-03
-3.36534811e-03
-2.17248024e-03
-2.98896848e-04
6.24549769e-04
1.13929645e-03
1.72373530e-03
1.62825188e-03
3.80650443e-04
-6.43611295e-04
-7.76703618e-04
-6.63241346e-04
-5.71582704e-04
-2.52179565e-04
1.15764595e-04
1.32715087e-04
4.11252474e-04
5.44017109e-04
6.34361186e-05
-2.95352571e-04
-1.47125929e-04
1.23663911e-04
7.05427966e-06
-1.95366919e-04
-9.62453470e-05
5.73629140e-05
1.24791306e-04
7.72185863e-05
-1.58169238e-04
-1.62183466e-04
5.37729705e-05
2.29935771e-04
1.27520236e-04
-2.06486384e-05
8.88687537e-05
1.79355921e-05
-5.24859634e-04
-5.89455562e-04
2.23157625e-04
6.24420716e-04
4.86087763e-04
1.94551851e-04
-3.67193266e-04
-5.23480382e-04
-7.98289588e-05
1.03525943e-04
4.27543700e-05
-6.83224526e-05
8.47989813e-05
3.75403714e-04
2.14183914e-04
-4.40828822e-04
-5.84872345e-04
8.03901989e-05
4.67295752e-04
2.48508953e-04
1.45579738e-04
1.52498357e-04
-2.31343050e-04
-4.54087520e-04
-7.42263402e-05
1.98306431e-05
-3.42821445e-04
-1.56554632e-04
4.74256610e-04
5.98549114e-04
1.85893458e-04
-1.62149188e-04
-2.31965740e-04
-3.10800646e-04
-2.28096696e-04
1.80711701e-04
2.80308033e-04
-5.12535378e-05
-6.79930560e-05
1.16959866e-06
6.40753934e-07
-8.93360376e-08
-5.07995977e-07
-4.95344489e-07
-4.78641205e-07
-6.32188339e-07
-3.95803653e-07
-1.77413628e-07
-4.68453374e-07
-3.57523325e-07
1.28421652e-07
3.48711031e-07
4.48147121e-07
5.08226393e-07
4.12015492e-07
2.28755689e-07
-8.25132008e-08
-2.37498664e-07
5.09403678e-08
3.37165011e-07
5.87583394e-08
-6.58487746e-07
-1.11756508e-06
-6.07434801e-07
1.25380756e-06
5.25680572e-06
1.19403806e-05
-3.00091650e-06
-5.39551966e-05
-4.90885520e-05
7.98644729e-05
1.43601937e-04
-5.27111617e-05
-2.07666041e-04
-1.19723148e-05
2.59503317e-04
6.56873080e-05
-1.88126107e-04
-1.07401518e-04
7.26818122e-05
-2.40139972e-05
-1.43206222e-04
9.90474001e-05
-1.87006195e-04
1.40177061e-03
1.18433550e-03
-2.55159223e-03
-2.74818586e-03
2.60497822e-04
2.61578396e-03
1.72269474e-03
4.56817466e-04
1.33516265e-04
-1.00800850e-03
-2.21547541e-03
-4.06229426e-04
1.04909573e-03
-8.30005115e-06
-8.88166577e-04
8.32657238e-04
1.69301851e-03
-6.00992722e-04
-4.80126998e-04
6.16125552e-04
-4.75773252e-04
-4.04323036e-04
-5.89733403e-05
-2.86920449e-04
5.20737330e-04
-1.26995018e-04
-4.23085245e-04
1.66907739e-04
6.57009091e-04
1.15602229e-03
-8.46557323e-04
-1.86534656e-03
6.41828492e-04
1.31098733e-03
-9.12955471e-04
-5.32181543e-04
1.35338040e-03
-1.81818685e-04
-6.06690240e-04
6.34515810e-04
-3.57436101e-04
-6.18594583e-04
5.91462513e-04
-3.87830653e-04
-9.11552536e-04
9.03957170e-04
9.43083213e-04
2.69944582e-04
-3.63215344e-04
-1.67698112e-04
8.17514744e-04
-3.13534795e-04
-2.40737591e-03
-1.15481836e-03
1.27125767e-03
1.40026296e-03
1.02976758e-03
8.33638134e-04
-7.38784328e-05
-1.24799932e-03
-1.08773964e-03
-1.66501261e-04
-2.86531261e-04
-2.83269950e-05
1.04486396e-03
6.96321648e-04
-5.48771934e-04
-6.00689136e-04
2.36223110e-04
1.09456282e-03
8.79635750e-05
-1.08133922e-03
5.29792457e-05
-8.79499360e-06
-5.13655700e-04
3.94245236e-04
4.35903732e-04
-5.31934212e-04
-2.52149261e-04
8.95594177e-04
3.60217443e-04
-5.22337508e-04
-5.81593617e-04
-2.55098034e-06
-2.74063019e-06
-1.74104363e-06
1.07310648e-06
3.74690001e-06
4.19816947e-06
2.80443292e-06
7.49613271e-07
-1.17721522e-06
-2.35351548e-06
-2.72410993e-06
-2.56325911e-06
-1.77490124e-06
-3.21843261e-07
9.64082179e-07
1.40364869e-06
1.39561823e-06
1.12129807e-06
3.22171955e-07
-5.26212554e-07
-7.66106416e-07
-6.57624006e-07
-4.22134841e-07
2.22473325e-07
-1.63115685e-06
-6.35521959e-05
-8.92176340e-05
2.95920738e-04
3.76783096e-04
-2.84414044e-04
-4.63130970e-04
-1.69905572e-04
-1.81447618e-04
-8.06623712e-05
5.93163417e-04
8.79626636e-04
3.12122632e-04
-4.53665211e-04
-7.43815389e-04
-4.13672878e-04
-5.73222185e-05
-1.33073805e-04
-4.49797906e-04
1.49869414e-03
2.87621661e-03
-1.24661058e-03
-5.46788806e-03
-1.17705681e-03
4.36348527e-03
2.09930150e-03
-6.27048801e-04
6.69285473e-04
7.28946709e-04
-1.26134598e-03
-1.86050400e-03
-1.33009607e-03
-4.75605024e-04
2.95212595e-04
9.02537926e-04
1.50330800e-03
1.33133949e-03
2.49789309e-05
-1.11232628e-03
-4.30803028e-04
-1.58895111e-06
-5.71503210e-04
-7.59072289e-04
4.03833927e-04
8.97280182e-04
1.32371781e-04
-8.40261667e-05
2.77433654e-04
1.38449797e-04
-3.98672306e-04
-6.10519114e-04
5.23983912e-05
5.60136510e-04
-3.59450886e-05
-8.11698772e-04
-3.65068080e-05
7.86777463e-04
4.88826267e-05
-3.44739940e-04
5.35947079e-04
3.87295994e-04
-4.52537152e-04
-2.80910919e-04
-9.36376041e-05
-4.68543302e-04
-8.12057705e-05
3.94652628e-04
1.36252884e-04
1.50550232e-04
3.34174021e-04
1.38359750e-04
-8.84925554e-05
-1.70608219e-04
-3.91374268e-04
-3.29615756e-04
-3.65857430e-05
2.85661818e-04
2.81705081e-04
-4.28105093e-06
3.51409572e-06
1.48105705e-04
5.78308361e-05
-2.28146941e-04
-9.74119042e-05
1.69174996e-04
3.16558950e-05
-1.72885342e-04
-2.34250792e-04
-2.32527975e-04
2.67801026e-05
2.75578491e-04
2.64782829e-04
2.98373152e-04
3.29915364e-04
-5.34208286e-05
-4.36840759e-04
-3.58271867e-04
-2.91291009e-04
-2.37598218e-04
9.11816095e-05
3.62542727e-04
3.55940111e-04
2.63937377e-04
1.05168133e-04
-9.86761725e-07
-4.76793059e-07
2.09264252e-07
5.25082058e-07
8.15555920e-07
9.02360146e-07
2.98366089e-07
-7.02752188e-07
-1.13805011e-06
-5.76058271e-07
3.58478732e-07
7.12253971e-07
3.38827763e-07
-9.98684400e-08
-2.30807761e-07
-1.87564494e-07
-4.19571296e-07
-8.49569085e-07
-5.86068293e-07
5.51016356e-07
1.41846666e-06
1.17023132e-06
2.63299146e-07
-4.26950973e-07
-5.01315157e-07
-1.69269761e-07
-2.64557559e-06
-2.02114817e-05
-4.09400130e-06
6.36533190e-05
9.22779791e-05
-2.11557042e-05
-1.81464784e-04
-1.72391336e-04
1.26052377e-05
1.78769317e-04
2.04925892e-04
1.00480090e-04
-4.74056541e-05
-1.32191425e-04
-1.33104973e-04
-5.27357388e-05
2.54488603e-05
5.90963516e-05
-5.12773924e-05
-2.91462512e-04
-1.46871133e-05
9.85720174e-04
1.67088878e-03
-2.06157032e-04
-3.59650438e-03
-3.50011160e-03
7.88702629e-04
3.96826091e-03
3.74968680e-03
1.68244745e-03
-8.50392194e-04
-2.79530024e-03
-3.15440719e-03
-2.04186301e-03
-3.83176072e-04
1.20742072e-03
2.52945623e-03
2.07832513e-03
4.36497784e-04
-2.67552438e-04
-3.81176846e-04
-1.07385052e-03
-1.24728281e-03
-5.80116491e-04
1.04836548e-04
3.35318116e-04
6.31188701e-04
7.87436671e-04
4.25695080e-04
8.59477387e-05
-2.33887160e-04
-6.43014603e-04
-5.71810799e-04
-2.85194672e-04
3.89098251e-05
3.27196229e-04
3.80074857e-04
2.28054116e-04
2.11759361e-04
1.15960139e-04
-2.78623536e-04
-5.20144316e-04
-3.50628695e-04
6.75528867e-05
3.65092663e-04
4.38686633e-04
1.30870158e-04
-1.94589665e-04
-1.19086253e-04
-8.75887956e-05
-3.12926913e-04
-1.69339972e-04
2.65499860e-04
3.21730331e-04
7.38117676e-05
-8.94198415e-05
-3.63434372e-05
8.14282019e-05
2.49328387e-05
-3.03111084e-04
-2.21979321e-04
2.02694899e-04
2.23357498e-04
3.11597026e-06
-1.24422287e-04
-5.94136868e-05
6.04607476e-05
1.76345338e-04
1.74803246e-04
-2.45309940e-06
-2.52096508e-04
-2.24473620e-04
-1.41684497e-04
-1.16716397e-04
1.09643529e-05
2.65467579e-04
3.56442217e-04
1.70757509e-04
-1.40027003e-05
-1.24642180e-05
-7.31002227e-05
-3.61523680e-04
-2.53711197e-06
-7.70032902e-07
7.56262667e-07
1.31605546e-06
1.31631429e-06
1.09295076e-06
6.33117978e-07
1.12757289e-08
-6.17848727e-07
-9.82845519e-07
-9.34540403e-07
-5.37122936e-07
-7.19445267e-08
3.88504464e-07
1.03708324e-06
1.14749960e-06
2.73242148e-07
-5.87256588e-07
-9.56543260e-07
-7.06979650e-07
2.23227302e-07
7.43046458e-07
1.69232235e-07
-7.75350774e-07
-9.07152536e-07
2.35086632e-08
9.80494459e-07
-1.41976930e-06
-2.40575252e-05
-1.36627805e-05
5.82638459e-05
7.22595734e-05
5.07022810e-05
-8.56359309e-05
-1.98560632e-04
-4.62737512e-05
1.24254141e-04
3.52314574e-05
-3.49994489e-05
1.81829320e-04
9.70189058e-05
-2.29075479e-04
-1.54463330e-04
1.28432547e-04
1.24622848e-04
-1.02505463e-04
3.35486402e-04
1.01496319e-03
-7.05622823e-04
-3.09551322e-03
-7.84784382e-04
2.97426641e-03
2.04975273e-03
2.00163202e-04
8.13825201e-04
-2.36674416e-04
-2.44051179e-03
-2.29533865e-03
-1.28913286e-03
-3.93657624e-04
1.71122385e-03
2.96511318e-03
1.75061418e-03
2.80090831e-04
-2.27813836e-04
-9.31468204e-04
-1.92271701e-03
-1.50812649e-03
-1.71155048e-04
5.50976363e-04
9.02590947e-04
8.74232081e-04
2.79168143e-04
-1.82026607e-04
-4.26374277e-04
-1.70989187e-04
2.53138909e-04
5.09174756e-05
-3.76756038e-04
1.32292396e-04
5.05830920e-04
-4.69206740e-04
-5.78343157e-04
2.64977112e-04
1.18450005e-04
-1.29432905e-04
6.27793004e-04
5.43255299e-04
-4.88368802e-04
-5.72179853e-04
-4.31532566e-05
1.54080625e-04
-5.18969788e-06
-3.10472805e-05
9.26372654e-05
-7.40289422e-07
-8.07180819e-05
2.71887631e-04
5.97168835e-05
-2.38530378e-04
1.58932010e-04
2.40746749e-04
-2.43374825e-04
-2.31459444e-04
4.44593393e-05
-2.44009382e-04
-2.02088356e-04
3.50306981e-04
4.04109433e-04
2.37885108e-05
-2.12046129e-04
1.77705824e-05
1.98882416e-04
-1.87898762e-05
-3.05611417e-04
-1.69295513e-04
-2.03725784e-05
-7.53035688e-05
9.30927575e-05
4.95522385e-04
2.17502591e-04
-3.97839269e-04
-2.11480125e-04
-2.39831997e-05
-1.77143093e-04
8.92540462e-05
3.65388789e-04
1.38278577e-04
6.90536881e-07
-2.64493370e-08
-9.77891771e-07
-1.99730632e-06
-2.39009705e-06
-1.85184677e-06
-5.06465905e-07
9.27729961e-07
1.58340232e-06
1.66398878e-06
1.36382059e-06
7.96081534e-07
2.27582181e-07
-3.93227442e-07
-1.22057497e-06
-1.88055064e-06
-1.74091416e-06
-1.04875448e-06
-4.34984323e-07
3.93795024e-07
1.81796740e-06
2.88393829e-06
2.48527776e-06
6.75817324e-07
-1.41050767e-06
-2.57449462e-06
-2.10458269e-06
-7.01957854e-07
-1.46491226e-07
-1.23596795e-06
-5.94929623e-06
-2.23193622e-07
2.62952525e-05
4.26470613e-05
-9.92725435e-06
-1.01230900e-04
-6.65485878e-05
4.13484185e-05
8.50782389e-05
7.25237952e-05
2.86708951e-05
-5.61476034e-05
-8.76549680e-05
-3.73631343e-07
7.69626113e-05
-2.82323953e-05
-8.63195570e-05
1.34803699e-05
5.28800352e-05
-1.91974111e-05
-1.03025359e-04
-1.17906326e-04
5.04221714e-05
1.21803545e-03
1.54872653e-03
-1.58984803e-03
-4.49492364e-03
-1.55801296e-03
3.20789378e-03
3.96382527e-03
2.02807309e-03
-1.29780788e-04
-1.94240915e-03
-2.59127273e-03
-1.93164748e-03
-6.12303172e-04
7.36541800e-04
1.52396801e-03
1.39601220e-03
8.34036838e-04
3.41638899e-04
-4.09836375e-04
-1.05270915e-03
-1.00692012e-03
-2.73185451e-04
3.55243137e-04
3.16661253e-04
4.00535338e-04
2.78546693e-04
4.98782975e-05
-1.06580847e-04
-1.84176039e-04
-3.02357819e-04
-2.86271461e-04
-2.07646227e-05
6.43561967e-04
6.81212075e-04
-2.03012769e-05
-6.48325842e-04
-7.18805156e-04
-3.07776388e-04
1.75088311e-04
4.67032356e-04
4.39207300e-04
2.30624690e-04
1.14927589e-04
-6.09660854e-05
-3.19520389e-04
-4.18584320e-04
-3.24975248e-04
-4.67855796e-05
4.20260818e-04
5.02918834e-04
2.32972657e-05
-4.20999234e-04
-1.04970308e-04
4.41207126e-04
2.01986917e-04
-3.97202002e-04
-2.42144837e-04
-2.53234917e-05
-1.38286341e-04
7.54500435e-05
3.83875593e-04
1.58214433e-04
-4.06362385e-06
3.52219904e-05
-2.62948977e-04
-3.91067813e-04
5.39584199e-05
2.91474633e-04
-3.51424070e-06
-5.28221954e-05
2.43646889e-04
1.24070101e-04
-2.32161903e-04
-3.20994707e-04
-9.73712506e-06
