-3.86742679e-06
-8.85263704e-07
1.20342570e-06
1.72358426e-06
1.77254276e-06
8.43568511e-07
-4.27476502e-07
-9.59993070e-08
9.15750869e-07
-9.22417084e-08
-1.57155244e-06
-7.52048703e-07
5.60893499e-07
-5.32647875e-08
-1.20043280e-06
-1.70716716e-07
1.28160552e-06
1.47182940e-06
1.42696405e-06
-7.27444673e-06
-1.36986900e-04
-3.87845899e-04
7.04208796e-04
1.69759573e-03
-1.03602323e-03
-1.92540654e-03
-1.03258279e-03
2.88782246e-04
1.98260350e-03
1.51767968e-03
5.89810979e-05
-6.25583917e-04
-7.98079785e-04
-9.04431515e-04
8.96928440e-05
4.96584423e-04
-9.49626519e-04
-1.49313633e-03
6.51478415e-04
3.02384439e-03
1.82421356e-03
-3.21483525e-04
-1.61230379e-03
-2.06903329e-03
-9.46429829e-04
1.63097361e-04
5.13119563e-04
9.60316780e-04
8.70616855e-04
5.20904085e-04
-5.75748271e-04
-5.98998118e-04
2.76741702e-04
2.37171710e-04
-8.64138098e-06
-4.88785880e-04
-1.03444736e-03
-3.53105663e-04
1.04539860e-03
1.05800836e-03
2.04435027e-04
-1.32906689e-04
-5.74392882e-04
-6.87248764e-04
1.43991203e-04
2.78508631e-05
1.85330815e-04
3.41688769e-04
-2.61664357e-04
4.39223428e-04
5.84808022e-04
-1.31347612e-03
-1.16876861e-03
8.41333815e-04
9.39556079e-04
4.88494184e-04
-1.40159078e-04
-3.17446790e-04
-3.77839842e-04
-1.66220659e-04
1.37426829e-04
-2.32958329e-05
-2.42793919e-04
2.53484105e-04
4.82954618e-04
-8.85565844e-04
-5.99109485e-05
1.08162986e-03
1.73891694e-04
-1.44685618e-04
-1.26503165e-04
-8.04857581e-04
-1.76687284e-04
3.32721111e-04
-1.35360641e-04
-1.32024521e-04
7.32566573e-04
8.28894549e-04
-2.11498111e-04
-9.73187989e-04
-8.88111176e-04
3.08223901e-04
1.03631338e-03
-1.29318674e-04
-4.00209157e-04
5.94150527e-04
8.30927850e-05
-7.68859933e-04
6.20744488e-05
4.71873322e-04
-3.65408742e-04
-6.75801327e-05
3.78446834e-04
-8.07151888e-05
-5.36687221e-04
3.57849294e-04
5.04786968e-04
-6.34669755e-04
-6.08098312e-04
1.37916191e-03
5.01198960e-04
-1.38773773e-03
-4.37967536e-04
9.04065349e-04
-9.85643904e-05
-3.75233212e-04
3.71814583e-04
9.02679808e-05
-3.31785299e-07
6.26841682e-08
9.90224017e-08
2.65129402e-07
7.05734694e-07
4.30713681e-07
-4.65381285e-07
-8.91936037e-07
-6.08807303e-07
-3.33307663e-07
2.83080379e-07
1.33004705e-06
1.64092518e-06
4.96780790e-07
-7.26059316e-07
-9.74435939e-07
-1.22224491e-06
-1.37116466e-06
-6.21261206e-07
-1.56759248e-05
-2.41772283e-04
-8.66364737e-05
1.23742902e-03
5.16988553e-04
-1.85465034e-03
-7.52892957e-04
1.95405385e-04
3.74164096e-04
6.03439197e-04
8.53225941e-04
5.48191058e-04
-4.54020154e-04
-1.24820632e-03
-9.54141008e-05
1.27623307e-03
-5.92314570e-04
-2.44804421e-03
1.44879049e-04
1.61596618e-03
1.20728364e-03
1.16362870e-03
9.47561870e-05
-1.01755619e-03
-1.16972341e-03
-7.50552391e-04
-5.48673030e-04
1.19562035e-04
6.83993813e-04
6.43732855e-04
7.94261040e-04
5.50294102e-04
-3.34738809e-05
-8.81353489e-04
-1.00778035e-03
-2.97482692e-04
-7.78010547e-05
4.53015431e-04
1.12741141e-03
2.67125861e-04
-2.83805802e-04
-2.81518849e-04
-1.01986409e-03
-6.74123805e-05
3.95724845e-04
5.17559104e-04
6.30726685e-04
-1.89860263e-04
-4.30897001e-04
-1.22866856e-04
-1.37359450e-04
-4.59033810e-04
-1.69610753e-04
4.49398266e-04
8.91294897e-04
4.03747825e-05
-4.84920368e-04
2.49030874e-05
-2.88342915e-04
-3.45961509e-04
3.56695691e-04
3.72742205e-04
-2.52613999e-04
-2.04546726e-04
1.34205475e-04
2.60102341e-04
-9.11423807e-05
-2.60950991e-05
1.86663139e-04
-1.46390373e-04
-5.61483561e-04
-1.34919786e-05
4.16417063e-04
1.54887413e-04
4.67020199e-05
-4.06296006e-05
4.56163655e-05
-1.38431547e-04
-5.96061938e-05
4.12680250e-06
1.19649143e-04
-2.26325446e-04
-1.56960800e-04
3.25008562e-04
2.08485321e-04
-1.58940535e-04
-1.45401515e-04
9.31095365e-05
-7.18079726e-05
-6.12959998e-05
-8.89111901e-05
6.43341807e-05
3.78977976e-04
9.86747013e-05
-3.03376383e-04
-2.02451813e-04
1.31072207e-04
9.44668364e-05
-1.63888831e-04
-2.47426187e-04
8.99734592e-05
3.73710240e-04
2.86680234e-04
-9.03785621e-05
-3.74714172e-04
-7.94113778e-05
1.67969431e-04
-1.23892079e-04
-2.09750247e-04
1.78636768e-06
1.49033029e-06
3.79858641e-08
-5.10234410e-07
-7.13428252e-07
-1.19256585e-06
-5.19334295e-07
5.55807737e-07
1.04606412e-07
-4.11972336e-07
5.62695625e-07
6.62591965e-07
-3.57202864e-07
-5.07938051e-08
1.15034552e-06
4.05119482e-07
-1.43038959e-06
-1.30521200e-06
-2.01228598e-07
4.76212168e-07
6.20406188e-07
1.96784833e-07
2.19336343e-07
1.41624454e-05
5.54197252e-05
-1.08520227e-04
-1.04497235e-04
2.89581567e-05
1.39039171e-04
1.77326746e-04
5.41702386e-05
-7.28184819e-05
-2.53872322e-04
-1.78482322e-04
5.45666335e-05
8.44100315e-05
2.01101364e-05
4.69610864e-05
1.17931444e-04
-5.95018242e-05
1.89654182e-04
6.62075455e-04
1.28245419e-04
-1.15971869e-03
-1.18250312e-03
-3.16301595e-04
6.02735615e-04
1.22245273e-03
1.16790570e-03
3.62286319e-04
-3.86546641e-04
-1.01464086e-03
-1.09912329e-03
-4.49773489e-04
9.32577864e-05
4.30966646e-04
8.02069481e-04
6.31446230e-04
2.41518536e-04
-2.83585382e-04
-6.09223666e-04
-4.81661633e-04
-1.71411389e-04
3.39727862e-04
3.96438054e-04
1.06698273e-04
-2.02098280e-06
2.16865753e-05
-3.10723654e-04
-4.24730856e-04
4.64315141e-05
4.08089978e-04
1.77544113e-04
-7.03651455e-05
1.03758882e-04
1.57768177e-04
-1.86815458e-04
-3.55508921e-04
-2.20609115e-05
8.77111462e-05
-4.55318367e-05
2.17929996e-05
2.10324340e-04
1.03804059e-04
-1.32567629e-04
2.47241506e-06
7.91858025e-05
-6.79046959e-05
-5.92182793e-05
-7.12427442e-05
-1.32416074e-04
9.13084474e-05
2.73553033e-04
2.39200143e-06
-2.84512503e-04
-6.17290923e-06
2.24445261e-04
-9.35502166e-06
-1.01858162e-04
3.42580611e-06
6.04057015e-05
7.92908803e-05
-5.54811690e-05
-2.60808031e-04
-6.30530479e-05
3.06802117e-04
9.12620369e-05
-1.45288966e-04
-7.42450107e-06
1.96053712e-06
-9.53623151e-05
1.82956974e-04
8.56801299e-05
-1.61211597e-04
-4.10293956e-05
5.93124665e-05
-2.08774729e-04
-1.31930021e-04
3.79414257e-04
3.44602522e-04
-9.92855612e-05
-3.24518804e-04
-2.13655108e-04
-4.63564449e-05
4.40498049e-05
1.95968303e-04
3.84433813e-04
1.44109841e-04
-1.84503905e-06
-6.79867796e-07
2.70416996e-07
6.90782525e-07
1.08008430e-06
1.60084584e-06
5.97277675e-07
-9.44392342e-07
-7.54343342e-07
1.73043264e-08
8.97013367e-08
4.22176583e-08
1.68504841e-07
-4.76141946e-08
-2.35838590e-07
-1.07592862e-07
-4.96121395e-08
-1.27735526e-08
5.74416820e-07
1.63810514e-07
-1.17432791e-06
-1.28224279e-06
2.01830885e-07
7.56002994e-07
-1.22307599e-05
-4.90430180e-05
-4.32554000e-05
3.60641825e-04
2.64723851e-04
-4.96590925e-04
-9.06915994e-04
1.28889030e-04
9.87732713e-04
4.57702604e-04
-1.39314013e-04
-3.71978303e-04
-3.49280101e-04
-1.32871597e-04
-4.15381176e-06
6.06147867e-06
2.12983811e-04
2.58009604e-04
1.12240294e-04
4.79389573e-04
3.19213588e-04
-1.45234983e-03
-1.78669998e-03
1.76068418e-04
1.93820795e-03
2.09387018e-03
-2.54362163e-05
-1.39054620e-03
-6.19831217e-04
-6.71635728e-04
-7.54327831e-04
4.17253583e-04
9.84718575e-04
2.16555524e-04
-1.28695563e-04
2.73173700e-04
3.26533065e-04
-2.40783808e-04
-4.45915673e-04
-2.24862737e-04
-1.02318290e-04
-1.92013466e-06
5.08619901e-05
2.19442646e-04
3.63261919e-04
2.43218599e-04
-3.28015652e-04
-4.71712091e-04
-4.49806509e-05
1.66425396e-04
1.06990666e-04
1.89278009e-04
7.06137504e-05
-1.55061305e-04
-1.47531473e-04
6.21019304e-05
5.49424519e-05
-6.75013300e-05
-8.51116874e-06
4.62381204e-05
-3.56212432e-05
7.83047078e-05
-5.66316590e-05
-3.16024704e-04
1.14139595e-04
5.52550922e-04
2.79974386e-04
-2.95707315e-04
-6.25956533e-04
-2.78157246e-04
3.46619768e-04
3.25096427e-04
-2.25987152e-05
-6.32521786e-05
-8.40491707e-07
1.81083220e-04
1.36729646e-04
-3.91371437e-04
-2.67575162e-04
2.01173089e-04
2.15733200e-04
-6.07145078e-05
-1.57335018e-05
3.73909119e-04
1.10339731e-04
-6.51898788e-04
-4.91417466e-04
3.41745711e-04
2.80183293e-04
-1.92118025e-04
1.76582039e-04
6.23870684e-04
1.26877998e-04
-5.05579024e-04
-4.58520481e-04
-1.00621325e-04
5.31249695e-05
1.45482111e-04
2.15680452e-04
1.53196089e-04
-3.80609964e-05
-1.74212836e-04
-9.88792930e-05
5.80319905e-05
-4.69521873e-07
-3.66474651e-07
8.23541207e-08
-7.43287105e-08
-3.24724071e-07
-6.19525865e-08
8.68653872e-08
5.16699009e-07
6.32047146e-07
-4.14839679e-07
-1.02729697e-06
-4.34867430e-07
3.33368624e-07
5.39382429e-07
5.03726797e-07
7.67060470e-07
2.84632095e-07
-5.86858208e-07
-7.69534342e-07
-7.37697306e-07
-6.14969131e-07
-1.13863751e-08
6.29237910e-07
7.09030999e-07
-8.76480727e-06
-4.72509146e-05
-8.98753704e-05
3.07998038e-04
4.96243999e-04
-3.13876565e-04
-1.24492547e-03
-2.86321021e-04
1.13310660e-03
8.92389348e-04
-1.20069983e-04
-4.38851622e-04
-2.57452730e-04
-1.39331046e-04
-2.39702631e-04
-1.34534098e-04
1.67387259e-04
3.45758967e-04
2.36498006e-04
4.85945609e-04
6.07067659e-04
-1.40292033e-03
-1.66793955e-03
3.16548072e-05
-2.67754277e-04
2.49142700e-03
3.60030695e-03
-1.43725992e-03
-3.47147107e-03
-9.16929455e-04
8.83000467e-05
6.56016057e-04
4.29761802e-04
9.02580974e-04
1.09336968e-04
1.55838027e-05
2.51294759e-04
-9.12625831e-06
-9.51578747e-04
-7.55450313e-04
2.73795704e-04
8.30118017e-04
3.14702594e-04
-5.13456923e-04
-5.52861641e-04
1.33522825e-04
6.24892582e-04
5.99463691e-04
-2.25988716e-04
-3.58150773e-04
-2.62564893e-04
-2.73081671e-04
-5.00406605e-05
-1.42857339e-04
1.50025125e-04
3.91823494e-04
6.18343814e-04
3.24224032e-04
-2.70634207e-04
-8.65673563e-04
-5.84833968e-04
1.79345663e-04
3.62088781e-04
-7.87219014e-05
4.62462156e-04
4.65579465e-04
-8.97182394e-05
5.99744127e-05
-2.90943119e-04
-6.21261230e-04
-7.70887401e-04
-4.91520955e-05
1.10133990e-03
7.78480953e-04
8.31190509e-05
-7.33153584e-05
-4.58303164e-04
-5.38743602e-04
-2.88734876e-04
-7.78758311e-05
3.68540945e-04
4.95527586e-04
4.72257938e-05
-2.68830043e-04
-3.74186307e-05
1.02989165e-04
-1.35326495e-04
9.24053594e-05
4.56363639e-04
-1.47895027e-04
-5.56629276e-04
-9.83847400e-05
-1.21318901e-04
-7.32444802e-05
6.20412464e-04
4.21336516e-04
-4.13036168e-04
-1.99734552e-04
2.23361405e-04
-1.75760637e-04
-2.46158745e-04
3.64332382e-04
2.88943094e-04
-4.78828508e-04
-5.69097094e-07
-5.10490044e-07
1.28636018e-07
7.89491924e-07
8.73837780e-07
1.73000917e-07
-5.98350434e-07
-7.67304377e-07
-3.33992333e-07
2.69016534e-08
1.40136778e-07
3.67006370e-07
3.96002489e-07
6.19827828e-08
-4.13177271e-07
-5.89872488e-07
9.14188638e-09
7.30161243e-07
5.15519360e-07
-1.91523224e-08
-2.15441514e-07
-7.03476177e-07
-9.16302820e-07
1.45899071e-07
2.74448503e-05
2.59480350e-04
-3.59132746e-04
-7.54099807e-04
5.36893546e-04
9.60055196e-04
-3.78915992e-04
3.12161729e-04
4.63371493e-05
-9.91974893e-04
-5.84978024e-04
1.57007771e-04
3.61915381e-04
4.63783931e-04
4.11633129e-04
1.39345220e-04
-9.88774268e-05
-5.61502195e-04
-1.75727772e-04
1.05489784e-03
1.91844657e-04
-2.32387730e-03
-1.24991263e-03
1.86989711e-03
1.43761871e-03
5.87090677e-05
2.44146246e-05
4.00644748e-04
-4.31231225e-04
-1.16317380e-03
-8.28578145e-04
1.38267315e-04
4.59911976e-04
7.72057858e-04
6.68198666e-04
-3.40783545e-04
-7.30281559e-04
-1.90111351e-05
5.71992757e-04
-4.98116467e-04
-4.56343567e-04
6.76760779e-04
8.56439588e-04
-6.10828495e-04
-7.90919568e-04
1.27189732e-05
3.81417793e-04
1.19646082e-04
1.00682477e-04
-7.46533916e-05
3.20172055e-04
5.12242520e-05
-6.92985800e-04
-6.06982524e-04
7.16869943e-04
7.38425110e-04
-4.26295246e-04
-2.99272116e-04
3.68567656e-04
-8.38238776e-05
-3.66071291e-04
8.76133693e-07
1.88383973e-04
6.65997598e-05
3.94829893e-05
4.78534673e-05
-1.97871201e-04
-8.24371520e-05
1.90042581e-04
1.69611999e-04
-9.08762758e-05
-2.61189619e-04
5.74108417e-05
1.76958128e-04
-1.28179881e-04
-9.90734777e-05
3.05021545e-05
1.83683412e-04
3.55195021e-04
-3.97707515e-04
-5.13292871e-04
4.34579749e-04
4.99803856e-04
-4.78855955e-04
-2.53456158e-04
3.59907565e-04
-6.46024341e-05
-2.96103094e-04
3.38358811e-04
1.63726067e-04
-2.50666107e-04
-4.39170431e-05
3.63851519e-04
5.79625448e-05
-3.98325627e-04
-3.38044422e-04
-2.96094846e-05
1.89039034e-04
1.42570024e-04
2.23492009e-04
2.85335612e-04
1.28938571e-04
-2.85818616e-04
-5.31506448e-04
7.60059146e-08
1.73801772e-07
2.71668578e-07
1.51718752e-07
-1.93634503e-07
-6.38865240e-07
-6.84686659e-07
8.77948689e-08
6.99607143e-07
4.14039682e-07
1.61684703e-07
6.27602569e-08
-3.47053646e-07
-3.47198943e-07
2.34657532e-07
3.91910231e-07
-4.58487938e-08
-4.36189101e-07
-6.57766647e-07
-3.15552484e-07
5.51161241e-07
9.76015816e-07
6.28228803e-07
1.88041973e-07
-3.85459206e-07
7.65281960e-08
1.73363813e-05
4.29721345e-05
-8.92538886e-05
-1.43531323e-04
8.00023020e-06
2.44821606e-04
2.34226706e-04
-5.37498322e-05
-2.14216539e-04
-2.09061837e-04
-8.80665315e-05
6.87790363e-05
8.54988573e-05
7.21956784e-05
1.28830299e-04
1.16813407e-04
-5.40824382e-05
-1.01700467e-04
-1.50559112e-05
-1.85691997e-04
-7.67363938e-05
2.94075393e-04
2.49697128e-04
-2.64825630e-04
-7.34108283e-04
-1.54580062e-04
7.76941013e-04
5.29098967e-04
-5.06454421e-06
-1.01249165e-04
-1.05382993e-04
-2.46589844e-04
-3.16728717e-04
-2.50942391e-04
7.45111002e-05
3.91480190e-04
3.31699910e-05
6.21936647e-05
2.47816023e-04
1.26756320e-04
-3.15020041e-04
-7.63257930e-05
-1.56439249e-04
-2.37124221e-04
1.81093206e-05
3.22406614e-04
1.18936943e-04
-8.16551230e-05
3.23364940e-04
1.97718502e-05
-3.50139656e-04
-1.46672679e-04
-2.11412620e-04
-1.57235500e-04
2.48352597e-04
5.58936825e-04
1.44476067e-04
-4.25002461e-04
-5.87995084e-05
1.38817251e-04
-1.46120444e-04
-1.36023610e-04
1.44507610e-04
7.77669029e-05
-1.87981384e-04
-1.09125817e-04
2.06995232e-04
1.45363367e-04
6.20818233e-05
3.15664484e-05
-1.24339191e-04
-1.17099599e-04
-1.82876796e-05
-1.18163613e-04
-1.15545082e-04
2.50526907e-04
2.57387226e-04
-2.52674542e-04
-5.20491114e-05
2.64569081e-04
1.48670874e-06
-1.86738250e-04
-1.47076166e-04
-3.96267761e-05
7.49244559e-05
2.84218074e-04
2.11520114e-04
-1.89421190e-04
-3.92635754e-04
-2.05864953e-04
1.12668774e-04
1.64166132e-04
7.29378340e-05
2.26922673e-04
3.46628361e-04
-7.40068562e-05
-3.73540817e-04
-2.12251072e-04
7.05840669e-05
-1.57637382e-04
-2.70123496e-04
6.36656055e-05
1.03411257e-06
9.03399866e-09
-6.84882261e-07
-8.78299160e-08
4.98633176e-07
-2.33970913e-07
-8.21579815e-07
-5.06230919e-07
-1.49036092e-07
2.74136330e-07
9.94607858e-07
1.24662541e-06
1.49425756e-07
-1.37994956e-06
-1.47957884e-06
-6.04685168e-07
1.46777038e-07
1.00854285e-06
1.63446497e-06
1.60305296e-06
-1.27926465e-07
-2.26806026e-06
-2.25969894e-06
-4.64520471e-07
6.81386182e-07
9.47384512e-07
-4.24066069e-07
-2.23481068e-05
-4.58066284e-05
1.79156511e-04
1.66164964e-04
-2.68574876e-04
-3.61979308e-04
5.24732377e-05
3.33478127e-04
1.51794535e-04
-2.26207069e-05
-2.69143966e-05
8.79823522e-05
-4.97700836e-05
-5.04074060e-04
-2.02867309e-04
4.09268617e-04
3.10772803e-04
-1.85477187e-05
2.98687957e-05
7.70587249e-05
-4.31857605e-04
1.13379160e-05
9.21205097e-04
-5.92132448e-04
-2.06240643e-03
5.54124929e-04
2.59083546e-03
-2.17155247e-04
-1.12432731e-03
1.02718734e-03
1.29035123e-04
-1.66067840e-03
-7.16819574e-04
3.65162096e-04
3.60272006e-04
2.73134635e-04
8.36952123e-04
9.43092897e-04
-7.04355108e-04
-9.77948641e-04
2.46915176e-04
2.83627643e-05
-4.50831085e-04
-3.36868795e-04
-1.42198374e-04
5.81013864e-04
6.96810492e-04
1.84848061e-04
-1.51515490e-04
-2.24362662e-04
-1.87095180e-05
-4.33749969e-05
-4.30777474e-04
-1.00234083e-04
1.38707020e-04
4.74939270e-05
8.83795887e-05
2.35156880e-04
-5.55707442e-05
9.83278005e-05
1.35435446e-04
-1.62162386e-04
-3.42908394e-04
2.23990854e-04
1.15212904e-05
-5.17845476e-04
3.51831429e-04
3.67950675e-04
-2.19516839e-04
9.37927223e-06
2.23316860e-04
-2.54688070e-04
-3.63889741e-04
2.77449783e-04
1.64419057e-04
-1.31944463e-04
1.28103242e-04
3.49663731e-04
-4.22966175e-04
-2.97949075e-04
1.51000118e-04
8.02439904e-05
-3.31361461e-05
2.03318280e-04
1.07083810e-04
1.42035345e-04
-1.29597210e-04
-6.50227798e-04
-1.64525393e-04
5.76926287e-04
2.12894232e-04
-2.07216334e-04
7.74263818e-05
2.01652661e-04
-5.86119449e-05
-2.38108160e-04
-3.09933852e-04
2.63868810e-06
4.59565520e-04
2.22194829e-04
-2.86764658e-04
-1.32208484e-06
-1.44200112e-06
-6.46851705e-07
2.64952515e-07
1.09267905e-06
1.69648162e-06
1.35696242e-06
-2.64762388e-07
-1.63843146e-06
-1.18252382e-06
-2.33634474e-07
6.15698049e-08
3.26079153e-07
6.96061353e-07
8.00069805e-07
1.73680560e-07
-1.18080382e-06
-1.43838325e-06
1.69513396e-07
1.37881264e-06
8.17593856e-07
-1.87383849e-07
-1.82118455e-07
3.66380385e-07
6.66061705e-08
-8.40527684e-07
-1.11014179e-06
-4.89422700e-07
7.78902651e-07
7.61435503e-06
2.12054941e-05
-3.98723583e-05
-5.93083524e-05
-1.80370506e-05
1.41140891e-04
9.59529262e-05
-7.48294445e-05
-6.68212888e-05
-4.17590590e-05
-7.67433104e-05
1.99980204e-05
8.17155523e-05
2.93416850e-06
-1.29774683e-05
1.09643936e-04
3.09985027e-05
-1.06368226e-04
-1.61082355e-05
8.37017349e-05
-6.00178660e-05
-1.32176528e-04
-1.48478579e-04
-1.46546839e-04
3.63452052e-04
1.21791137e-03
-5.90239193e-05
-1.80827985e-03
-8.22187975e-04
8.48707383e-04
7.11704583e-04
4.91352695e-04
3.59874521e-04
-1.19119539e-04
-6.61254911e-04
-4.71062835e-04
-8.71575928e-05
2.02413544e-05
-4.98536006e-05
1.11130464e-04
5.41535070e-04
4.91414003e-04
-6.08111768e-05
-4.15425248e-04
-4.53537913e-04
-8.54429673e-05
1.24213614e-04
2.75650457e-04
-9.58329888e-05
-1.02591942e-04
2.18596817e-04
1.43526365e-04
-4.70184954e-05
-1.23077241e-04
-1.20279693e-04
4.28554360e-05
1.89901662e-05
-1.56502359e-04
-1.75750459e-04
2.94893730e-04
4.46386852e-04
-1.74333800e-04
-3.78201734e-04
-3.15546371e-05
3.36197463e-04
4.73478793e-05
-2.97336732e-04
-1.41733687e-04
8.06532391e-05
1.50919916e-04
1.06633135e-04
4.64474625e-05
-6.15499458e-05
-1.62844997e-04
4.84421526e-05
1.67557147e-04
-1.99858670e-05
-2.16246775e-04
-1.91425721e-04
-1.28352666e-05
1.88995258e-04
3.96617152e-04
2.08759109e-04
-2.02681716e-04
-2.77531556e-04
-1.78309373e-04
-2.86393564e-04
-7.95308791e-05
4.66591729e-04
4.85046612e-04
-6.49654981e-05
-2.68927061e-04
8.04678908e-05
-2.70884002e-05
-3.77453710e-04
-1.61362437e-04
1.64219133e-04
1.00255665e-04
2.21617013e-04
