3.06450615e-05
3.27102398e-05
3.46392775e-05
3.64073874e-05
3.79914157e-05
3.93703672e-05
4.05258595e-05
4.14424918e-05
4.21081173e-05
4.25140138e-05
4.26549527e-05
4.25291711e-05
4.21382553e-05
4.14869471e-05
4.05828883e-05
3.94363173e-05
3.80597350e-05
3.64675555e-05
3.46757543e-05
3.27015283e-05
3.05629762e-05
2.82788063e-05
2.58680769e-05
2.33499704e-05
2.07435991e-05
1.80678407e-05
1.53411980e-05
1.25816763e-05
9.80667374e-06
7.03287714e-06
4.27616156e-06
1.55149036e-06
-1.12718280e-06
-3.74700723e-06
-6.29631880e-06
-8.76470804e-06
-1.11430657e-05
-1.34235987e-05
-1.55998108e-05
-1.76664408e-05
-1.96193581e-05
-2.14554120e-05
-2.31722407e-05
-2.47680469e-05
-2.62413506e-05
-2.75907339e-05
-2.88145948e-05
-2.99109260e-05
-3.08771386e-05
-3.17099431e-05
-3.24053022e-05
-3.29584643e-05
-3.33640841e-05
-3.36164307e-05
-3.37096795e-05
-3.36382761e-05
-3.33973550e-05
-3.29831899e-05
-3.23936472e-05
-3.16286137e-05
-3.06903678e-05
-2.95838706e-05
-2.83169542e-05
-2.69003941e-05
-2.53478567e-05
-2.36757230e-05
-2.19027922e-05
-2.00498818e-05
-1.81393395e-05
-1.61944932e-05
-1.42390617e-05
-1.22965544e-05
-1.03896864e-05
-8.53983310e-06
-6.76654817e-06
-5.08716119e-06
-3.51646947e-06
-2.06653000e-06
-7.46552469e-07
4.37111951e-07
1.48089568e-06
2.38386587e-06
3.14751497e-06
3.77550432e-06
4.27337407e-06
4.64823314e-06
4.90844314e-06
5.06330989e-06
5.12279470e-06
5.09725577e-06
4.99722709e-06
4.83323960e-06
4.61568603e-06
4.35472783e-06
4.06023891e-06
3.74177738e-06
3.40857439e-06
3.06952795e-06
2.73319079e-06
2.40774281e-06
2.10094184e-06
1.82004998e-06
1.57173726e-06
1.36196766e-06
1.19587392e-06
1.07762765e-06
1.01031263e-06
9.95810967e-07
1.03471410e-06
1.12627136e-06
1.26838857e-06
1.45768647e-06
1.68962478e-06
1.95869275e-06
2.25866099e-06
2.58288344e-06
2.92463351e-06
3.27745474e-06
3.63550423e-06
3.99386659e-06
4.34881713e-06
4.69801482e-06
5.04060968e-06
5.37725331e-06
5.71000748e-06
6.04215133e-06
6.37789510e-06
6.72201354e-06
7.07941789e-06
7.45468912e-06
7.85159896e-06
8.27264714e-06
8.71864427e-06
9.18836909e-06
9.67832635e-06
1.01826277e-05
1.06930123e-05
1.11990154e-05
1.16882849e-05
1.21470327e-05
1.25606022e-05
1.29141215e-05
1.31932081e-05
1.33846846e-05
1.34772641e-05
1.34621622e-05
1.33335987e-05
1.30891547e-05
1.27299638e-05
1.22607259e-05
1.16895445e-05
1.10276032e-05
1.02887022e-05
9.48868481e-06
8.64478744e-06
7.77494740e-06
6.89710408e-06
6.02852643e-06
5.18519763e-06
4.38128467e-06
3.62871561e-06
2.93688104e-06
2.31246958e-06
1.75944058e-06
1.27913142e-06
8.70490268e-07
5.30419316e-07
2.54207477e-07
3.60260685e-08
-1.30543298e-07
-2.51982323e-07
-3.34345363e-07
-3.82836390e-07
-4.01480579e-07
-3.92910902e-07
-3.58282660e-07
-2.97320791e-07
-2.08495786e-07
-8.93149241e-08
6.32931215e-08
2.52529660e-07
4.81248033e-07
7.51483209e-07
1.06402482e-06
1.41806579e-06
1.81095306e-06
2.23805897e-06
2.69278326e-06
3.16668580e-06
3.64974071e-06
4.13069377e-06
4.59749686e-06
5.03778833e-06
5.43938621e-06
5.79076156e-06
6.08146242e-06
6.30246326e-06
6.44642078e-06
6.50782421e-06
6.48303649e-06
6.37023065e-06
6.16923329e-06
5.88129359e-06
5.50880145e-06
5.05497998e-06
4.52357780e-06
3.91858344e-06
3.24398001e-06
2.50355273e-06
1.70075664e-06
8.38646919e-07
-8.01301014e-08
-1.05329086e-06
-2.07882199e-06
-3.15485271e-06
-4.27950580e-06
-5.45074056e-06
-6.66619988e-06
-7.92307038e-06
-9.21796268e-06
-1.05468177e-05
-1.19048434e-05
-1.32864870e-05
-1.46854439e-05
-1.60947067e-05
-1.75066505e-05
-1.89131556e-05
-2.03057593e-05
-2.16758356e-05
-2.30147932e-05
-2.43142882e-05
-2.55664450e-05
-2.67640791e-05
-2.79009151e-05
-2.89717891e-05
-2.99728220e-05
-3.09015502e-05
-3.17569974e-05
-3.25396700e-05
-3.32514609e-05
-3.38954458e-05
-3.44755669e-05
-3.49961966e-05
-3.54615920e-05
-3.58752505e-05
-3.62391950e-05
-3.65532202e-05
-3.68141471e-05
-3.70151313e-05
-3.71450829e-05
-3.71882480e-05
-3.71240104e-05
-3.69269617e-05
-3.65672890e-05
-3.60115168e-05
-3.52236260e-05
-3.41665554e-05
-3.28040642e-05
-3.11029071e-05
-2.90352433e-05
-2.65811707e-05
-2.37312485e-05
-2.04888509e-05
-1.68721773e-05
-1.29157414e-05
-8.67116532e-06
-4.20712164e-06
3.91702828e-07
5.02670796e-06
9.58858131e-06
1.39615750e-05
1.80287687e-05
2.16781582e-05
2.48093408e-05
2.73404993e-05
2.92153292e-05
3.04095054e-05
3.09362536e-05
3.08505819e-05
3.02517461e-05
2.92835622e-05
2.81322545e-05
2.70216249e-05
2.62054518e-05
2.59571701e-05
2.65570411e-05
2.82771862e-05
3.13650269e-05
3.60258251e-05
4.24051604e-05
5.05722883e-05
6.05053938e-05
7.20797816e-05
8.50600109e-05
9.90968932e-05
1.13730118e-04
1.28397056e-04
1.42448024e-04
1.55167977e-04
1.65804247e-04
1.73599572e-04
1.77829305e-04
1.77841312e-04
1.73096770e-04
1.63209840e-04
1.47983983e-04
1.27442680e-04
1.01852333e-04
7.17353728e-05
3.78718923e-05
1.28864193e-06
-3.67652021e-05
-7.48553545e-05
-1.11411881e-04
-1.44788963e-04
-1.73332271e-04
-1.95450805e-04
-2.09690127e-04
-2.14803874e-04
-2.09820091e-04
-1.94098547e-04
-1.67375822e-04
-1.29796351e-04
-8.19292334e-05
-2.47724391e-05
4.02536449e-05
1.11322868e-04
1.86231098e-04
2.62436567e-04
3.37114052e-04
4.07223861e-04
4.69596015e-04
5.21029164e-04
5.58402511e-04
5.78797885e-04
5.79628394e-04
5.58769580e-04
5.14688236e-04
4.46563112e-04
3.54391205e-04
2.39073069e-04
1.02470459e-04
-5.25704218e-05
-2.22236082e-04
-4.01807847e-04
-5.85772095e-04
-7.67980300e-04
-9.41857710e-04
-1.10065610e-03
-1.23774202e-03
-1.34690757e-03
-1.42268707e-03
-1.46066099e-03
-1.45772814e-03
-1.41232716e-03
-1.32458955e-03
-1.19640966e-03
-1.03142040e-03
-8.34868104e-04
-6.13388037e-04
-3.74692870e-04
-1.27196002e-04
1.20402018e-04
3.59534875e-04
5.82172732e-04
7.81182302e-04
9.50625745e-04
1.08598424e-03
1.18429780e-03
1.24421972e-03
1.26599012e-03
1.25133637e-03
1.20330914e-03
1.12606525e-03
1.02461112e-03
9.04521749e-04
7.71650473e-04
6.31845369e-04
4.90686814e-04
3.53258628e-04
2.23962338e-04
1.06381761e-04
3.20183145e-06
-8.38195173e-05
-1.53831029e-04
-2.06824684e-04
-2.43535709e-04
-2.65314954e-04
-2.73983995e-04
-2.71682318e-04
-2.60714439e-04
-2.43404199e-04
-2.21963521e-04
-1.98382632e-04
-1.74347021e-04
-1.51184161e-04
-1.29840139e-04
-1.10883556e-04
-9.45325154e-05
-8.06998500e-05
-6.90522842e-05
-5.90795039e-05
-5.01682498e-05
-4.16760782e-05
-3.30001639e-05
-2.36374099e-05
-1.32319813e-05
-1.60663255e-06
1.12236171e-05
2.50546294e-05
3.95111449e-05
5.40772997e-05
6.81366693e-05
8.10180004e-05
9.20424716e-05
1.00568772e-04
1.06033286e-04
1.07983342e-04
1.06101870e-04
1.00223085e-04
9.03399286e-05
7.66042633e-05
5.93205108e-05
3.89335027e-05
1.60117941e-05
-8.77335593e-06
-3.46740138e-05
-6.08954983e-05
-8.66273246e-05
-1.11073228e-04
-1.33480044e-04
-1.53165568e-04
-1.69544636e-04
-1.82152189e-04
-1.90662843e-04
-1.94906526e-04
-1.94878441e-04
-1.90740780e-04
-1.82814650e-04
-1.71562543e-04
-1.57562345e-04
-1.41474113e-04
-1.24001822e-04
-1.05853496e-04
-8.77034827e-05
-7.01592524e-05
-5.37341235e-05
-3.88271444e-05
-2.57112765e-05
-1.45304887e-05
-5.30530906e-06
2.05451330e-06
7.73179527e-06
1.19797405e-05
1.50972908e-05
1.74034324e-05
1.92116602e-05
2.08058005e-05
2.24189696e-05
2.42178656e-05
2.62940756e-05
2.86627087e-05
3.12677110e-05
3.39927145e-05
3.66759768e-05
3.91278931e-05
4.11493978e-05
4.25498063e-05
4.31634444e-05
4.28644676e-05
4.15786428e-05
3.92909209e-05
3.60487558e-05
3.19618092e-05
2.71981026e-05
2.19760370e-05
1.65521436e-05
1.12053249e-05
6.21885736e-06
1.86153949e-06
-1.63061787e-06
-4.07061397e-06
-5.33300157e-06
-5.36139773e-06
-4.17037788e-06
-1.84197706e-06
1.48250243e-06
5.61448180e-06
1.03330630e-05
1.54019130e-05
2.05864833e-05
2.56697284e-05
3.04645321e-05
3.48212878e-05
3.86299103e-05
4.18168455e-05
4.43388174e-05
4.61751931e-05
4.73205015e-05
4.77785038e-05
4.75587917e-05
4.66760154e-05
4.51510893e-05
4.30135376e-05
4.03041091e-05
3.70767701e-05
3.33996104e-05
2.93546467e-05
2.50368929e-05
2.05533286e-05
1.60219643e-05
1.15705053e-05
-4.51435825e-06
-4.74082512e-06
-4.95529057e-06
-5.15528151e-06
-5.33833151e-06
-5.50202404e-06
-5.64403536e-06
-5.76217596e-06
-5.85442959e-06
-5.91898918e-06
-5.95428871e-06
-5.95903049e-06
-5.93220731e-06
-5.87311882e-06
-5.78138173e-06
-5.65693343e-06
-5.50002860e-06
-5.31122880e-06
-5.09138476e-06
-4.84161172e-06
-4.56325810e-06
-4.25786849e-06
-3.92714193e-06
-3.57288732e-06
-3.19697790e-06
-2.80130703e-06
-2.38774786e-06
-1.95811935e-06
-1.51416127e-06
-1.05752050e-06
-5.89750801e-07
-1.12327007e-07
3.73325730e-07
8.65788688e-07
1.36359452e-06
1.86516444e-06
2.36874321e-06
2.87233832e-06
3.37367004e-06
3.87013833e-06
4.35881136e-06
4.83643852e-06
5.29948889e-06
5.74421420e-06
6.16673328e-06
6.56313311e-06
6.92957956e-06
7.26242994e-06
7.55833924e-06
7.81435288e-06
8.02798039e-06
8.19724617e-06
8.32071533e-06
8.39749472e-06
8.42721144e-06
8.40997312e-06
8.34631631e-06
8.23714963e-06
8.08369921e-06
7.88746243e-06
7.65017542e-06
7.37379723e-06
7.06051145e-06
6.71274393e-06
6.33319324e-06
5.92486929e-06
5.49113425e-06
5.03573942e-06
4.56285106e-06
4.07705831e-06
3.58335727e-06
3.08710646e-06
2.59395118e-06
2.10971540e-06
1.64026225e-06
1.19132639e-06
7.68324102e-07
3.76149579e-07
1.89676562e-08
-2.99984753e-07
-5.78575202e-07
-8.15916845e-07
-1.01246150e-06
-1.17003352e-06
-1.29179625e-06
-1.38214686e-06
-1.44654068e-06
-1.49125081e-06
-1.52307426e-06
-1.54900009e-06
-1.57585881e-06
-1.60997437e-06
-1.65684009e-06
-1.72083891e-06
-1.80502548e-06
-1.91098379e-06
-2.03876948e-06
-2.18694066e-06
-2.35267607e-06
-2.53197404e-06
-2.71992112e-06
-2.91101437e-06
-3.09951821e-06
-3.27983323e-06
-3.44685342e-06
-3.59628829e-06
-3.72492952e-06
-3.83084598e-06
-3.91349645e-06
-3.97375501e-06
-4.01384963e-06
-4.03721995e-06
-4.04830435e-06
-4.05227007e-06
-4.05470290e-06
-4.06127466e-06
-4.07740786e-06
-4.10795655e-06
-4.15692143e-06
-4.22721523e-06
-4.32049129e-06
-4.43704459e-06
-4.57578997e-06
-4.73431689e-06
-4.90901540e-06
-5.09526279e-06
-5.28765751e-06
-5.48028463e-06
-5.66699625e-06
-5.84169096e-06
-5.99857789e-06
-6.13241163e-06
-6.23868634e-06
-6.31378023e-06
-6.35504526e-06
-6.36084173e-06
-6.33052234e-06
-6.26437366e-06
-6.16352577e-06
-6.02984103e-06
-5.86579198e-06
-5.67433567e-06
-5.45878927e-06
-5.22270966e-06
-4.96977830e-06
-4.70369207e-06
-4.42806012e-06
-4.14630593e-06
-3.86157400e-06
-3.57664172e-06
-3.29383851e-06
-3.01497608e-06
-2.74129446e-06
-2.47342830e-06
-2.21139738e-06
-1.95462320e-06
-1.70197234e-06
-1.45182667e-06
-1.20217953e-06
-9.50756218e-07
-6.95154424e-07
-4.32997732e-07
-1.62092237e-07
1.19425506e-07
4.12961669e-07
7.19370995e-07
1.03890436e-06
1.37120415e-06
1.71535025e-06
2.06995606e-06
2.43330996e-06
2.80355324e-06
3.17888147e-06
3.55775261e-06
3.93908382e-06
4.32241830e-06
4.70804611e-06
5.09706575e-06
5.49137868e-06
5.89361410e-06
6.30698733e-06
6.73509935e-06
7.18168892e-06
7.65035166e-06
8.14424282e-06
8.66578251e-06
9.21638197e-06
9.79620862e-06
1.04040045e-05
1.10369694e-05
1.16907148e-05
1.23592915e-05
1.30352897e-05
1.37100066e-05
1.43736745e-05
1.50157407e-05
1.56251883e-05
1.61908858e-05
1.67019535e-05
1.71481321e-05
1.75201401e-05
1.78100040e-05
1.80113485e-05
1.81196309e-05
1.81323089e-05
1.80489298e-05
1.78711346e-05
1.76025718e-05
1.72487207e-05
1.68166292e-05
1.63145725e-05
1.57516461e-05
1.51373091e-05
1.44808970e-05
1.37911257e-05
1.30756113e-05
1.23404285e-05
1.15897341e-05
1.08254769e-05
1.00472186e-05
9.25208240e-06
8.43484575e-06
7.58818480e-06
6.70307214e-06
5.76931881e-06
4.77624225e-06
3.71343186e-06
2.57157490e-06
1.34329864e-06
2.39800547e-08
-1.38752782e-06
-2.88830178e-06
-4.47093170e-06
-6.12332008e-06
-7.82872906e-06
-9.56609692e-06
-1.13106349e-05
-1.30347022e-05
-1.47089399e-05
-1.63036311e-05
-1.77902307e-05
-1.91429985e-05
-2.03406508e-05
-2.13679366e-05
-2.22170401e-05
-2.28887114e-05
-2.33930306e-05
-2.37497229e-05
-2.39879564e-05
-2.41455765e-05
-2.42677580e-05
-2.44050883e-05
-2.46111253e-05
-2.49395138e-05
-2.54407702e-05
-2.61588832e-05
-2.71279006e-05
-2.83686939e-05
-2.98861046e-05
-3.16666786e-05
-3.36771863e-05
-3.58641037e-05
-3.81541968e-05
-4.04563077e-05
-4.26643829e-05
-4.46617221e-05
-4.63263532e-05
-4.75373647e-05
-4.81819534e-05
-4.81628780e-05
-4.74059469e-05
-4.58671277e-05
-4.35388310e-05
-4.04549180e-05
-3.66939941e-05
-3.23805923e-05
-2.76839211e-05
-2.28139418e-05
-1.80146625e-05
-1.35546735e-05
-9.71510422e-06
-6.77534483e-06
-4.99704238e-06
-4.60703754e-06
-5.78004938e-06
-8.62202911e-06
-1.31551813e-05
-1.93056834e-05
-2.68951113e-05
-3.56364986e-05
-4.51358126e-05
-5.48994257e-05
-6.43478993e-05
-7.28360854e-05
-7.96792025e-05
-8.41841704e-05
-8.56851109e-05
-8.35815586e-05
-7.73776018e-05
-6.67199049e-05
-5.14323852e-05
-3.15452313e-05
-7.31599670e-06
2.07593295e-05
5.19470543e-05
8.52896393e-05
1.19633421e-04
1.53670212e-04
1.85992013e-04
2.15157181e-04
2.39765541e-04
2.58539051e-04
2.70403884e-04
2.74569122e-04
2.70596843e-04
2.58458198e-04
2.38570250e-04
2.11809095e-04
1.79495848e-04
1.43353497e-04
1.05434413e-04
6.80206648e-05
3.35015957e-05
4.23572227e-06
-1.75937083e-05
-3.01194773e-05
-3.19179240e-05
-2.21154648e-05
-4.68238205e-07
3.25898051e-05
7.59338905e-05
1.27771910e-04
1.85703171e-04
2.46809530e-04
3.07775201e-04
3.65030010e-04
4.14909541e-04
4.53825680e-04
4.78441071e-04
4.85840506e-04
4.73692110e-04
4.40391665e-04
3.85183203e-04
3.08248191e-04
2.10756223e-04
9.48716647e-05
-3.62871145e-05
-1.78736981e-04
-3.27766734e-04
-4.78117679e-04
-6.24202044e-04
-7.60350991e-04
-8.81081322e-04
-9.81367113e-04
-1.05690095e-03
-1.10432935e-03
-1.12144769e-03
-1.10734004e-03
-1.06245015e-03
-9.88572450e-04
-8.88757366e-04
-7.67134471e-04
-6.28666418e-04
-4.78856116e-04
-3.23436640e-04
-1.68072112e-04
-1.80898618e-05
1.21744348e-04
2.47401375e-04
3.55710688e-04
4.44428650e-04
5.12256540e-04
5.58815711e-04
5.84587386e-04
5.90821191e-04
5.79415766e-04
5.52776975e-04
5.13661839e-04
4.65018739e-04
4.09835421e-04
3.51002823e-04
2.91199135e-04
2.32798349e-04
1.77805181e-04
1.27814696e-04
8.39962211e-05
4.71011465e-05
1.74907606e-05
-4.82093875e-06
-2.01141497e-05
-2.89036346e-05
-3.18749362e-05
-2.98209992e-05
-2.35845336e-05
-1.40096110e-05
-1.90500232e-06
1.19797627e-05
2.69665650e-05
4.24517076e-05
5.79027171e-05
7.28524232e-05
8.68932867e-05
9.96729989e-05
1.10891558e-04
1.20299821e-04
1.27699259e-04
1.32943135e-04
1.35938430e-04
1.36647273e-04
1.35087171e-04
1.31330095e-04
1.25500952e-04
1.17775846e-04
1.08379339e-04
9.75788263e-05
8.56754490e-05
7.29926915e-05
5.98631780e-05
4.66143311e-05
3.35546642e-05
2.09620291e-05
9.07403393e-06
-1.92010985e-06
-1.18874476e-05
-2.07585896e-05
-2.85320955e-05
-3.52732268e-05
-4.11057718e-05
-4.61977753e-05
-5.07437419e-05
-5.49461199e-05
-5.89981446e-05
-6.30694955e-05
-6.72953211e-05
-7.17685202e-05
-7.65347388e-05
-8.15891488e-05
-8.68747742e-05
-9.22833767e-05
-9.76599326e-05
-1.02810568e-04
-1.07513260e-04
-1.11530733e-04
-1.14624511e-04
-1.16568699e-04
-1.17162048e-04
-1.16237505e-04
-1.13669562e-04
-1.09380097e-04
-1.03343317e-04
-9.55902564e-05
-8.62127770e-05
-7.53666524e-05
-6.32728754e-05
-5.02161665e-05
-3.65400251e-05
-2.26380810e-05
-8.94186545e-06
4.09460838e-06
1.60131293e-05
2.63721603e-05
3.47698069e-05
4.08675503e-05
4.44120167e-05
4.52522901e-05
4.33515694e-05
3.87925332e-05
3.17760129e-05
2.26131555e-05
1.17121236e-05
-4.39169099e-07
-1.32931389e-05
-2.62649064e-05
-3.87565847e-05
-5.01827613e-05
-5.99960835e-05
-6.77115863e-05
-7.29284984e-05
-7.53485050e-05
-7.47895791e-05
-7.11946281e-05
-6.46345345e-05
-5.53053451e-05
-4.35197012e-05
-2.96934888e-05
-1.43291688e-05
2.00347561e-06
1.86893436e-05
3.50927916e-05
5.05843708e-05
6.45683964e-05
7.65102732e-05
8.59621258e-05
9.25849656e-05
9.61656434e-05
9.66271664e-05
9.40316447e-05
8.85759768e-05
8.05810019e-05
7.04748781e-05
5.87712842e-05
4.60431515e-05
3.28932925e-05
1.99240557e-05
7.70819335e-06
-3.23713051e-06
-1.24714728e-05
-1.96464435e-05
-2.45154779e-05
-2.69391608e-05
-2.68871346e-05
-2.44370609e-05
0.00000000e+00
0.00000000e+00
0.00000000e+00
0.00000000e+00
0.00000000e+00
0.00000000e+00
0.00000000e+00
0.00000000e+00
0.00000000e+00
0.00000000e+00
0.00000000e+00
0.00000000e+00
0.00000000e+00
0.00000000e+00
0.00000000e+00
0.00000000e+00
0.00000000e+00
0.00000000e+00
0.00000000e+00
0.00000000e+00
0.00000000e+00
0.00000000e+00
0.00000000e+00
0.00000000e+00
0.00000000e+00
0.00000000e+00
0.00000000e+00
0.00000000e+00
0.00000000e+00
0.00000000e+00
0.00000000e+00
0.00000000e+00
0.00000000e+00
0.00000000e+00
0.00000000e+00
0.00000000e+00
0.00000000e+00
0.00000000e+00
0.00000000e+00
0.00000000e+00
0.00000000e+00
0.00000000e+00
0.00000000e+00
0.00000000e+00
0.00000000e+00
0.00000000e+00
0.00000000e+00
0.00000000e+00
0.00000000e+00
0.00000000e+00
0.00000000e+00
0.00000000e+00
0.00000000e+00
0.00000000e+00
0.00000000e+00
0.00000000e+00
0.00000000e+00
0.00000000e+00
0.00000000e+00
0.00000000e+00
0.00000000e+00
0.00000000e+00
0.00000000e+00
0.00000000e+00
0.00000000e+00
0.00000000e+00
0.00000000e+00
0.00000000e+00
0.00000000e+00
0.00000000e+00
0.00000000e+00
0.00000000e+00
0.00000000e+00
0.00000000e+00
0.00000000e+00
0.00000000e+00
0.00000000e+00
0.00000000e+00
0.00000000e+00
0.00000000e+00
0.00000000e+00
0.00000000e+00
0.00000000e+00
0.00000000e+00
0.00000000e+00
0.00000000e+00
0.00000000e+00
0.00000000e+00
0.00000000e+00
0.00000000e+00
0.00000000e+00
0.00000000e+00
0.00000000e+00
0.00000000e+00
0.00000000e+00
0.00000000e+00
0.00000000e+00
0.00000000e+00
0.00000000e+00
0.00000000e+00
0.00000000e+00
0.00000000e+00
0.00000000e+00
0.00000000e+00
0.00000000e+00
0.00000000e+00
0.00000000e+00
0.00000000e+00
0.00000000e+00
0.00000000e+00
0.00000000e+00
0.00000000e+00
0.00000000e+00
0.00000000e+00
0.00000000e+00
0.00000000e+00
0.00000000e+00
0.00000000e+00
0.00000000e+00
0.00000000e+00
0.00000000e+00
0.00000000e+00
0.00000000e+00
0.00000000e+00
0.00000000e+00
0.00000000e+00
0.00000000e+00
0.00000000e+00
0.00000000e+00
0.00000000e+00
0.00000000e+00
0.00000000e+00
0.00000000e+00
0.00000000e+00
0.00000000e+00
0.00000000e+00
0.00000000e+00
0.00000000e+00
0.00000000e+00
0.00000000e+00
0.00000000e+00
0.00000000e+00
0.00000000e+00
0.00000000e+00
0.00000000e+00
0.00000000e+00
0.00000000e+00
0.00000000e+00
0.00000000e+00
0.00000000e+00
0.00000000e+00
0.00000000e+00
0.00000000e+00
0.00000000e+00
0.00000000e+00
0.00000000e+00
0.00000000e+00
0.00000000e+00
0.00000000e+00
0.00000000e+00
0.00000000e+00
0.00000000e+00
0.00000000e+00
0.00000000e+00
-1.66549707e-05
-1.71791628e-05
-1.76422618e-05
-1.80290883e-05
-1.83242366e-05
-1.85125481e-05
-1.85796161e-05
-1.85123016e-05
-1.82992403e-05
-1.79313190e-05
-1.74021000e-05
-1.67081734e-05
-1.58494194e-05
-1.48291640e-05
-1.36542175e-05
-1.23347878e-05
-1.08842663e-05
-9.31889008e-06
-7.65728916e-06
-5.91993390e-06
-4.12850453e-06
-2.30520809e-06
-4.72073182e-07
1.34974505e-06
3.14061584e-06
4.88300663e-06
6.56195048e-06
8.16538302e-06
9.68433271e-06
1.11129568e-05
1.24484246e-05
1.36906598e-05
1.48419596e-05
1.59065197e-05
1.68898938e-05
1.77984269e-05
1.86386948e-05
1.94169852e-05
2.01388496e-05
2.08087465e-05
2.14297928e-05
2.20036296e-05
2.25304024e-05
2.30088478e-05
2.34364736e-05
2.38098139e-05
2.41247395e-05
2.43768001e-05
2.45615755e-05
2.46750147e-05
2.47137412e-05
2.46753070e-05
2.45583832e-05
2.43628780e-05
2.40899806e-05
2.37421322e-05
2.33229306e-05
2.28369783e-05
2.22896846e-05
2.16870364e-05
2.10353495e-05
2.03410166e-05
1.96102636e-05
1.88489271e-05
1.80622622e-05
1.72547884e-05
1.64301787e-05
1.55911917e-05
1.47396490e-05
1.38764511e-05
1.30016300e-05
1.21144320e-05
1.12134250e-05
1.02966282e-05
9.36165853e-06
8.40589258e-06
7.42664174e-06
6.42133862e-06
5.38773220e-06
4.32408641e-06
3.22937496e-06
2.10346205e-06
9.47257245e-07
-2.37168594e-07
-1.44651965e-06
-2.67627633e-06
-3.92077236e-06
-5.17335548e-06
-6.42663486e-06
-7.67281239e-06
-8.90408824e-06
-1.01131249e-05
-1.12935478e-05
-1.24404549e-05
-1.35509047e-05
-1.46243468e-05
-1.56629604e-05
-1.66718659e-05
-1.76591808e-05
-1.86358932e-05
-1.96155408e-05
-2.06136875e-05
-2.16472060e-05
-2.27333828e-05
-2.38888765e-05
-2.51285705e-05
-2.64643700e-05
-2.79040037e-05
-2.94498945e-05
-3.10981690e-05
-3.28378754e-05
-3.46504771e-05
-3.65096795e-05
-3.83816398e-05
-4.02255938e-05
-4.19949198e-05
-4.36386376e-05
-4.51033229e-05
-4.63353931e-05
-4.72836967e-05
-4.79023159e-05
-4.81534657e-05
-4.80103564e-05
-4.74598641e-05
-4.65048459e-05
-4.51659288e-05
-4.34826058e-05
-4.15134857e-05
-3.93355646e-05
-3.70424230e-05
-3.47412961e-05
-3.25490207e-05
-3.05869203e-05
-2.89747617e-05
-2.78239817e-05
-2.72304511e-05
-2.72671038e-05
-2.79768105e-05
-2.93659133e-05
-3.13988559e-05
-3.39943392e-05
-3.70234050e-05
-4.03097953e-05
-4.36328529e-05
-4.67331242e-05
-4.93206961e-05
-5.10861539e-05
-5.17138936e-05
-5.08973585e-05
-4.83556168e-05
-4.38505528e-05
-3.72038231e-05
-2.83126438e-05
-1.71634300e-05
-3.84231313e-06
1.14583738e-05
2.84384298e-05
4.66935403e-05
6.57248112e-05
8.49541427e-05
1.03745167e-04
1.21429108e-04
1.37334540e-04
1.50819658e-04
1.61305356e-04
1.68307215e-04
1.71464330e-04
1.70562869e-04
1.65552814e-04
1.56557217e-04
1.43873349e-04
1.27965363e-04
1.09448798e-04
8.90678411e-05
6.76669971e-05
4.61594362e-05
2.54948426e-05
6.62917307e-06
-9.50289879e-06
-2.20129909e-05
-3.00819821e-05
-3.29821093e-05
-3.00995080e-05
-2.09580113e-05
-5.24417317e-06
1.71666762e-05
4.61835186e-05
8.14728941e-05
1.22434235e-04
1.68179491e-04
2.17519742e-04
2.68961950e-04
3.20718798e-04
3.70734144e-04
4.16726325e-04
4.56251063e-04
4.86784250e-04
5.05822376e-04
5.10996944e-04
5.00198569e-04
4.71705260e-04
4.24308204e-04
3.57427853e-04
2.71213146e-04
1.66616877e-04
4.54401699e-05
-8.96605477e-05
-2.35209105e-04
-3.86990241e-04
-5.40175693e-04
-6.89493969e-04
-8.29439311e-04
-9.54511987e-04
-1.05947860e-03
-1.13963846e-03
-1.19108023e-03
-1.21091219e-03
-1.19744905e-03
-1.15034010e-03
-1.07062726e-03
-9.60728266e-04
-8.24347931e-04
-6.66322914e-04
-4.92404990e-04
-3.08990736e-04
-1.22810394e-04
5.94051643e-05
2.31257550e-04
3.86991688e-04
5.21761443e-04
6.31831519e-04
7.14704651e-04
7.69173182e-04
7.95299463e-04
7.94329842e-04
7.68551990e-04
7.21110781e-04
6.55798183e-04
5.76828550e-04
4.88609025e-04
3.95518885e-04
3.01711605e-04
2.10948756e-04
1.26471126e-04
5.09096562e-05
-1.37631812e-05
-6.62445357e-05
-1.05880846e-04
-1.32622865e-04
-1.46961683e-04
-1.49848653e-04
-1.42602673e-04
-1.26811001e-04
-1.04230399e-04
-7.66950240e-05
-4.60340841e-05
-1.40001233e-05
1.77906689e-05
4.79049110e-05
7.51247850e-05
9.84673685e-05
1.17191896e-04
1.30797609e-04
1.39015655e-04
1.41797864e-04
1.39302711e-04
1.31876804e-04
1.20031129e-04
1.04413177e-04
8.57766722e-05
6.49493328e-05
4.27985199e-05
2.01959731e-05
-2.01571497e-06
-2.30526956e-05
-4.22147400e-05
-5.89053037e-05
-7.26469150e-05
-8.30916713e-05
-9.00271076e-05
-9.33773690e-05
-9.31989559e-05
-8.96717174e-05
-8.30865924e-05
-7.38299225e-05
-6.23637433e-05
-4.92038151e-05
-3.48983328e-05
-2.00083526e-05
-5.08898514e-06
9.32908353e-06
2.27568932e-05
3.47622103e-05
4.49811723e-05
5.31257345e-05
5.89867575e-05
6.24338254e-05
6.34130514e-05
6.19432138e-05
5.81103838e-05
5.20610662e-05
4.39936561e-05
3.41488531e-05
2.28003428e-05
1.02464996e-05
-3.19653716e-06
-1.72006992e-05
-3.14315384e-05
-4.55536583e-05
-5.92354202e-05
-7.21523879e-05
-8.39900692e-05
-9.44476003e-05
-1.03243652e-04
-1.10124178e-04
-1.14870866e-04
-1.17309296e-04
-1.17316417e-04
-1.14827257e-04
-1.09840594e-04
-1.02423445e-04
-9.27142946e-05
-8.09241605e-05
-6.73345408e-05
-5.22923146e-05
-3.62020905e-05
-1.95164760e-05
-2.72462893e-06
1.36609801e-05
2.91198758e-05
4.31411269e-05
5.52427025e-05
6.49917250e-05
7.20245937e-05
7.60655069e-05
7.69422012e-05
7.45984346e-05
6.91029890e-05
6.06547350e-05
4.95824738e-05
3.63380243e-05
2.14821241e-05
5.66375003e-06
-1.04064819e-05
-2.59880674e-05
-4.03465000e-05
-5.27917968e-05
-6.27171335e-05
-9.30730023e-06
-9.81521382e-06
-1.02858279e-05
-1.07146625e-05
-1.10979095e-05
-1.14324962e-05
-1.17161084e-05
-1.19471748e-05
-1.21248108e-05
-1.22487241e-05
-1.23190894e-05
-1.23363966e-05
-1.23012848e-05
-1.22143701e-05
-1.20760799e-05
-1.18865054e-05
-1.16452829e-05
-1.13515140e-05
-1.10037333e-05
-1.05999291e-05
-1.01376206e-05
-9.61399075e-06
-9.02607229e-06
-8.37097958e-06
-7.64617641e-06
-6.84976755e-06
-5.98079931e-06
-5.03955304e-06
-4.02781470e-06
-2.94910280e-06
-1.80883795e-06
-6.14438424e-07
6.24670756e-07
1.89714428e-06
3.18990229e-06
4.48841319e-06
5.77706374e-06
7.03960036e-06
8.25961994e-06
9.42108487e-06
1.05088340e-05
1.15090595e-05
1.24097228e-05
1.32008841e-05
1.38749311e-05
1.44266964e-05
1.48534626e-05
1.51548606e-05
1.53326755e-05
1.53905768e-05
1.53337982e-05
1.51687904e-05
1.49028733e-05
1.45439105e-05
1.41000235e-05
1.35793603e-05
1.29899235e-05
1.23394588e-05
1.16354013e-05
1.08848722e-05
1.00947209e-05
9.27160142e-06
8.42207353e-06
7.55271590e-06
6.67023682e-06
5.78156761e-06
4.89392335e-06
4.01481754e-06
3.15202169e-06
2.31346710e-06
1.50709186e-06
7.40640598e-07
2.14279741e-08
-6.43919061e-07
-1.24972286e-06
-1.79150199e-06
-2.26618501e-06
-2.67227303e-06
-3.00993454e-06
-3.28101940e-06
-3.48898484e-06
-3.63873350e-06
-3.73637122e-06
-3.78890000e-06
-3.80386703e-06
-3.78899396e-06
-3.75181044e-06
-3.69931330e-06
-3.63766936e-06
-3.57197566e-06
-3.50608713e-06
-3.44251745e-06
-3.38241567e-06
-3.32561664e-06
-3.27076043e-06
-3.21547143e-06
-3.15658469e-06
-3.09040322e-06
-3.01296871e-06
-2.92032866e-06
-2.80878640e-06
-2.67512324e-06
-2.51678566e-06
-2.33203266e-06
-2.12004020e-06
-1.88096163e-06
-1.61594653e-06
-1.32712314e-06
-1.01755311e-06
-6.91169048e-07
-3.52706100e-07
-7.63679754e-09
3.37884583e-07
6.77066371e-07
1.00251561e-06
1.30627314e-06
1.57985759e-06
1.81432913e-06
2.00038391e-06
2.12848935e-06
2.18906829e-06
2.17273770e-06
2.07060368e-06
1.87461075e-06
1.57793791e-06
1.17542859e-06
6.64036526e-07
4.32646124e-08
-6.84430065e-07
-1.51329455e-06
-2.43403192e-06
-3.43367561e-06
-4.49561187e-06
-5.59976950e-06
-6.72298641e-06
-7.83955137e-06
-8.92190699e-06
-9.94149042e-06
-1.08696790e-05
-1.16788014e-05
-1.23431692e-05
-1.28400826e-05
-1.31507597e-05
-1.32611405e-05
-1.31625173e-05
-1.28519500e-05
-1.23324368e-05
-1.16128235e-05
-1.07074564e-05
-9.63559569e-06
-8.42062272e-06
-7.08908573e-06
-5.66964016e-06
-4.19194426e-06
-2.68557299e-06
-1.17900995e-06
3.01230861e-07
1.73131247e-06
3.09058486e-06
4.36188552e-06
5.53163432e-06
6.58974033e-06
7.52935004e-06
8.34647485e-06
9.03954024e-06
9.60890009e-06
1.00563573e-05
1.03847265e-05
1.05974665e-05
1.06983997e-05
1.06915255e-05
1.05809243e-05
1.03707409e-05
1.00652320e-05
9.66885880e-06
9.18640563e-06
8.62310849e-06
7.98477836e-06
7.27790843e-06
6.50975682e-06
5.68839997e-06
4.82275400e-06
3.92256214e-06
2.99834663e-06
2.06132431e-06
1.12328624e-06
1.96443524e-07
-7.06758255e-07
-1.57385294e-06
-2.39259250e-06
-3.15120586e-06
-3.83867225e-06
-4.44500151e-06
-4.96151094e-06
-5.38108583e-06
-5.69840891e-06
-5.91014588e-06
-6.01507800e-06
-6.01417791e-06
-5.91062948e-06
-5.70979379e-06
-5.41912374e-06
-5.04802835e-06
-4.60768643e-06
-4.11080748e-06
-3.57133709e-06
-3.00410477e-06
-2.42441604e-06
-1.84759420e-06
-1.28848207e-06
-7.60919590e-07
-2.77218901e-07
1.52336969e-07
5.19943453e-07
8.20643202e-07
1.05258759e-06
1.21716923e-06
1.31901141e-06
1.36580888e-06
1.36802303e-06
1.33844143e-06
1.29161884e-06
1.24322357e-06
1.20931929e-06
1.20561659e-06
1.24673175e-06
1.34549139e-06
1.51231941e-06
1.75473831e-06
2.07700912e-06
2.47992545e-06
2.96076700e-06
3.51340933e-06
4.12857842e-06
4.79423226e-06
5.49604684e-06
6.21798021e-06
6.94288615e-06
7.65314812e-06
8.33130463e-06
8.96063982e-06
9.52571774e-06
1.00128441e-05
1.04104434e-05
1.07093433e-05
1.09029605e-05
1.09873857e-05
1.09613671e-05
1.08261990e-05
1.05855249e-05
1.02450687e-05
9.81231284e-06
9.29614562e-06
8.70649768e-06
8.05398854e-06
7.34959618e-06
6.60435678e-06
5.82909354e-06
5.03416955e-06
4.22925843e-06
3.42312928e-06
2.62344669e-06
1.83659116e-06
1.06750830e-06
3.19596705e-07
-4.05355685e-07
-1.10717823e-06
-1.78726160e-06
-2.44843804e-06
-3.09480078e-06
-3.73146942e-06
-4.36431031e-06
-4.99962273e-06
-5.64380269e-06
-6.30299660e-06
-6.98275619e-06
-7.68770456e-06
-8.42122153e-06
-9.18515518e-06
-9.97956681e-06
-1.08025171e-05
-1.16499027e-05
-1.25153549e-05
-1.33902087e-05
-1.42635515e-05
-1.51223566e-05
-1.59517034e-05
-1.67350839e-05
-1.74547915e-05
-1.80923860e-05
-1.86292281e-05
-1.90470758e-05
-1.93287336e-05
-1.94587418e-05
-1.94240885e-05
-1.92149206e-05
-1.88252235e-05
-1.82534349e-05
-1.75029542e-05
-1.65825043e-05
-1.55063039e-05
-1.42940109e-05
-1.29704041e-05
-1.15647856e-05
-1.01100928e-05
-8.64173045e-06
-7.19614809e-06
-5.80920837e-06
-4.51441016e-06
-3.34104921e-06
-2.31241546e-06
-1.44413817e-06
-7.42795764e-07
-2.04905923e-07
1.83597267e-07
4.47309691e-07
6.20663476e-07
7.46562980e-07
8.74360098e-07
1.05722143e-06
1.34898194e-06
1.80061946e-06
2.45651969e-06
3.35073019e-06
4.50342212e-06
5.91778820e-06
7.57760386e-06
9.44566456e-06
1.14632861e-05
1.35510178e-05
1.56106713e-05
1.75287075e-05
1.91809579e-05
2.04385782e-05
2.11750528e-05
2.12739872e-05
2.06373507e-05
1.91937656e-05
1.69063899e-05
1.37799086e-05
9.86613715e-06
5.26776164e-06
1.39780819e-07
-5.31170569e-06
-1.08336171e-05
-1.61330400e-05
-2.08873742e-05
-2.47572743e-05
-2.74020114e-05
-2.84967031e-05
-2.77506945e-05
-2.49262343e-05
-1.98564725e-05
-1.24617438e-05
-2.76307694e-06
9.10808136e-06
2.29048425e-05
3.82652943e-05
5.47188789e-05
7.16989636e-05
8.85615036e-05
1.04609333e-04
1.19121225e-04
1.31384502e-04
1.40729606e-04
1.46564828e-04
1.48409180e-04
1.45921445e-04
1.38923472e-04
1.27415874e-04
1.11584603e-04
9.17976601e-05
6.85919089e-05
4.26507394e-05
1.47742850e-05
-1.41554863e-05
-4.32127123e-05
-7.14669117e-05
-9.80218611e-05
-1.22052119e-04
-1.42835565e-04
-1.59780826e-04
-1.72448668e-04
-1.80566523e-04
-1.84035514e-04
-1.82929679e-04
-1.77487507e-04
-1.68096349e-04
-1.55270647e-04
-1.39625308e-04
-1.21845767e-04
-1.02656280e-04
-8.27880457e-05
-6.29487157e-05
-4.37946993e-05
-2.59075226e-05
-9.77520163e-06
4.22073813e-06
1.58124174e-05
2.48472389e-05
3.12845512e-05
3.51879882e-05
3.67142391e-05
3.60991435e-05
3.36420372e-05
2.96892869e-05
2.46178307e-05
1.88191565e-05
1.26839815e-05
6.58816516e-06
8.80568492e-07
-4.12671376e-06
-8.16575239e-06
-1.10180678e-05
-1.25181294e-05
-1.25554942e-05
-1.10760651e-05
-8.08265605e-06
-3.63475227e-06
2.15265276e-06
9.11126408e-06
1.70229935e-05
2.56251526e-05
3.46175807e-05
4.36717299e-05
5.24416295e-05
6.05765819e-05
6.77353517e-05
7.36014032e-05
7.78984837e-05
8.04057082e-05
8.09711998e-05
7.95231216e-05
7.60769297e-05
7.07378579e-05
6.36978655e-05
5.52265851e-05
4.56563397e-05
3.53622392e-05
2.47392701e-05
1.41787483e-05
4.04633749e-06
-5.33654676e-06
-1.37064013e-05
-2.08659212e-05
-2.66876122e-05
-3.11135125e-05
-3.41508363e-05
-3.58630360e-05
-3.63567006e-05
-3.57661323e-05
-3.42378749e-05
-3.19162070e-05
-2.89299494e-05
-2.53815503e-05
-2.13399416e-05
-1.68379841e-05
-1.18745361e-05
-6.42072388e-06
-4.29519850e-07
6.15190260e-06
1.33675257e-05
2.12364483e-05
2.97366439e-05
3.87902832e-05
4.82525431e-05
5.79054665e-05
6.74576268e-05
7.65498794e-05
8.47674805e-05
9.16582237e-05
9.67554702e-05
9.96047171e-05
9.97920462e-05
9.69727294e-05
9.08985672e-05
8.14424470e-05
6.86182222e-05
5.25935935e-05
3.36940607e-05
1.23969101e-05
-1.06846125e-05
-3.48259937e-05
-5.92239807e-05
-8.30352288e-05
-1.05418198e-04
-1.25575156e-04
-1.42791606e-04
-1.56471232e-04
-1.66164826e-04
-1.71592007e-04
-1.72654218e-04
-1.69437215e-04
-1.62202679e-04
-1.51370525e-04
-1.37494408e-04
-1.21232518e-04
-1.03314693e-04
-8.45064042e-05
-6.55708514e-05
-4.72313072e-05
-3.01357273e-05
-1.48257928e-05
-1.71311304e-06
8.93544834e-06
1.70028856e-05
2.25182793e-05
2.56451018e-05
2.66625774e-05
2.59413692e-05
2.39149983e-05
0.00000000e+00
4.53711594e-06
4.85705701e-06
5.15985769e-06
5.44085994e-06
5.69542350e-06
5.91904167e-06
6.10746090e-06
6.25680105e-06
6.36367241e-06
6.42528627e-06
6.43955491e-06
6.40517770e-06
6.32170942e-06
6.18960740e-06
6.01025434e-06
5.78595395e-06
5.51989742e-06
5.21609932e-06
4.87930272e-06
4.51485462e-06
4.12855401e-06
3.72647646e-06
3.31478079e-06
2.89950467e-06
2.48635732e-06
2.08051848e-06
1.68645331e-06
1.30775260e-06
9.47007120e-07
6.05723478e-07
2.84287051e-07
-1.80248881e-08
-3.02979210e-07
-5.73274260e-07
-8.32383222e-07
-1.08436052e-06
-1.33361984e-06
-1.58469354e-06
-1.84198342e-06
-2.10951309e-06
-2.39069118e-06
-2.68809462e-06
-3.00328026e-06
-3.33663290e-06
-3.68725565e-06
-4.05290737e-06
-4.42998981e-06
-4.81358596e-06
-5.19754943e-06
-5.57464381e-06
-5.93672917e-06
-6.27499147e-06
-6.58020878e-06
-6.84304745e-06
-7.05438038e-06
-7.20561896e-06
-7.28904911e-06
-7.29816069e-06
-7.22795854e-06
-7.07524253e-06
-6.83884323e-06
-6.51979950e-06
-6.12146526e-06
-5.64953451e-06
-5.11197679e-06
-4.51888014e-06
-3.88220446e-06
-3.21545497e-06
-2.53329072e-06
-1.85108613e-06
-1.18446489e-06
-5.48824675e-07
4.11309119e-08
5.71838741e-07
1.03128880e-06
1.40939240e-06
1.69829618e-06
1.89263295e-06
1.98970112e-06
1.98956650e-06
1.89508197e-06
1.71182314e-06
1.44794116e-06
1.11393667e-06
7.22362469e-07
2.87465011e-07
-1.75223288e-07
-6.49327134e-07
-1.11809190e-06
-1.56485227e-06
-1.97349154e-06
-2.32887940e-06
-2.61727799e-06
-2.82670821e-06
-2.94726884e-06
-2.97140232e-06
-2.89410228e-06
-2.71306006e-06
-2.42874854e-06
-2.04444260e-06
-1.56617491e-06
-1.00262500e-06
-3.64938265e-07
3.33526951e-07
1.07752474e-06
1.85031675e-06
2.63413058e-06
3.41067095e-06
4.16166918e-06
4.86945324e-06
5.51751751e-06
6.09107004e-06
6.57753378e-06
6.96697825e-06
7.25245870e-06
7.43024242e-06
7.49990666e-06
7.46429976e-06
7.32936437e-06
7.10382979e-06
6.79878835e-06
6.42717840e-06
6.00320160e-06
5.54170518e-06
5.05756110e-06
4.56507328e-06
4.07744109e-06
3.60630305e-06
3.16137979e-06
2.75022946e-06
2.37812261e-06
2.04803577e-06
1.76075532e-06
1.51507586e-06
1.30807180e-06
1.13541758e-06
9.91731058e-07
8.70917211e-07
7.66494782e-07
6.71893791e-07
5.80717041e-07
4.86962764e-07
3.85209039e-07
2.70762480e-07
1.39774537e-07
-1.06710359e-08
-1.82496286e-07
-3.76590461e-07
-5.92794257e-07
-8.29908417e-07
-1.08572932e-06
-1.35711448e-06
-1.64008000e-06
-1.92993046e-06
-2.22141940e-06
-2.50893652e-06
-2.78671425e-06
-3.04904358e-06
-3.29048625e-06
-3.50606878e-06
-3.69144493e-06
-3.84301669e-06
-3.95800822e-06
-4.03449199e-06
-4.07137022e-06
-4.06831851e-06
-4.02570185e-06
-3.94447528e-06
-3.82608251e-06
-3.67236414e-06
-3.48548512e-06
-3.26788705e-06
-3.02226677e-06
-2.75157872e-06
-2.45905542e-06
-2.14823835e-06
-1.82301034e-06
-1.48761916e-06
-1.14668203e-06
-8.05162170e-07
-4.68311580e-07
-1.41578377e-07
1.69518678e-07
4.59541809e-07
7.23302604e-07
9.56036567e-07
1.15357332e-06
1.31249274e-06
1.43025836e-06
1.50531986e-06
1.53717789e-06
1.52640550e-06
1.47462323e-06
1.38442796e-06
1.25927835e-06
1.10334359e-06
9.21324346e-07
7.18257418e-07
4.99316110e-07
2.69618717e-07
3.40567645e-08
-2.02847399e-07
-4.37047038e-07
-6.65038469e-07
-8.83890239e-07
-1.09123824e-06
-1.28525369e-06
-1.46459231e-06
-1.62833316e-06
-1.77591497e-06
-1.90707668e-06
-2.02180707e-06
-2.12030484e-06
-2.20294816e-06
-2.27027039e-06
-2.32293843e-06
-2.36173082e-06
-2.38751346e-06
-2.40121251e-06
-2.40378491e-06
-2.39618776e-06
-2.37934746e-06
-2.35412958e-06
-2.32130975e-06
-2.28154665e-06
-2.23535789e-06
-2.18309935e-06
-2.12494883e-06
-2.06089452e-06
-1.99072910e-06
-1.91405119e-06
-1.83027580e-06
-1.73865572e-06
-1.63831375e-06
-1.52828357e-06
-1.40755444e-06
-1.27511390e-06
-1.12998254e-06
-9.71236474e-07
-7.98015474e-07
-6.09518406e-07
-4.04991625e-07
-1.83719884e-07
5.49689704e-08
3.11675186e-07
5.86867135e-07
8.80787904e-07
1.19333175e-06
1.52389906e-06
1.87124280e-06
2.23332304e-06
2.60718861e-06
2.98890527e-06
3.37354726e-06
3.75526319e-06
4.12742066e-06
4.48282614e-06
4.81401014e-06
5.11356145e-06
5.37448941e-06
5.59058879e-06
5.75677946e-06
5.86939382e-06
5.92638912e-06
5.92746904e-06
5.87410596e-06
5.76946280e-06
5.61822008e-06
5.42632033e-06
5.20064701e-06
4.94865859e-06
4.67800083e-06
4.39612138e-06
4.10990947e-06
3.82538015e-06
3.54741944e-06
3.27960222e-06
3.02409055e-06
2.78161540e-06
2.55154063e-06
2.33200427e-06
2.12012868e-06
1.91228982e-06
1.70443338e-06
1.49242365e-06
1.27240835e-06
1.04117991e-06
7.96511649e-07
5.37446054e-07
2.64514368e-07
-2.01298874e-08
-3.12675242e-07
-6.07720320e-07
-8.98445287e-07
-1.17688057e-06
-1.43426194e-06
-1.66145647e-06
-1.84943935e-06
-1.98979768e-06
-2.07523502e-06
-2.10005090e-06
-2.06057062e-06
-1.95550266e-06
-1.78620373e-06
-1.55683455e-06
-1.27439293e-06
-9.48615420e-07
-5.91743939e-07
-2.18160113e-07
1.56103163e-07
5.13956457e-07
8.37932155e-07
1.11091936e-06
1.31692444e-06
1.44182301e-06
1.47406685e-06
1.40530940e-06
1.23091494e-06
9.50320034e-07
5.67222442e-07
8.95805002e-08
-4.70584476e-07
-1.09758026e-06
-1.77261854e-06
-2.47455207e-06
-3.18074644e-06
-3.86805202e-06
-4.51383707e-06
-5.09703884e-06
-5.59918712e-06
-6.00535229e-06
-6.30496984e-06
-6.49249540e-06
-6.56784887e-06
-6.53661389e-06
-6.40996856e-06
-6.20433544e-06
-5.94075167e-06
-5.64397439e-06
-5.34135061e-06
-5.06149380e-06
-4.83282106e-06
-4.68201394e-06
-4.63247271e-06
-4.70283805e-06
-4.90565575e-06
-5.24625914e-06
-5.72194056e-06
-6.32147621e-06
-7.02505813e-06
-7.80467234e-06
-8.62494307e-06
-9.44444118e-06
-1.02174310e-05
-1.08960048e-05
-1.14325294e-05
-1.17823046e-05
-1.19063124e-05
-1.17739162e-05
-1.13653615e-05
-1.06739214e-05
-9.70753896e-06
-8.48982905e-06
-7.06032439e-06
-5.47387787e-06
-3.79916949e-06
-2.11630614e-06
-5.13546976e-07
9.16765677e-07
2.08294081e-06
2.89916117e-06
3.29097130e-06
3.20077126e-06
2.59302796e-06
1.45890052e-06
-1.80025970e-07
-2.26919135e-06
-4.71996005e-06
-7.41018858e-06
-1.01866188e-05
-1.28691789e-05
-1.52571860e-05
-1.71373432e-05
-1.82933172e-05
-1.85165766e-05
-1.76180605e-05
-1.54401589e-05
-1.18684066e-05
-6.84223853e-06
-3.64131459e-07
7.49353641e-06
1.65845291e-05
2.66882327e-05
3.75129751e-05
4.87034174e-05
5.98520438e-05
7.05145369e-05
8.02285707e-05
8.85352838e-05
9.50024411e-05
9.92480566e-05
1.00963094e-04
9.99318003e-05
9.60482132e-05
8.93275176e-05
7.99112831e-05
6.80657457e-05
5.41726139e-05
3.87126687e-05
2.22429893e-05
5.36896663e-06
-1.12871802e-05
-2.71191622e-05
-4.15683353e-05
-5.41522328e-05
-6.44880965e-05
-7.23100578e-05
-7.74790198e-05
-7.99847704e-05
-7.99405325e-05
-7.75706369e-05
-7.31922301e-05
-6.71922355e-05
-6.00012357e-05
-5.20661234e-05
-4.38232407e-05
-3.56737294e-05
-2.79627752e-05
-2.09640566e-05
-1.48701862e-05
-9.78943384e-06
-5.74860316e-06
-2.70156891e-06
-5.42634874e-07
8.76408437e-07
1.72687950e-06
2.18316613e-06
2.40389119e-06
2.51580632e-06
2.60158464e-06
2.69245455e-06
2.76630338e-06
2.75137853e-06
2.53512182e-06
1.97729705e-06
9.26431686e-07
-7.61637645e-07
-3.20461243e-06
-6.47550698e-06
-1.05868215e-05
-1.54784553e-05
-2.10105240e-05
-2.69619622e-05
-3.30353675e-05
-3.88680809e-05
-4.40489360e-05
-4.81397032e-05
-5.07002160e-05
-5.13161001e-05
-4.96275961e-05
-4.53576264e-05
-3.83373830e-05
-2.85278295e-05
-1.60355442e-05
-1.12139099e-06
1.57990355e-05
3.41634701e-05
5.32793831e-05
7.23483821e-05
9.04980987e-05
1.06820613e-04
1.20415866e-04
1.30438162e-04
1.36143578e-04
1.36935593e-04
1.32405962e-04
1.22368031e-04
1.06880162e-04
8.62572581e-05
6.10687018e-05
3.21216635e-05
4.29865365e-07
-3.28307281e-05
-6.63765310e-05
-9.88779260e-05
-1.29024527e-04
-1.55589989e-04
-1.77491518e-04
-1.93840487e-04
-2.03982086e-04
-2.07523113e-04
-2.04347302e-04
-1.94617263e-04
-1.78762069e-04
-1.57451228e-04
-1.31557952e-04
-1.02114226e-04
-7.02591793e-05
-3.71833545e-05
-4.07274537e-06
2.79432172e-05
5.78363500e-05
8.47159487e-05
1.07856974e-04
1.26719650e-04
1.40959354e-04
1.50426961e-04
1.55161044e-04
1.55373684e-04
1.51431416e-04
1.43832510e-04
1.33181077e-04
0.00000000e+00
0.00000000e+00
0.00000000e+00
0.00000000e+00
0.00000000e+00
0.00000000e+00
0.00000000e+00
0.00000000e+00
0.00000000e+00
0.00000000e+00
0.00000000e+00
0.00000000e+00
0.00000000e+00
0.00000000e+00
0.00000000e+00
0.00000000e+00
0.00000000e+00
0.00000000e+00
0.00000000e+00
0.00000000e+00
0.00000000e+00
0.00000000e+00
0.00000000e+00
0.00000000e+00
0.00000000e+00
0.00000000e+00
0.00000000e+00
0.00000000e+00
0.00000000e+00
0.00000000e+00
0.00000000e+00
0.00000000e+00
0.00000000e+00
0.00000000e+00
0.00000000e+00
0.00000000e+00
0.00000000e+00
0.00000000e+00
0.00000000e+00
0.00000000e+00
0.00000000e+00
0.00000000e+00
0.00000000e+00
0.00000000e+00
0.00000000e+00
0.00000000e+00
0.00000000e+00
0.00000000e+00
0.00000000e+00
0.00000000e+00
0.00000000e+00
0.00000000e+00
0.00000000e+00
0.00000000e+00
0.00000000e+00
0.00000000e+00
0.00000000e+00
0.00000000e+00
0.00000000e+00
0.00000000e+00
0.00000000e+00
0.00000000e+00
0.00000000e+00
0.00000000e+00
0.00000000e+00
0.00000000e+00
0.00000000e+00
0.00000000e+00
0.00000000e+00
0.00000000e+00
0.00000000e+00
0.00000000e+00
0.00000000e+00
0.00000000e+00
0.00000000e+00
0.00000000e+00
0.00000000e+00
0.00000000e+00
0.00000000e+00
0.00000000e+00
0.00000000e+00
0.00000000e+00
0.00000000e+00
0.00000000e+00
0.00000000e+00
0.00000000e+00
0.00000000e+00
0.00000000e+00
0.00000000e+00
0.00000000e+00
0.00000000e+00
0.00000000e+00
0.00000000e+00
0.00000000e+00
0.00000000e+00
0.00000000e+00
0.00000000e+00
0.00000000e+00
0.00000000e+00
0.00000000e+00
0.00000000e+00
0.00000000e+00
0.00000000e+00
0.00000000e+00
0.00000000e+00
0.00000000e+00
0.00000000e+00
0.00000000e+00
0.00000000e+00
0.00000000e+00
0.00000000e+00
0.00000000e+00
0.00000000e+00
0.00000000e+00
0.00000000e+00
0.00000000e+00
0.00000000e+00
0.00000000e+00
0.00000000e+00
0.00000000e+00
0.00000000e+00
0.00000000e+00
0.00000000e+00
0.00000000e+00
0.00000000e+00
0.00000000e+00
0.00000000e+00
0.00000000e+00
0.00000000e+00
0.00000000e+00
0.00000000e+00
0.00000000e+00
0.00000000e+00
0.00000000e+00
0.00000000e+00
0.00000000e+00
0.00000000e+00
0.00000000e+00
0.00000000e+00
0.00000000e+00
0.00000000e+00
0.00000000e+00
0.00000000e+00
0.00000000e+00
0.00000000e+00
0.00000000e+00
0.00000000e+00
0.00000000e+00
0.00000000e+00
0.00000000e+00
0.00000000e+00
0.00000000e+00
0.00000000e+00
0.00000000e+00
0.00000000e+00
0.00000000e+00
0.00000000e+00
0.00000000e+00
0.00000000e+00
0.00000000e+00
0.00000000e+00
0.00000000e+00
0.00000000e+00
0.00000000e+00
0.00000000e+00
0.00000000e+00
0.00000000e+00
0.00000000e+00
0.00000000e+00
0.00000000e+00
0.00000000e+00
0.00000000e+00
0.00000000e+00
0.00000000e+00
0.00000000e+00
0.00000000e+00
0.00000000e+00
0.00000000e+00
0.00000000e+00
0.00000000e+00
0.00000000e+00
0.00000000e+00
0.00000000e+00
0.00000000e+00
0.00000000e+00
0.00000000e+00
0.00000000e+00
0.00000000e+00
0.00000000e+00
0.00000000e+00
0.00000000e+00
0.00000000e+00
0.00000000e+00
0.00000000e+00
0.00000000e+00
0.00000000e+00
0.00000000e+00
0.00000000e+00
0.00000000e+00
0.00000000e+00
0.00000000e+00
0.00000000e+00
0.00000000e+00
0.00000000e+00
0.00000000e+00
0.00000000e+00
0.00000000e+00
0.00000000e+00
0.00000000e+00
0.00000000e+00
0.00000000e+00
0.00000000e+00
0.00000000e+00
0.00000000e+00
0.00000000e+00
0.00000000e+00
0.00000000e+00
0.00000000e+00
0.00000000e+00
0.00000000e+00
0.00000000e+00
0.00000000e+00
0.00000000e+00
0.00000000e+00
0.00000000e+00
0.00000000e+00
0.00000000e+00
0.00000000e+00
0.00000000e+00
0.00000000e+00
0.00000000e+00
0.00000000e+00
0.00000000e+00
0.00000000e+00
0.00000000e+00
0.00000000e+00
0.00000000e+00
0.00000000e+00
0.00000000e+00
0.00000000e+00
0.00000000e+00
0.00000000e+00
0.00000000e+00
0.00000000e+00
0.00000000e+00
0.00000000e+00
0.00000000e+00
0.00000000e+00
0.00000000e+00
0.00000000e+00
0.00000000e+00
0.00000000e+00
0.00000000e+00
0.00000000e+00
0.00000000e+00
0.00000000e+00
0.00000000e+00
0.00000000e+00
0.00000000e+00
0.00000000e+00
0.00000000e+00
0.00000000e+00
0.00000000e+00
0.00000000e+00
0.00000000e+00
0.00000000e+00
0.00000000e+00
0.00000000e+00
0.00000000e+00
0.00000000e+00
0.00000000e+00
0.00000000e+00
1.99958072e-06
2.26029163e-06
2.52072215e-06
2.78159275e-06
3.04398527e-06
3.30930609e-06
3.57922570e-06
3.85559502e-06
4.14034016e-06
4.43533834e-06
4.74227932e-06
5.06251737e-06
5.39691993e-06
5.74571975e-06
6.10837760e-06
6.48346275e-06
6.86855812e-06
7.26019669e-06
7.65383478e-06
8.04386669e-06
8.42368357e-06
8.78577773e-06
9.12189167e-06
9.42321012e-06
9.68059159e-06
9.88483449e-06
1.00269707e-05
1.00985774e-05
1.00920966e-05
1.00011504e-05
9.82083768e-06
9.54800103e-06
9.18144732e-06
8.72210965e-06
8.17313780e-06
7.53990749e-06
6.82994168e-06
6.05274103e-06
5.21952533e-06
4.34289300e-06
3.43641092e-06
2.51415197e-06
1.59020081e-06
6.78151511e-07
-2.09379275e-07
-1.06119926e-06
-1.86792498e-06
-2.62228310e-06
-3.31931149e-06
-3.95644766e-06
-4.53349756e-06
-5.05248392e-06
-5.51738002e-06
-5.93374147e-06
-6.30825574e-06
-6.64823506e-06
-6.96108314e-06
-7.25376774e-06
-7.53233044e-06
-7.80146212e-06
-8.06416914e-06
-8.32154967e-06
-8.57269385e-06
-8.81471412e-06
-9.04290513e-06
-9.25102532e-06
-9.43168522e-06
-9.57682108e-06
-9.67822772e-06
-9.72812005e-06
-9.71969133e-06
-9.64763581e-06
-9.50860544e-06
-9.30157453e-06
-9.02809165e-06
-8.69240533e-06
-8.30145760e-06
-7.86474641e-06
-7.39406372e-06
-6.90311984e-06
-6.40706599e-06
-5.92192820e-06
-5.46396733e-06
-5.04898293e-06
-4.69158225e-06
-4.40444020e-06
-4.19758011e-06
-4.07770918e-06
-4.04764547e-06
-4.10587481e-06
-4.24627579e-06
-4.45804739e-06
-4.72586785e-06
-5.03030457e-06
-5.34848324e-06
-5.65501116e-06
-5.92313382e-06
-6.12608855e-06
-6.23860353e-06
-6.23847598e-06
-6.10815042e-06
-5.83620696e-06
-5.41866360e-06
-4.85999511e-06
-4.17377651e-06
-3.38287078e-06
-2.51909845e-06
-1.62234998e-06
-7.39130042e-07
7.94460379e-08
7.80149552e-07
1.31054166e-06
1.62216365e-06
1.67386836e-06
1.43512552e-06
8.89118981e-07
3.54464890e-08
-1.10776582e-06
-2.50251037e-06
-4.09046110e-06
-5.79357439e-06
-7.51580796e-06
-9.14598626e-06
-1.05617823e-05
-1.16347225e-05
-1.22360569e-05
-1.22432721e-05
-1.15469663e-05
-1.00577565e-05
-7.71284885e-06
-4.48188856e-06
-3.71703751e-07
4.57041472e-06
1.02552096e-05
1.65519703e-05
2.32912113e-05
3.02695540e-05
3.72567213e-05
4.40044229e-05
5.02567676e-05
5.57617189e-05
6.02830012e-05
6.36117879e-05
6.55774902e-05
6.60569613e-05
6.49814265e-05
6.23405632e-05
5.81833892e-05
5.26158397e-05
4.57952080e-05
3.79219876e-05
2.92298382e-05
1.99744383e-05
1.04220079e-05
8.38219432e-07
-8.52185977e-06
-1.74222459e-05
-2.56525916e-05
-3.30327727e-05
-3.94157326e-05
-4.46888035e-05
-4.87737193e-05
-5.16256197e-05
-5.32314155e-05
-5.36077440e-05
-5.27986226e-05
-5.08728580e-05
-4.79212701e-05
-4.40537697e-05
-3.93962898e-05
-3.40875711e-05
-2.82758308e-05
-2.21153472e-05
-1.57629769e-05
-9.37465929e-06
-3.10196685e-06
2.91129822e-06
8.53239590e-06
1.36426658e-05
1.81400739e-05
2.19410868e-05
2.49817489e-05
2.72179286e-05
2.86247243e-05
2.91950924e-05
2.89378957e-05
2.78756008e-05
2.60418358e-05
2.34790425e-05
2.02365381e-05
1.63693549e-05
1.19381027e-05
7.00993535e-06
1.66059576e-06
-4.02260535e-06
-9.93723173e-06
-1.59621646e-05
-2.19547454e-05
-2.77491398e-05
-3.31563661e-05
-3.79664809e-05
-4.19532366e-05
-4.48812585e-05
-4.65155886e-05
-4.66332548e-05
-4.50364128e-05
-4.15664931e-05
-3.61185821e-05
-2.86551289e-05
-1.92180807e-05
-7.93851820e-06
4.95721723e-06
1.91457610e-05
3.42099684e-05
4.96475936e-05
6.48855150e-05
7.92992889e-05
9.22374725e-05
1.03049743e-04
1.11117407e-04
1.15884689e-04
1.16889169e-04
1.13789714e-04
1.06390163e-04
9.46569962e-05
7.87295702e-05
5.89219733e-05
3.57161237e-05
9.74628809e-06
-1.82243229e-05
-4.73337649e-05
-7.66568064e-05
-1.05243727e-04
-1.32160472e-04
-1.56528081e-04
-1.77559230e-04
-1.94589735e-04
-2.07103196e-04
-2.14747386e-04
-2.17341493e-04
5.19145697e-06
5.55627827e-06
5.89899162e-06
6.21530665e-06
6.50123594e-06
6.75319471e-06
6.96808723e-06
7.14337670e-06
7.27713600e-06
7.36807755e-06
7.41556175e-06
7.41958405e-06
7.38074201e-06
7.30018404e-06
7.17954270e-06
7.02085552e-06
6.82647712e-06
6.59898624e-06
6.34109180e-06
6.05554165e-06
5.74503776e-06
5.41216117e-06
5.05930942e-06
4.68864886e-06
4.30208340e-06
3.90124054e-06
3.48747489e-06
3.06188821e-06
2.62536469e-06
2.17861906e-06
1.72225497e-06
1.25683052e-06
7.82927511e-07
3.01220955e-07
-1.87454722e-07
-6.82046381e-07
-1.18123289e-06
-1.68338864e-06
-2.18656168e-06
-2.68846769e-06
-3.18649994e-06
-3.67775460e-06
-4.15907050e-06
-4.62708159e-06
-5.07828055e-06
-5.50909136e-06
-5.91594841e-06
-6.29537911e-06
-6.64408664e-06
-6.95902902e-06
-7.23749070e-06
-7.47714327e-06
-7.67609255e-06
-7.83291001e-06
-7.94664767e-06
-8.01683645e-06
-8.04346905e-06
-8.02696946e-06
-7.96815170e-06
-7.86817131e-06
-7.72847293e-06
-7.55073739e-06
-7.33683155e-06
-7.08876338e-06
-6.80864432e-06
-6.49866019e-06
-6.16105139e-06
-5.79810223e-06
-5.41213896e-06
-5.00553496e-06
-4.58072158e-06
-4.14020256e-06
-3.68656963e-06
-3.22251674e-06
-2.75085070e-06
-2.27449571e-06
-1.79649060e-06
-1.31997791e-06
-8.48184651e-07
-3.84395375e-07
6.80817558e-08
5.05955212e-07
9.25996237e-07
1.32509083e-06
1.70029757e-06
2.04891096e-06
2.36852961e-06
2.65712760e-06
2.91312698e-06
3.13546793e-06
3.32367249e-06
3.47789661e-06
3.59896515e-06
3.68838458e-06
3.74832890e-06
3.78159590e-06
3.79153234e-06
3.78192907e-06
3.75688856e-06
3.72066965e-06
3.67751607e-06
3.63147692e-06
3.58622873e-06
3.54490892e-06
3.50997106e-06
3.48307073e-06
3.46499006e-06
3.45560672e-06
3.45391082e-06
3.45807025e-06
3.46554210e-06
3.47322465e-06
3.47764188e-06
3.47515015e-06
3.46215509e-06
3.43532634e-06
3.39179711e-06
3.32933697e-06
3.24648711e-06
3.14265028e-06
3.01812976e-06
2.87411542e-06
2.71261803e-06
2.53635634e-06
2.34860454e-06
2.15300987e-06
1.95339204e-06
1.75353681e-06
1.55699611e-06
1.36690621e-06
1.18583422e-06
1.01566105e-06
8.57506847e-07
7.11701974e-07
5.77803654e-07
4.54655664e-07
3.40485875e-07
2.33034718e-07
1.29706422e-07
2.77341798e-08
-7.56499121e-08
-1.83049246e-07
-2.96749993e-07
-4.18588714e-07
-5.49846239e-07
-6.91172097e-07
-8.42542156e-07
-1.00325047e-06
-1.17193469e-06
-1.34663269e-06
-1.52486672e-06
-1.70374993e-06
-1.88010945e-06
-2.05061943e-06
-2.21193766e-06
-2.36083899e-06
-2.49433982e-06
-2.60980858e-06
-2.70505819e-06
-2.77841751e-06
-2.82877997e-06
-2.85562792e-06
-2.85903248e-06
-2.83962923e-06
-2.79857068e-06
-2.73745798e-06
-2.65825467e-06
-2.56318692e-06
-2.45463511e-06
-2.33502262e-06
-2.20670755e-06
-2.07188323e-06
-1.93249269e-06
-1.79016164e-06
-1.64615327e-06
-1.50134720e-06
-1.35624396e-06
-1.21099478e-06
-1.06545540e-06
-9.19261284e-07
-7.71920011e-07
-6.22915321e-07
-4.71816099e-07
-3.18382783e-07
-1.62663441e-07
-5.07202599e-09
1.53557905e-07
3.11949296e-07
4.68390890e-07
6.20780751e-07
7.66702615e-07
9.03531227e-07
1.02856068e-06
1.13914795e-06
1.23286264e-06
1.30763304e-06
1.36187881e-06
1.39462124e-06
1.40556355e-06
1.39513567e-06
1.36450021e-06
1.31551897e-06
1.25068159e-06
1.17300016e-06
1.08587576e-06
9.92943937e-07
8.97907418e-07
8.04365078e-07
7.15646311e-07
6.34659658e-07
5.63763784e-07
5.04667644e-07
4.58364994e-07
4.25106308e-07
4.04409097e-07
3.95105750e-07
3.95426249e-07
4.03111447e-07
4.15551070e-07
4.29939254e-07
4.43439299e-07
4.53348586e-07
4.57254372e-07
4.53171390e-07
4.39653220e-07
4.15870991e-07
3.81655182e-07
3.37498666e-07
2.84521611e-07
2.24401020e-07
1.59269582e-07
9.15900646e-08
2.40126437e-08
-4.07767090e-08
-1.00208504e-07
-1.51974567e-07
-1.94157749e-07
-2.25339681e-07
-2.44681001e-07
-2.51970158e-07
-2.47638727e-07
-2.32742961e-07
-2.08912892e-07
-1.78271882e-07
-1.43330966e-07
-1.06863655e-07
-7.17678248e-08
-4.09218528e-08
-1.70422292e-08
-2.54952748e-09
5.51087881e-10
-9.23036769e-09
-3.27926413e-08
-7.03935729e-08
-1.21628225e-07
-1.85435162e-07
-2.60130326e-07
-3.43467068e-07
-4.32720150e-07
-5.24790844e-07
-6.16329741e-07
-7.03873334e-07
-7.83989921e-07
-8.53429870e-07
-9.09274615e-07
-9.49078110e-07
-9.70993962e-07
-9.73881369e-07
-9.57383455e-07
-9.21972483e-07
-8.68957820e-07
-8.00454361e-07
-7.19311446e-07
-6.29004745e-07
-5.33495805e-07
-4.37065854e-07
-3.44131745e-07
-2.59052824e-07
-1.85937873e-07
-1.28461298e-07
-8.96972038e-08
-7.19790690e-08
-7.67913960e-08
-1.04698118e-07
-1.55310727e-07
-2.27297111e-07
-3.18430067e-07
-4.25672565e-07
-5.45295180e-07
-6.73019812e-07
-8.04182885e-07
-9.33910759e-07
-1.05730006e-06
-1.16959609e-06
-1.26636310e-06
-1.34364073e-06
-1.39808164e-06
-1.42706587e-06
-1.42878859e-06
-1.40231840e-06
-1.34762434e-06
-1.26557033e-06
-1.15787681e-06
-1.02705023e-06
-8.76282265e-07
-7.09321642e-07
-5.30322588e-07
-3.43675105e-07
-1.53823262e-07
3.49211938e-08
2.18561768e-07
3.93588007e-07
5.57125531e-07
7.07057236e-07
8.42108619e-07
9.61891752e-07
1.06690437e-06
1.15848284e-06
1.23871045e-06
1.31028500e-06
1.37635247e-06
1.44031536e-06
1.50562624e-06
1.57557760e-06
1.65309995e-06
1.74057969e-06
1.83970748e-06
1.95136622e-06
2.07556549e-06
2.21142691e-06
2.35722134e-06
2.51045606e-06
2.66800637e-06
2.82628338e-06
2.98142725e-06
3.12951355e-06
3.26675952e-06
3.38971765e-06
3.49544457e-06
3.58163540e-06
3.64671581e-06
3.68988687e-06
3.71112075e-06
3.71110874e-06
3.69116572e-06
3.65309867e-06
3.59904883e-06
3.53131890e-06
3.45219736e-06
3.36379196e-06
3.26788299e-06
3.16580530e-06
3.05836543e-06
2.94579800e-06
2.82776293e-06
2.70338312e-06
2.57131979e-06
2.42988108e-06
2.27715784e-06
2.11117904e-06
1.93007821e-06
1.73226119e-06
1.51656491e-06
1.28239637e-06
1.02984100e-06
7.59730442e-07
4.73660771e-07
1.73955280e-07
-1.36431540e-07
-4.54067994e-07
-7.75252236e-07
-1.09626305e-06
-1.41364077e-06
-1.72448124e-06
-2.02672266e-06
-2.31940341e-06
-2.60286867e-06
-2.87890409e-06
-3.15077781e-06
-3.42317571e-06
-3.70202041e-06
-3.99417173e-06
-4.30701356e-06
-4.64794081e-06
-5.02376798e-06
-5.44008842e-06
-5.90061958e-06
-6.40657446e-06
-6.95610222e-06
-7.54384240e-06
-8.16063520e-06
-8.79342681e-06
-9.42540174e-06
-1.00363649e-05
-1.06033840e-05
-1.11016905e-05
-1.15058193e-05
-1.17909555e-05
-1.19344363e-05
-1.19173424e-05
-1.17260986e-05
-1.13539918e-05
-1.08025063e-05
-1.00823753e-05
-9.21424571e-06
-8.22886830e-06
-7.16673387e-06
-6.07710211e-06
-5.01639462e-06
-4.04595720e-06
-3.22923278e-06
-2.62842513e-06
-2.30077292e-06
-2.29459064e-06
-2.64526634e-06
-3.37143232e-06
-4.47154277e-06
-5.92109929e-06
-7.67075916e-06
-9.64554212e-06
-1.17453173e-05
-1.38467044e-05
-1.58064609e-05
-1.74663576e-05
-1.86594589e-05
-1.92176421e-05
-1.89800989e-05
-1.78024790e-05
-1.55662613e-05
-1.21878743e-05
-7.62704954e-06
-1.89387025e-06
4.94600918e-06
1.27684547e-05
2.13906624e-05
3.05739846e-05
4.00299302e-05
4.94293324e-05
5.84144859e-05
6.66138613e-05
7.36587964e-05
7.92013857e-05
8.29326547e-05
8.45999943e-05
8.40227422e-05
8.11047946e-05
7.58432470e-05
6.83323612e-05
5.87624696e-05
4.74137411e-05
3.46450977e-05
2.08788895e-05
6.58219232e-06
-7.75425258e-06
-2.16383084e-05
-3.45986806e-05
-4.62058905e-05
-5.60908474e-05
-6.39600553e-05
-6.96067358e-05
-7.29174762e-05
-7.38743067e-05
-7.25523260e-05
-6.91131881e-05
-6.37949035e-05
-5.68985503e-05
-4.87726513e-05
-3.97960689e-05
-3.03603135e-05
-2.08521429e-05
-1.16372482e-05
-3.04573080e-06
4.64004385e-06
1.11947642e-05
1.64563531e-05
2.03288833e-05
2.27822986e-05
2.38491826e-05
2.36189219e-05
2.22297197e-05
1.98589744e-05
1.67125447e-05
1.30133743e-05
8.98990832e-06
4.86474821e-06
8.44004809e-07
-2.89219910e-06
-6.19769720e-06
-8.96642042e-06
-1.11364698e-05
-1.26918959e-05
-1.36619731e-05
-1.41178947e-05
-1.41669635e-05
-1.39444108e-05
-1.36030863e-05
-1.33014473e-05
-1.31903886e-05
-1.33996034e-05
-1.40243986e-05
-1.51140497e-05
-1.66626615e-05
-1.86032547e-05
-2.08055872e-05
-2.30780785e-05
-2.51740600e-05
-2.68023502e-05
-2.76418969e-05
-2.73599594e-05
-2.56330446e-05
-2.21696387e-05
-1.67336277e-05
9.53166821e-06
9.90399094e-06
1.02271147e-05
1.04945207e-05
1.07002619e-05
1.08391146e-05
1.09067075e-05
1.08996241e-05
1.08154748e-05
1.06529376e-05
1.04117666e-05
1.00927705e-05
9.69776277e-06
9.22948884e-06
8.69153357e-06
8.08821521e-06
7.42447116e-06
6.70574090e-06
5.93785168e-06
5.12691145e-06
4.27921314e-06
3.40115329e-06
2.49916702e-06
1.57968000e-06
6.49077064e-07
-2.86314150e-07
-1.22022721e-06
-2.14645203e-06
-3.05882565e-06
-3.95122387e-06
-4.81755904e-06
-5.65178938e-06
-6.44794427e-06
-7.20016887e-06
-7.90278952e-06
-8.55039974e-06
-9.13796432e-06
-9.66093695e-06
-1.01153848e-05
-1.04981123e-05
-1.08067758e-05
-1.10399797e-05
-1.11973469e-05
-1.12795560e-05
-1.12883419e-05
-1.12264563e-05
-1.10975881e-05
-1.09062470e-05
-1.06576123e-05
-1.03573549e-05
-1.00114371e-05
-9.62590085e-06
-9.20665232e-06
-8.75925333e-06
-8.28872966e-06
-7.79940675e-06
-7.29478295e-06
-6.77744880e-06
-6.24905963e-06
-5.71036616e-06
-5.16130529e-06
-4.60114892e-06
-4.02870490e-06
-3.44255996e-06
-2.84135177e-06
-2.22405486e-06
-1.59026397e-06
-9.40457923e-07
-2.76227857e-07
3.99545009e-07
1.08257500e-06
1.76713131e-06
2.44607778e-06
3.11099600e-06
3.75238984e-06
4.35996534e-06
4.92297600e-06
5.43061917e-06
5.87246655e-06
6.23890850e-06
6.52159089e-06
6.71382206e-06
6.81092883e-06
6.81054207e-06
6.71279589e-06
6.52042762e-06
6.23877050e-06
5.87563548e-06
5.44108400e-06
4.94709892e-06
4.40716610e-06
3.83578412e-06
3.24792478e-06
2.65847080e-06
2.08165941e-06
1.53056090e-06
1.01661984e-06
5.49282941e-07
1.35732729e-07
-2.19260437e-07
-5.13362192e-07
-7.46575512e-07
-9.21028712e-07
-1.04066657e-06
-1.11086749e-06
-1.13801407e-06
-1.12904634e-06
-1.09102644e-06
-1.03074115e-06
-9.54364317e-07
-8.67196113e-07
-7.73489850e-07
-6.76370422e-07
-5.77841455e-07
-4.78871680e-07
-3.79545368e-07
-2.79257604e-07
-1.76933268e-07
-7.12487833e-08
3.91621480e-08
1.55533968e-07
2.78836375e-07
4.09688795e-07
5.48323056e-07
6.94590328e-07
8.48004088e-07
1.00780765e-06
1.17305330e-06
1.34268012e-06
1.51557919e-06
1.69063694e-06
1.86675082e-06
2.04281553e-06
2.21768257e-06
2.39009985e-06
2.55864195e-06
2.72164284e-06
2.87714281e-06
3.02285910e-06
3.15618692e-06
3.27423457e-06
3.37389299e-06
3.45193684e-06
3.50515107e-06
3.53047416e-06
3.52514776e-06
3.48686071e-06
3.41387590e-06
3.30512818e-06
3.16028358e-06
2.97975301e-06
2.76465768e-06
2.51674807e-06
2.23828317e-06
1.93188084e-06
1.60035368e-06
1.24654684e-06
8.73193908e-07
4.82805583e-07
7.76029397e-08
-3.40496930e-07
-7.69839727e-07
-1.20893924e-06
-1.65633670e-06
-2.11042678e-06
-2.56926710e-06
-3.03039011e-06
-3.49063766e-06
-3.94603698e-06
-4.39173405e-06
-4.82199525e-06
-5.23028280e-06
-5.60940307e-06
-5.95172172e-06
-6.24943418e-06
-6.49487614e-06
-6.68085575e-06
-6.80098832e-06
-6.85001406e-06
-6.82408110e-06
-6.72097820e-06
-6.54030530e-06
-6.28357309e-06
-5.95422616e-06
-5.55758690e-06
-5.10072045e-06
-4.59222386e-06
-4.04194657e-06
-3.46065312e-06
-2.85964274e-06
-2.25034390e-06
-1.64390434e-06
-1.05079811e-06
-4.80470595e-07
5.89598254e-08
5.60928362e-07
1.02056803e-06
1.43476629e-06
1.80213486e-06
2.12289924e-06
2.39871987e-06
2.63246084e-06
2.82792449e-06
2.98957126e-06
3.12224323e-06
3.23090744e-06
3.32043105e-06
3.39539577e-06
3.45995484e-06
3.51773189e-06
3.57175773e-06
3.62443891e-06
3.67754976e-06
3.73223988e-06
3.78904942e-06
3.84792693e-06
3.90824702e-06
3.96882820e-06
4.02795388e-06
4.08340106e-06
4.13248237e-06
4.17210675e-06
4.19886335e-06
4.20913024e-06
4.19920734e-06
4.16546946e-06
4.10453306e-06
4.01342828e-06
3.88976695e-06
3.73189609e-06
3.53902691e-06
3.31132961e-06
3.04998615e-06
2.75719525e-06
2.43612698e-06
2.09082732e-06
1.72607664e-06
1.34720887e-06
9.59900993e-07
5.69944008e-07
1.83008397e-07
-1.95582772e-07
-5.61059517e-07
-9.09376921e-07
-1.23734291e-06
-1.54269447e-06
-1.82411844e-06
-2.08121619e-06
-2.31441486e-06
-2.52483053e-06
-2.71409194e-06
-2.88413584e-06
-3.03698707e-06
-3.17453863e-06
-3.29834693e-06
-3.40945743e-06
-3.50827343e-06
-3.59447858e-06
-3.66701981e-06
-3.72415322e-06
-3.76355159e-06
-3.78246801e-06
-3.77794684e-06
-3.74706979e-06
-3.68722200e-06
-3.59636095e-06
-3.47327038e-06
-3.31778148e-06
-3.13094491e-06
-2.91513901e-06
-2.67410344e-06
-2.41289141e-06
-2.13774017e-06
-1.85586458e-06
-1.57518432e-06
-1.30399921e-06
-1.05062952e-06
-8.23040201e-07
-6.28468761e-07
-4.73076681e-07
-3.61642211e-07
-2.97310286e-07
-2.81412268e-07
-3.13365079e-07
-3.90655984e-07
-5.08915545e-07
-6.62077106e-07
-8.42617083e-07
-1.04186607e-06
-1.25037642e-06
-1.45832838e-06
-1.65595381e-06
-1.83395551e-06
-1.98389974e-06
-2.09856157e-06
-2.17220533e-06
-2.20078655e-06
-2.18206583e-06
-2.11563119e-06
-2.00283091e-06
-1.84662541e-06
-1.65137151e-06
-1.42255573e-06
-1.16649389e-06
-8.90013463e-07
-6.00133125e-07
-3.03752600e-07
-7.36366351e-09
2.83208032e-07
5.63022064e-07
8.28196091e-07
1.07602636e-06
1.30505103e-06
1.51505343e-06
1.70700442e-06
1.88294582e-06
2.04581931e-06
2.19924820e-06
2.34728241e-06
2.49412008e-06
2.64382081e-06
2.80002636e-06
2.96570370e-06
3.14292319e-06
3.33268276e-06
3.53478543e-06
3.74777452e-06
3.96892794e-06
4.19431003e-06
4.41887785e-06
4.63663660e-06
4.84083778e-06
5.02421253e-06
5.17923185e-06
5.29838498e-06
5.37446649e-06
5.40086213e-06
5.37182311e-06
5.28271869e-06
5.13025815e-06
4.91267411e-06
4.62986078e-06
4.28346168e-06
3.87690321e-06
3.41537150e-06
2.90573124e-06
2.35638580e-06
1.77707963e-06
1.17864518e-06
5.72699392e-07
-2.87029644e-08
-6.13448677e-07
-1.16976496e-06
-1.68662210e-06
-2.15412246e-06
-2.56385809e-06
-2.90921982e-06
-3.18564219e-06
-3.39077137e-06
-3.52454576e-06
-3.58918237e-06
-3.58906566e-06
-3.53053981e-06
-3.42160999e-06
-3.27156347e-06
-3.09052637e-06
-2.88897614e-06
-2.67723281e-06
-2.46495337e-06
-2.26065453e-06
-2.07128833e-06
-1.90189405e-06
-1.75534673e-06
-1.63221920e-06
-1.53076886e-06
-1.44705407e-06
-1.37517853e-06
-1.30765498e-06
-1.23587280e-06
-1.15064826e-06
-1.04283051e-06
-9.03932802e-07
-7.26755235e-07
-5.05964684e-07
-2.38597372e-07
7.55477681e-08
4.33652594e-07
8.29781330e-07
1.25495323e-06
1.69738989e-06
2.14293119e-06
2.57560398e-06
2.97831864e-06
3.33366047e-06
3.62473605e-06
3.83603154e-06
3.95423824e-06
3.96900214e-06
3.87355797e-06
3.66521335e-06
3.34565536e-06
2.92106037e-06
2.40199579e-06
1.80311135e-06
1.14262573e-06
4.41621398e-07
-2.76831020e-07
-9.88690206e-07
-1.67006637e-06
-2.29840394e-06
-2.85367380e-06
-3.31951882e-06
-3.68429333e-06
-3.94193628e-06
-4.09261965e-06
-4.14311966e-06
-4.10686718e-06
-4.00364676e-06
-3.85892891e-06
-3.70283733e-06
-3.56877032e-06
-3.49171450e-06
-3.50630757e-06
-3.64472617e-06
-3.93449160e-06
-4.39630055e-06
-5.04199817e-06
-5.87281495e-06
-6.87798811e-06
-8.03387976e-06
-9.30368873e-06
-1.06378311e-05
-1.19750359e-05
-1.32441707e-05
-1.43667734e-05
-1.52602279e-05
-1.58414825e-05
-1.60311673e-05
-1.57579347e-05
-1.49628155e-05
-1.36033622e-05
-1.16573429e-05
-9.12574991e-06
-6.03490365e-06
-2.43746338e-06
1.58780189e-06
5.93757006e-06
1.04868706e-05
1.50932803e-05
1.96022710e-05
2.38534898e-05
2.76876797e-05
3.09538927e-05
3.35166076e-05
3.52623593e-05
3.61054932e-05
3.59926654e-05
3.49057498e-05
3.28629314e-05
2.99179314e-05
2.61574414e-05
2.16969760e-05
1.66755068e-05
1.12492863e-05
5.58520799e-06
-1.45996328e-07
-5.77639349e-06
-1.11469856e-05
-1.61131032e-05
-2.05489118e-05
-2.43509022e-05
-2.74402594e-05
-2.97640870e-05
-3.12955462e-05
-3.20330089e-05
-3.19983727e-05
-3.12346975e-05
-2.98033279e-05
-2.77806583e-05
-2.52546791e-05
-2.23214279e-05
-1.90814806e-05
-1.56366225e-05
-1.20867929e-05
-8.52734981e-06
-5.04672285e-06
-1.72450320e-06
1.37006213e-06
4.17921647e-06
6.65747926e-06
8.77204466e-06
1.05027582e-05
1.18416184e-05
1.27917993e-05
1.33662834e-05
1.35862070e-05
1.34790051e-05
1.30764732e-05
1.24128761e-05
1.15231968e-05
1.04415958e-05
9.20015054e-06
7.82793280e-06
6.35048754e-06
4.78978070e-06
3.16467951e-06
1.49200929e-06
-2.11801026e-07
-1.92851691e-06
-3.63548108e-06
-5.30286629e-06
-6.89113489e-06
