1.17456796e-07
8.20405406e-07
1.44610509e-06
1.93852057e-06
2.27270927e-06
2.45367190e-06
2.50576371e-06
2.45902448e-06
2.33868430e-06
2.16116930e-06
1.93618236e-06
1.67172289e-06
1.37820521e-06
1.06908877e-06
7.57781590e-07
4.52832242e-07
1.54595795e-07
-1.43907147e-07
-4.51178245e-07
-7.68500430e-07
-1.08266423e-06
-1.36494302e-06
-1.57876974e-06
-1.69415414e-06
-1.70266532e-06
-1.62475585e-06
-1.50341571e-06
-1.38553533e-06
-1.30062519e-06
-1.24866483e-06
-1.20333902e-06
-1.12818073e-06
-9.96331705e-07
-8.03644085e-07
-5.69699138e-07
-3.26751503e-07
-1.01276512e-07
1.02097622e-07
3.03774228e-07
5.37139124e-07
8.28373041e-07
1.17867998e-06
1.55638913e-06
1.90167722e-06
2.14452517e-06
2.23220867e-06
2.15441352e-06
1.95049410e-06
1.69166170e-06
1.44618333e-06
1.24661148e-06
1.07733296e-06
8.88499065e-07
6.27478577e-07
2.69796688e-07
-1.68076525e-07
-6.39588584e-07
-1.09206291e-06
-1.48574086e-06
-1.79649567e-06
-2.00840542e-06
-2.11181776e-06
-2.11344373e-06
-2.04900393e-06
-1.98111656e-06
-1.97393000e-06
-2.05446432e-06
-2.18444914e-06
-2.26400252e-06
-2.17030380e-06
-1.81478767e-06
-1.19109614e-06
-3.87083350e-07
4.49315206e-07
1.17505655e-06
1.71206501e-06
2.06846980e-06
2.31338105e-06
2.52607273e-06
2.75003929e-06
2.97262569e-06
3.13426072e-06
3.15828582e-06
2.98578213e-06
2.59963360e-06
2.02940309e-06
1.33969015e-06
6.10718551e-07
-7.83046276e-08
-6.55672456e-07
-1.05852336e-06
-1.24296287e-06
-1.20707265e-06
-1.01313433e-06
-7.88964089e-07
-6.96716739e-07
-8.75261762e-07
-1.37871611e-06
-2.13647651e-06
-2.95450245e-06
-3.57001372e-06
-3.75133937e-06
-3.40068881e-06
-2.60093654e-06
-1.57567941e-06
-5.86049678e-07
1.77780332e-07
6.57968786e-07
9.22655320e-07
1.10673315e-06
1.33556957e-06
1.66758326e-06
2.07689013e-06
2.47627768e-06
2.76154941e-06
2.85320770e-06
2.72049705e-06
2.38402845e-06
1.90295824e-06
1.35718573e-06
8.29585280e-07
3.88239528e-07
7.03320435e-08
-1.27582365e-07
-2.47244038e-07
-3.53260339e-07
-5.11145432e-07
-7.66878074e-07
-1.13380221e-06
-1.58987758e-06
-2.08467282e-06
-2.55115679e-06
-2.91712495e-06
-3.11595124e-06
-3.10156777e-06
-2.86662626e-06
-2.44961712e-06
-1.91770457e-06
-1.33028242e-06
-7.05392516e-07
-1.26128016e-08
7.99138387e-07
1.75121198e-06
2.78867460e-06
3.76567047e-06
4.47902220e-06
4.74328572e-06
4.47309410e-06
3.72552597e-06
2.67627672e-06
1.54773902e-06
5.32574690e-07
-2.53959747e-07
-7.85072308e-07
-1.10470758e-06
-1.29154152e-06
-1.41793935e-06
-1.52265916e-06
-1.61206432e-06
-1.68496019e-06
-1.75598989e-06
-1.85435664e-06
-1.99574108e-06
-2.14805080e-06
-2.22169302e-06
-2.10170020e-06
-1.70867882e-06
-1.05119004e-06
-2.34099079e-07
5.83848623e-07
1.25615172e-06
1.69841090e-06
1.89885135e-06
1.89430535e-06
1.73514806e-06
1.46271335e-06
1.10803735e-06
7.04182063e-07
2.96679612e-07
-6.02774282e-08
-3.21591150e-07
-4.68384869e-07
-5.09299970e-07
-4.65990707e-07
-3.57331177e-07
-1.94373731e-07
1.25119074e-08
2.40313808e-07
4.45532554e-07
5.74617905e-07
5.92717145e-07
5.11793937e-07
3.94238770e-07
3.24425198e-07
3.62347590e-07
5.04519743e-07
6.74271314e-07
7.48230288e-07
6.08064689e-07
1.95694588e-07
-4.52075059e-07
-1.20756968e-06
-1.89684478e-06
-2.36746274e-06
-2.54961640e-06
-2.47876747e-06
-2.26375712e-06
-2.01696432e-06
-1.78887091e-06
-1.54728090e-06
-1.21296809e-06
-7.26942254e-07
-1.03757626e-07
5.64204631e-07
1.15300977e-06
1.57390733e-06
1.81785348e-06
1.95204002e-06
2.07480074e-06
2.25700004e-06
2.50404699e-06
2.76016493e-06
2.94885110e-06
3.02275569e-06
2.99364646e-06
2.92617215e-06
2.90038088e-06
2.96310969e-06
3.09285093e-06
3.19795769e-06
3.15007487e-06
2.83200954e-06
2.17225284e-06
1.15440431e-06
-1.89668724e-07
-1.78864458e-06
-3.53790540e-06
-5.30901425e-06
-6.96455111e-06
-8.37488804e-06
-9.43699146e-06
-1.00949798e-05
-1.03555610e-05
-1.02879962e-05
-9.99973539e-06
-9.58631426e-06
-9.07280307e-06
-8.38168177e-06
-7.35658238e-06
-5.83841352e-06
-3.75393960e-06
-1.16614978e-06
1.74218619e-06
4.74060333e-06
7.63503341e-06
1.03169431e-05
1.27578194e-05
1.49638762e-05
1.69275118e-05
1.86061966e-05
1.99341987e-05
2.08497763e-05
2.13124545e-05
2.12951406e-05
2.07584367e-05
1.96317263e-05
1.78221100e-05
1.52509920e-05
1.18973740e-05
7.82452111e-06
3.18013553e-06
-1.82818271e-06
-6.97598869e-06
-1.20711529e-05
-1.69904847e-05
-2.16882387e-05
-2.61731455e-05
-3.04639232e-05
-3.45419204e-05
-3.83199873e-05
-4.16368674e-05
-4.42738758e-05
-4.59837861e-05
-4.65262853e-05
-4.57079944e-05
-4.34164139e-05
-3.96319907e-05
-3.44116053e-05
-2.78484896e-05
-2.00235880e-05
-1.09741944e-05
-7.06294217e-07
1.07444964e-05
2.32296290e-05
3.64245525e-05
4.98217493e-05
6.27919420e-05
7.46977208e-05
8.50221301e-05
9.34586210e-05
9.99087726e-05
1.04366870e-04
1.06725666e-04
1.06585658e-04
1.03170485e-04
9.54378590e-05
8.24183421e-05
6.37086254e-05
3.99206356e-05
1.28191475e-05
-1.50440180e-05
-4.11575962e-05
-6.39979883e-05
-8.35447576e-05
-1.00827817e-04
-1.16383973e-04
-1.28534267e-04
-1.33326651e-04
-1.27048601e-04
-1.09645365e-04
-8.65717740e-05
-6.82320929e-05
-6.67054411e-05
-8.94478447e-05
-1.33246184e-04
-1.84157681e-04
-2.24396537e-04
-2.41150108e-04
-2.31744067e-04
-2.03421880e-04
-1.69140019e-04
-1.39828344e-04
-1.16899445e-04
-9.26381918e-05
-5.65908233e-05
1.10464597e-06
8.83612538e-05
2.05158869e-04
3.37968299e-04
4.64648926e-04
5.68551827e-04
6.51310774e-04
7.35495419e-04
8.53293307e-04
1.02353103e-03
1.22502787e-03
1.38273813e-03
1.38617877e-03
1.14117500e-03
6.27648265e-04
-7.35402537e-05
-8.05247444e-04
-1.40674146e-03
-1.81044319e-03
-2.08901363e-03
-2.38280714e-03
-2.75576896e-03
-3.10087567e-03
-3.15889517e-03
-2.64985096e-03
-1.47020221e-03
1.72111145e-04
1.81109124e-03
2.93599356e-03
3.24756923e-03
2.80204178e-03
1.94234265e-03
1.09652661e-03
5.75653492e-04
4.65967883e-04
6.54186616e-04
9.26381440e-04
1.06979677e-03
9.58435015e-04
6.00112227e-04
1.13563401e-04
-3.51351193e-04
-6.93557980e-04
-8.91839645e-04
-9.83983317e-04
-1.02185655e-03
-1.02889830e-03
-9.85837210e-04
-8.56661107e-04
-6.33562040e-04
-3.58307157e-04
-9.78211401e-05
9.23749724e-05
1.84409048e-04
1.80375217e-04
1.08501341e-04
1.10290877e-05
-7.22872410e-05
-1.16495235e-04
-1.09515418e-04
-4.36650494e-05
7.64557727e-05
2.14338943e-04
3.00659731e-04
2.67982849e-04
1.01172239e-04
-1.37112672e-04
-3.31441769e-04
-3.74000908e-04
-2.19217995e-04
9.65595807e-05
4.71375031e-04
7.75129648e-04
8.98392578e-04
7.97895747e-04
5.15331303e-04
1.57996305e-04
-1.48783432e-04
-3.12791831e-04
-3.06925975e-04
-1.72134937e-04
4.80096491e-06
1.29199307e-04
1.37010223e-04
1.57811629e-05
-1.96195038e-04
-4.27070822e-04
-6.00514780e-04
-6.68909176e-04
-6.29722880e-04
-5.09187732e-04
-3.32898773e-04
-1.18408543e-04
1.10392792e-04
3.19066024e-04
4.76142037e-04
5.60111349e-04
5.51380952e-04
4.33260874e-04
2.14560039e-04
-5.08732052e-05
-2.75827775e-04
-3.78928889e-04
-3.21648453e-04
-1.23185227e-04
1.43405409e-04
3.73170031e-04
4.72029151e-04
4.02217497e-04
1.97054217e-04
-6.29721579e-05
-2.89751025e-04
-4.19806081e-04
-4.29475121e-04
-3.32930421e-04
-1.70210874e-04
7.09124056e-06
1.49593346e-04
2.20685804e-04
2.04933469e-04
1.16524632e-04
-1.01217434e-06
-9.18806416e-05
-1.14707737e-04
-6.24328863e-05
3.57764907e-05
1.30501165e-04
1.77538717e-04
1.59801118e-04
9.17566783e-05
4.41249552e-06
-7.33658155e-05
-1.23263733e-04
-1.38205868e-04
-1.21675135e-04
-8.68437695e-05
-5.19755574e-05
-2.99075854e-05
-1.84238255e-05
-2.73963913e-06
2.88239255e-05
7.03201048e-05
1.00567342e-04
9.97284075e-05
6.34296893e-05
5.46723605e-06
-4.99341357e-05
-8.08566559e-05
-7.80701412e-05
-4.76365506e-05
-4.74839506e-06
3.63079761e-05
6.74649750e-05
8.37638167e-05
8.00806319e-05
5.35016851e-05
8.00042304e-06
-4.28323519e-05
-7.81692067e-05
-8.06693168e-05
-5.00689975e-05
-7.38263733e-06
1.68062920e-05
3.75891387e-06
-3.79489006e-05
-7.55402533e-05
-7.35283989e-05
-2.02746419e-05
5.97345467e-05
1.19176557e-04
1.19304668e-04
5.74380380e-05
-2.91854431e-05
-8.64800146e-05
-7.80943257e-05
-8.16751194e-06
8.17283253e-05
-2.77251489e-08
1.44410229e-07
3.01710036e-07
4.31556825e-07
5.28129272e-07
5.91923950e-07
6.27301735e-07
6.39602754e-07
6.33196572e-07
6.10987066e-07
5.74962978e-07
5.26912417e-07
4.68597547e-07
4.01293791e-07
3.25184119e-07
2.39286005e-07
1.42308965e-07
3.42430303e-08
-8.21672759e-08
-2.01097217e-07
-3.14841177e-07
-4.15875951e-07
-4.98587831e-07
-5.59732141e-07
-5.97515972e-07
-6.10126207e-07
-5.95074838e-07
-5.50602074e-07
-4.79003960e-07
-3.89753776e-07
-2.99356084e-07
-2.26290564e-07
-1.82736498e-07
-1.67132591e-07
-1.61916313e-07
-1.39622059e-07
-7.63689397e-08
3.47104712e-08
1.80366541e-07
3.38348243e-07
4.94921324e-07
6.54753009e-07
8.33998873e-07
1.04037788e-06
1.25450479e-06
1.42579694e-06
1.48668754e-06
1.37815204e-06
1.07311849e-06
5.87373683e-07
-2.27871067e-08
-6.71157086e-07
-1.25726610e-06
-1.68749130e-06
-1.90026828e-06
-1.88652854e-06
-1.69301550e-06
-1.40303737e-06
-1.10186717e-06
-8.43976920e-07
-6.39232456e-07
-4.64301119e-07
-2.89980983e-07
-1.05765407e-07
7.38574051e-08
2.23833558e-07
3.31137706e-07
4.06663183e-07
4.77736473e-07
5.71184238e-07
7.02672468e-07
8.76384174e-07
1.08712263e-06
1.31710234e-06
1.52771371e-06
1.65622543e-06
1.63023492e-06
1.40035273e-06
9.72928490e-07
4.19882099e-07
-1.42760652e-07
-5.96171772e-07
-8.58888430e-07
-9.09351022e-07
-7.86058464e-07
-5.70297936e-07
-3.58400694e-07
-2.29476885e-07
-2.18741660e-07
-3.09662281e-07
-4.50276106e-07
-5.84764400e-07
-6.81693283e-07
-7.43538531e-07
-7.95342141e-07
-8.62487570e-07
-9.52259249e-07
-1.04814866e-06
-1.11476267e-06
-1.10693163e-06
-9.80552690e-07
-7.06213096e-07
-2.84115757e-07
2.45459277e-07
8.02205227e-07
1.28111188e-06
1.58311605e-06
1.65145634e-06
1.49730022e-06
1.19909673e-06
8.71061700e-07
6.13892881e-07
4.74545282e-07
4.38286254e-07
4.54274333e-07
4.73081515e-07
4.69983806e-07
4.43132730e-07
3.95642926e-07
3.20006150e-07
1.96961437e-07
8.39290148e-09
-2.45063454e-07
-5.34428671e-07
-8.09694204e-07
-1.02058594e-06
-1.13665033e-06
-1.15396947e-06
-1.08698619e-06
-9.54787826e-07
-7.72038594e-07
-5.47953023e-07
-2.90813310e-07
-1.47636925e-08
2.53027356e-07
4.67571231e-07
5.70272005e-07
5.08335531e-07
2.64687338e-07
-1.19631864e-07
-5.48150876e-07
-8.98059368e-07
-1.06222672e-06
-9.86938806e-07
-6.89746092e-07
-2.47630943e-07
2.40592685e-07
6.96395922e-07
1.08285018e-06
1.39602709e-06
1.63877645e-06
1.79809622e-06
1.84147407e-06
1.73415265e-06
1.46516095e-06
1.06343461e-06
5.92220210e-07
1.24326020e-07
-2.87516921e-07
-6.28272298e-07
-9.15742130e-07
-1.17660445e-06
-1.42002883e-06
-1.62613608e-06
-1.75468415e-06
-1.76658196e-06
-1.64573514e-06
-1.41040796e-06
-1.10851624e-06
-7.98907144e-07
-5.27873275e-07
-3.11911056e-07
-1.33636255e-07
4.80269016e-08
2.77127307e-07
5.78117424e-07
9.41357219e-07
1.32205298e-06
1.65263867e-06
1.86606848e-06
1.92254861e-06
1.82626994e-06
1.62070399e-06
1.36392311e-06
1.09920078e-06
8.38349533e-07
5.66182574e-07
2.62214787e-07
-7.44802723e-08
-4.14025399e-07
-7.06415695e-07
-9.07906185e-07
-1.00667444e-06
-1.03279241e-06
-1.04803831e-06
-1.12026544e-06
-1.29136954e-06
-1.55178933e-06
-1.83539161e-06
-2.03980730e-06
-2.06423812e-06
-1.84923513e-06
-1.40294956e-06
-8.04031240e-07
-1.80020341e-07
3.32592262e-07
6.34796503e-07
7.01761766e-07
5.93024307e-07
4.27276507e-07
3.29392696e-07
3.73979637e-07
5.53992022e-07
7.90720245e-07
9.79944359e-07
1.05072740e-06
1.00689598e-06
9.29506585e-07
9.37957256e-07
1.12865408e-06
1.52221666e-06
2.04651270e-06
2.56575560e-06
2.94181901e-06
3.09441861e-06
3.02665705e-06
2.80538453e-06
2.51283337e-06
2.19730688e-06
1.84611446e-06
1.39155769e-06
7.45625114e-07
-1.51884696e-07
-1.29165394e-06
-2.57888027e-06
-3.85258001e-06
-4.93453597e-06
-5.68891348e-06
-6.06693837e-06
-6.11663270e-06
-5.95417574e-06
-5.71073983e-06
-5.47939058e-06
-5.28671558e-06
-5.09991054e-06
-4.85984336e-06
-4.51760119e-06
-4.05355313e-06
-3.47061278e-06
-2.77096885e-06
-1.93650947e-06
-9.28327996e-07
2.94654311e-07
1.74879554e-06
3.40308255e-06
5.17305727e-06
6.93855816e-06
8.57905967e-06
1.00099368e-05
1.12028866e-05
1.21814004e-05
1.29934202e-05
1.36730560e-05
1.42074229e-05
1.45228699e-05
1.44971478e-05
1.39931582e-05
1.29012095e-05
1.11743881e-05
8.84540958e-06
6.02029892e-06
2.85093951e-06
-5.06427363e-07
-3.93491728e-06
-7.38566835e-06
-1.08748625e-05
-1.44477448e-05
-1.81271754e-05
-2.18718859e-05
-2.55625748e-05
-2.90179058e-05
-3.20269144e-05
-3.43798253e-05
-3.58875283e-05
-3.63915925e-05
-3.57731992e-05
-3.39653698e-05
-3.09623820e-05
-2.68149701e-05
-2.16067690e-05
-1.54215647e-05
-8.32110024e-06
-3.52253735e-07
8.41123062e-06
1.78120215e-05
2.75769604e-05
3.73452191e-05
4.67612283e-05
5.55897886e-05
6.37776952e-05
7.13936542e-05
7.84346571e-05
8.45762555e-05
8.90236042e-05
9.06286277e-05
8.83295811e-05
8.17581260e-05
7.16528402e-05
5.96695886e-05
4.73946413e-05
3.48274010e-05
1.91158300e-05
-5.42362562e-06
-4.52915562e-05
-1.03985147e-04
-1.77662274e-04
-2.52564550e-04
-3.06829540e-04
-3.17814917e-04
-2.72420334e-04
-1.75084905e-04
-4.89570009e-05
7.21859072e-05
1.58307739e-04
1.95325039e-04
1.88054692e-04
1.52279339e-04
1.03065734e-04
4.96422401e-05
-1.36789559e-06
-4.21826654e-05
-6.58272070e-05
-7.11941974e-05
-6.57556939e-05
-6.55555151e-05
-9.20546821e-05
-1.61707225e-04
-2.70410239e-04
-3.84043122e-04
-4.44573000e-04
-3.88922969e-04
-1.74529846e-04
1.91388746e-04
6.32800711e-04
1.01445902e-03
1.18869767e-03
1.06895540e-03
6.96094230e-04
2.58078139e-04
3.38890570e-05
2.55981986e-04
9.39359693e-04
1.77753991e-03
2.20219064e-03
1.63367626e-03
-1.68540276e-04
-2.84895075e-03
-5.47783157e-03
-6.90546356e-03
-6.30856649e-03
-3.64073110e-03
2.54417723e-04
3.94767591e-03
6.06229096e-03
5.93757816e-03
3.91222782e-03
1.05633700e-03
-1.41997693e-03
-2.71594977e-03
-2.68000767e-03
-1.68232229e-03
-3.04914281e-04
9.31810039e-04
1.70764817e-03
1.91233483e-03
1.60194637e-03
9.53958211e-04
2.06647482e-04
-4.18681418e-04
-7.84919720e-04
-8.68567488e-04
-7.38989155e-04
-5.06251868e-04
-2.71188120e-04
-9.52695789e-05
8.42501319e-06
6.10470507e-05
8.53425087e-05
7.77134393e-05
6.89256882e-06
-1.51865441e-04
-3.61069496e-04
-5.01869007e-04
-4.48550270e-04
-1.81389245e-04
1.76047786e-04
4.24817505e-04
4.09457863e-04
1.15991768e-04
-3.09373743e-04
-6.37817854e-04
-6.84170725e-04
-4.08808304e-04
6.05259658e-05
5.01473904e-04
7.20632626e-04
6.48347647e-04
3.55972200e-04
7.61347132e-07
-2.56441186e-04
-3.16044712e-04
-1.71644490e-04
9.54017626e-05
3.59194174e-04
5.09499654e-04
4.93242547e-04
3.23131104e-04
6.82281636e-05
-1.66535136e-04
-2.80361559e-04
-2.28714137e-04
-5.48665175e-05
1.27934957e-04
1.99258303e-04
1.01258372e-04
-1.29286284e-04
-3.87211032e-04
-5.62384222e-04
-5.91776937e-04
-4.69980902e-04
-2.31076565e-04
6.52414115e-05
3.33739979e-04
4.77859355e-04
4.36173212e-04
2.28968622e-04
-4.37507781e-05
-2.54792691e-04
-3.13991495e-04
-2.09648766e-04
-1.29239621e-05
1.60803459e-04
2.19677637e-04
1.50583373e-04
2.46013173e-05
-5.20228067e-05
-8.66078602e-06
1.42831350e-04
3.12853019e-04
3.87473688e-04
2.98926664e-04
6.70120188e-05
-2.14969749e-04
-4.33874176e-04
-5.11944895e-04
-4.34980496e-04
-2.49378322e-04
-3.74152512e-05
1.19065415e-04
1.76013088e-04
1.47335410e-04
8.82026997e-05
5.15128140e-05
5.56595522e-05
8.74182115e-05
1.28442293e-04
1.72373066e-04
2.16592335e-04
2.44290774e-04
2.21402165e-04
1.16310384e-04
-7.06314268e-05
-2.91148730e-04
-4.64015525e-04
-5.15373119e-04
-4.18748059e-04
-2.10814194e-04
2.65679531e-05
2.08762660e-04
2.87618322e-04
2.64425805e-04
1.77303989e-04
7.61624966e-05
-3.20264041e-06
-5.22893176e-05
-8.16459656e-05
-9.97584189e-05
-1.00313222e-04
-6.77857790e-05
8.72151883e-06
1.23303153e-04
2.44906416e-04
3.19142701e-04
2.89424902e-04
1.32345983e-04
-1.14502892e-04
-3.56788025e-04
-4.85908465e-04
-4.36862888e-04
-2.24838141e-04
6.13467147e-05
3.03498142e-04
4.11734236e-04
3.63854928e-04
2.05788811e-04
1.70800806e-05
-1.34041127e-04
-2.16470694e-04
-2.31276401e-04
-1.91219802e-04
-1.09368241e-04
-2.80188009e-06
0.00000000e+00
0.00000000e+00
0.00000000e+00
0.00000000e+00
0.00000000e+00
0.00000000e+00
0.00000000e+00
0.00000000e+00
0.00000000e+00
0.00000000e+00
0.00000000e+00
0.00000000e+00
0.00000000e+00
0.00000000e+00
0.00000000e+00
0.00000000e+00
0.00000000e+00
0.00000000e+00
0.00000000e+00
0.00000000e+00
0.00000000e+00
0.00000000e+00
0.00000000e+00
0.00000000e+00
0.00000000e+00
0.00000000e+00
0.00000000e+00
0.00000000e+00
0.00000000e+00
0.00000000e+00
0.00000000e+00
0.00000000e+00
0.00000000e+00
0.00000000e+00
0.00000000e+00
0.00000000e+00
0.00000000e+00
0.00000000e+00
0.00000000e+00
0.00000000e+00
0.00000000e+00
0.00000000e+00
0.00000000e+00
0.00000000e+00
0.00000000e+00
0.00000000e+00
0.00000000e+00
0.00000000e+00
0.00000000e+00
0.00000000e+00
0.00000000e+00
0.00000000e+00
0.00000000e+00
0.00000000e+00
0.00000000e+00
0.00000000e+00
0.00000000e+00
0.00000000e+00
0.00000000e+00
0.00000000e+00
0.00000000e+00
0.00000000e+00
0.00000000e+00
0.00000000e+00
0.00000000e+00
0.00000000e+00
0.00000000e+00
0.00000000e+00
0.00000000e+00
0.00000000e+00
0.00000000e+00
0.00000000e+00
0.00000000e+00
0.00000000e+00
0.00000000e+00
0.00000000e+00
0.00000000e+00
0.00000000e+00
0.00000000e+00
0.00000000e+00
0.00000000e+00
0.00000000e+00
0.00000000e+00
0.00000000e+00
0.00000000e+00
0.00000000e+00
0.00000000e+00
0.00000000e+00
0.00000000e+00
0.00000000e+00
0.00000000e+00
0.00000000e+00
0.00000000e+00
0.00000000e+00
0.00000000e+00
0.00000000e+00
0.00000000e+00
0.00000000e+00
0.00000000e+00
0.00000000e+00
0.00000000e+00
0.00000000e+00
0.00000000e+00
0.00000000e+00
0.00000000e+00
0.00000000e+00
0.00000000e+00
0.00000000e+00
0.00000000e+00
0.00000000e+00
0.00000000e+00
0.00000000e+00
0.00000000e+00
0.00000000e+00
0.00000000e+00
0.00000000e+00
0.00000000e+00
0.00000000e+00
0.00000000e+00
0.00000000e+00
0.00000000e+00
0.00000000e+00
0.00000000e+00
0.00000000e+00
0.00000000e+00
0.00000000e+00
0.00000000e+00
0.00000000e+00
0.00000000e+00
0.00000000e+00
0.00000000e+00
0.00000000e+00
0.00000000e+00
0.00000000e+00
0.00000000e+00
0.00000000e+00
0.00000000e+00
0.00000000e+00
0.00000000e+00
0.00000000e+00
0.00000000e+00
0.00000000e+00
0.00000000e+00
0.00000000e+00
0.00000000e+00
0.00000000e+00
0.00000000e+00
0.00000000e+00
0.00000000e+00
0.00000000e+00
0.00000000e+00
0.00000000e+00
0.00000000e+00
0.00000000e+00
0.00000000e+00
0.00000000e+00
0.00000000e+00
0.00000000e+00
0.00000000e+00
0.00000000e+00
0.00000000e+00
0.00000000e+00
0.00000000e+00
0.00000000e+00
-3.93730796e-06
-6.03756735e-06
-7.79642508e-06
-9.06361849e-06
-9.77691082e-06
-9.95611707e-06
-9.67470112e-06
-9.02613535e-06
-8.09953358e-06
-6.96995110e-06
-5.69960064e-06
-4.34178498e-06
-2.94120229e-06
-1.53013008e-06
-1.24926334e-07
1.27144825e-06
2.65791311e-06
4.01773074e-06
5.30318139e-06
6.43178629e-06
7.30006596e-06
7.81313962e-06
7.92037793e-06
7.64245651e-06
7.07601533e-06
6.36926815e-06
5.67243375e-06
5.07983248e-06
4.59033612e-06
4.10840741e-06
3.48787865e-06
2.59874598e-06
1.38737605e-06
-9.53175390e-08
-1.70861872e-06
-3.27079456e-06
-4.61694467e-06
-5.63820594e-06
-6.29002620e-06
-6.57810055e-06
-6.53884726e-06
-6.22641852e-06
-5.70649628e-06
-5.04879660e-06
-4.31385534e-06
-3.53948286e-06
-2.73748207e-06
-1.90591181e-06
-1.05051363e-06
-2.02623905e-07
5.77775638e-07
1.21930039e-06
1.67048421e-06
1.92814088e-06
2.04517145e-06
2.11037365e-06
2.20906928e-06
2.38593426e-06
2.62929151e-06
2.88224766e-06
3.07223634e-06
3.14204071e-06
3.06620304e-06
2.84772469e-06
2.50279548e-06
2.04654649e-06
1.48935390e-06
8.44142944e-07
1.37425610e-07
-5.84754197e-07
-1.26106599e-06
-1.82789201e-06
-2.23514853e-06
-2.45913699e-06
-2.50760612e-06
-2.41395362e-06
-2.22274531e-06
-1.97424952e-06
-1.69540517e-06
-1.39845820e-06
-1.08447495e-06
-7.49479810e-07
-3.90912458e-07
-1.09369299e-08
3.84089714e-07
7.84174123e-07
1.17266702e-06
1.52106069e-06
1.78807224e-06
1.92834025e-06
1.91000674e-06
1.73321329e-06
1.43787626e-06
1.09454045e-06
7.82292082e-07
5.63165778e-07
4.61381753e-07
4.53941848e-07
4.77300316e-07
4.50263292e-07
3.05439264e-07
1.52486872e-08
-3.98820205e-07
-8.75883161e-07
-1.33849447e-06
-1.72030014e-06
-1.98941218e-06
-2.15694438e-06
-2.26470941e-06
-2.35798197e-06
-2.45778639e-06
-2.54731219e-06
-2.57949841e-06
-2.50121738e-06
-2.28055803e-06
-1.92367487e-06
-1.47431728e-06
-9.96477727e-07
-5.46933047e-07
-1.48673267e-07
2.23050128e-07
6.32822311e-07
1.15548526e-06
1.83679334e-06
2.66187097e-06
3.54792709e-06
4.36908356e-06
5.00484651e-06
5.38983300e-06
5.54075593e-06
5.54666638e-06
5.52455018e-06
5.56015681e-06
5.66349574e-06
5.75952639e-06
5.71371767e-06
5.37732790e-06
4.63545616e-06
3.44535456e-06
1.85695665e-06
8.97079711e-09
-1.90493245e-06
-3.69683562e-06
-5.25392795e-06
-6.58572246e-06
-7.82131480e-06
-9.14879458e-06
-1.07147222e-05
-1.25238126e-05
-1.43892025e-05
-1.59741430e-05
-1.69348003e-05
-1.71245817e-05
-1.67651009e-05
-1.64598026e-05
-1.69641916e-05
-1.87423829e-05
-2.14922997e-05
-2.39260575e-05
-2.40527083e-05
-1.99842140e-05
-1.09428087e-05
2.11869971e-06
1.68310827e-05
3.07621866e-05
4.32759708e-05
5.66429322e-05
7.47216217e-05
9.92109338e-05
1.26324430e-04
1.46460517e-04
1.47333782e-04
1.19904815e-04
6.45011857e-05
-7.24724770e-06
-7.70596112e-05
-1.27647744e-04
-1.48742922e-04
-1.40397117e-04
-1.12993787e-04
-8.27630093e-05
-6.43194363e-05
-6.38989070e-05
-7.67584854e-05
-8.97574029e-05
-8.86449773e-05
-6.73926428e-05
-3.27771205e-05
-4.36809159e-07
1.51707796e-05
1.03352367e-05
-5.08357499e-06
-1.31299998e-05
7.68401165e-07
3.66049801e-05
7.84971320e-05
1.04736615e-04
1.00841323e-04
6.73287896e-05
1.95503378e-05
-1.91576813e-05
-2.85039397e-05
-2.53286638e-06
4.54068360e-05
8.98454741e-05
1.09332117e-04
9.90030990e-05
7.14982107e-05
5.15562794e-05
6.92383970e-05
1.49199667e-04
2.94155419e-04
4.68751795e-04
5.95556974e-04
5.71481110e-04
3.13731538e-04
-1.70758228e-04
-7.43760622e-04
-1.17708748e-03
-1.27917886e-03
-1.03091133e-03
-6.00712640e-04
-2.29359273e-04
-7.37959257e-05
-9.14983346e-05
-7.93712054e-05
1.11695381e-04
4.14317009e-04
6.32562543e-04
6.55006737e-04
5.36248491e-04
4.09221410e-04
3.47142663e-04
3.21003625e-04
2.64011026e-04
1.47460979e-04
5.57696781e-06
-9.59891847e-05
-1.22222702e-04
-9.87822449e-05
-7.35693581e-05
-6.26533135e-05
-5.11851991e-05
-3.96779350e-05
-4.69893052e-05
-6.98988579e-05
-8.66115976e-05
-9.17390399e-05
-1.00275868e-04
-1.18256616e-04
-1.26692197e-04
-1.06954177e-04
-6.66486958e-05
-3.11976827e-05
-2.15536168e-05
-4.05335487e-05
-6.99428163e-05
-8.41435650e-05
-7.16050931e-05
-4.01224977e-05
-1.94224185e-06
3.34543233e-05
5.41517357e-05
5.41819521e-05
4.94196251e-05
6.67766350e-05
1.11742531e-04
1.52008779e-04
1.41462162e-04
6.47488599e-05
-4.22228776e-05
-1.12901250e-04
-9.62134940e-05
5.05784931e-06
1.32672462e-04
2.10195363e-04
1.90171071e-04
7.96321930e-05
-6.79395868e-05
-1.85364086e-04
-2.27367073e-04
-1.90518044e-04
-1.08077689e-04
-2.37330702e-05
3.68464908e-05
7.41250116e-05
9.93596339e-05
1.17488001e-04
1.25064237e-04
1.14442795e-04
7.59474687e-05
1.94655629e-06
-1.00511654e-04
-1.98424043e-04
-2.41027258e-04
-1.89225530e-04
-5.05072602e-05
1.14054099e-04
2.22395509e-04
2.18366778e-04
1.03334338e-04
-6.63177575e-05
-2.10508174e-04
-2.64582420e-04
-2.07832878e-04
-6.94991223e-05
8.85082206e-05
2.01822578e-04
2.32641390e-04
1.87233139e-04
1.08600259e-04
4.15022879e-05
-2.62960342e-06
-4.51436304e-05
-1.05477279e-04
-1.69646927e-04
-1.95997663e-04
-1.51782836e-04
-4.23131494e-05
9.16570158e-05
1.99876042e-04
2.46828919e-04
2.20344981e-04
1.29389039e-04
-4.79017386e-07
-1.32069030e-04
-2.24548049e-04
-2.44643124e-04
-1.78137111e-04
-4.16016238e-05
1.12555645e-04
2.14998420e-04
2.17948111e-04
1.22725452e-04
-2.26047015e-05
-1.50464128e-04
-2.09658496e-04
-1.89507811e-04
-1.16774126e-04
-3.18398371e-05
3.51004191e-05
7.43792954e-05
9.20759130e-05
9.84011973e-05
9.92516921e-05
9.32053835e-05
7.51702063e-05
4.52794149e-05
-4.28453419e-07
-6.69462401e-07
-8.69012227e-07
-1.00443222e-06
-1.06476648e-06
-1.05117416e-06
-9.73954066e-07
-8.48048504e-07
-6.88775577e-07
-5.08757389e-07
-3.16292889e-07
-1.15154361e-07
9.41936651e-08
3.12045599e-07
5.36125189e-07
7.58665232e-07
9.65456746e-07
1.13804473e-06
1.25870113e-06
1.31575190e-06
1.30606449e-06
1.23309749e-06
1.10206413e-06
9.16021547e-07
6.76177491e-07
3.86635888e-07
5.97341162e-08
-2.83123222e-07
-6.17019516e-07
-9.22096515e-07
-1.18876625e-06
-1.41580251e-06
-1.60289686e-06
-1.74183551e-06
-1.81008317e-06
-1.77119776e-06
-1.58699646e-06
-1.24109464e-06
-7.61683801e-07
-2.25180623e-07
2.67746285e-07
6.32740766e-07
8.35185028e-07
8.97832065e-07
8.80704430e-07
8.46889004e-07
8.33825636e-07
8.44017507e-07
8.55887194e-07
8.43606603e-07
7.92728556e-07
7.05578561e-07
5.97911683e-07
4.90390246e-07
3.98719231e-07
3.28176017e-07
2.75164122e-07
2.29953408e-07
1.77611665e-07
1.03953961e-07
9.12323715e-09
-8.24378961e-08
-1.29283813e-07
-9.88687076e-08
1.91914331e-09
1.12393241e-07
1.33191276e-07
-3.15464674e-08
-4.20391636e-07
-9.71165067e-07
-1.51542031e-06
-1.83208591e-06
-1.74999979e-06
-1.24616934e-06
-4.72618973e-07
3.11937818e-07
8.64978414e-07
1.06619685e-06
9.51698083e-07
6.67577017e-07
3.79258868e-07
1.91339164e-07
1.14634292e-07
8.53175768e-08
1.89912694e-08
-1.31564729e-07
-3.46433259e-07
-5.48926816e-07
-6.46210659e-07
-5.77346869e-07
-3.45714224e-07
-2.18952409e-08
2.83282689e-07
4.65309553e-07
4.73309048e-07
3.32368777e-07
1.25219867e-07
-5.67509248e-08
-1.60640688e-07
-1.85057747e-07
-1.53402590e-07
-7.24058196e-08
8.57645028e-08
3.59003523e-07
7.47812015e-07
1.18343308e-06
1.53543330e-06
1.65464841e-06
1.43081499e-06
8.41470873e-07
-2.75307787e-08
-9.97348652e-07
-1.84125340e-06
-2.34897048e-06
-2.39415712e-06
-1.98045501e-06
-1.24030795e-06
-3.79687235e-07
4.04950884e-07
9.92668458e-07
1.35361299e-06
1.51463527e-06
1.50990084e-06
1.35630160e-06
1.06628640e-06
6.77144186e-07
2.61797162e-07
-9.74890206e-08
-3.58386934e-07
-5.53572404e-07
-7.76627670e-07
-1.11573673e-06
-1.57569566e-06
-2.04247799e-06
-2.31775371e-06
-2.20832243e-06
-1.62579039e-06
-6.47148452e-07
4.96731160e-07
1.50625390e-06
2.13422010e-06
2.28145286e-06
2.01727640e-06
1.51809620e-06
9.66700883e-07
4.76532980e-07
7.94140079e-08
-2.34352140e-07
-4.67603438e-07
-5.98775179e-07
-6.00024223e-07
-4.66272483e-07
-2.27612321e-07
6.55405030e-08
3.70938819e-07
6.70850808e-07
9.62237294e-07
1.22980028e-06
1.42454524e-06
1.46634095e-06
1.27295014e-06
8.02301743e-07
8.76891290e-08
-7.52205667e-07
-1.53928361e-06
-2.09551698e-06
-2.31221606e-06
-2.19459853e-06
-1.85820279e-06
-1.47716908e-06
-1.20747880e-06
-1.11936293e-06
-1.16881723e-06
-1.22198417e-06
-1.12326345e-06
-7.76245729e-07
-1.96825880e-07
4.91972587e-07
1.12183929e-06
1.56277051e-06
1.78107225e-06
1.84133179e-06
1.85599489e-06
1.91622122e-06
2.04490893e-06
2.19225180e-06
2.26674516e-06
2.17779596e-06
1.86666458e-06
1.31905101e-06
5.66535512e-07
-3.15614977e-07
-1.21353638e-06
-1.98850931e-06
-2.50466636e-06
-2.66642551e-06
-2.45000038e-06
-1.91262602e-06
-1.17710711e-06
-4.03258329e-07
2.41920668e-07
6.12225985e-07
6.11315855e-07
2.24425103e-07
-4.56570293e-07
-1.23525026e-06
-1.85791475e-06
-2.10047857e-06
-1.85916489e-06
-1.19698520e-06
-3.19251028e-07
5.11549566e-07
1.08268770e-06
1.31160952e-06
1.26526006e-06
1.11377495e-06
1.04255785e-06
1.16334607e-06
1.46549925e-06
1.82976052e-06
2.09384457e-06
2.13291269e-06
1.91512369e-06
1.50817761e-06
1.03647036e-06
6.12619635e-07
2.79756664e-07
-4.79644064e-09
-3.35182739e-07
-7.89173572e-07
-1.36347803e-06
-1.95185088e-06
-2.38558561e-06
-2.51931394e-06
-2.31616658e-06
-1.88300305e-06
-1.42816641e-06
-1.15571790e-06
-1.15258226e-06
-1.33724274e-06
-1.50266684e-06
-1.42608128e-06
-9.82862070e-07
-2.07821956e-07
7.22369040e-07
1.57149083e-06
2.14406164e-06
2.35284575e-06
2.23052436e-06
1.89693591e-06
1.50670917e-06
1.19909041e-06
1.06412228e-06
1.12716904e-06
1.34644644e-06
1.62126182e-06
1.81278085e-06
1.77818977e-06
1.41560778e-06
7.07109912e-07
-2.62179112e-07
-1.32155894e-06
-2.26090789e-06
-2.88786484e-06
-3.08054706e-06
-2.82367620e-06
-2.21628919e-06
-1.44403109e-06
-7.20602047e-07
-2.16898763e-07
-6.54974052e-09
-5.22400190e-08
-2.35747545e-07
-4.13994757e-07
-4.75612858e-07
-3.75208710e-07
-1.33258055e-07
1.91403808e-07
5.33571258e-07
8.39938816e-07
1.07059475e-06
1.19305712e-06
1.18313950e-06
1.03748969e-06
7.88020610e-07
5.01058539e-07
2.52846427e-07
9.49899273e-08
3.50816847e-08
4.83508206e-08
1.12787472e-07
2.37878279e-07
4.57728161e-07
7.89065839e-07
1.18770703e-06
1.54351613e-06
1.72522832e-06
1.64515814e-06
1.29588962e-06
7.36908608e-07
5.12337464e-08
-6.90214925e-07
-1.43822583e-06
-2.15527785e-06
-2.79831353e-06
-3.30711155e-06
-3.60862449e-06
-3.63783741e-06
-3.36296504e-06
-2.80025609e-06
-2.01553789e-06
-1.11716052e-06
-2.40240680e-07
4.82887821e-07
9.63692195e-07
1.19170059e-06
1.23732950e-06
1.21669678e-06
1.24166789e-06
1.38600563e-06
1.67680970e-06
2.09906765e-06
2.60120467e-06
3.10082129e-06
3.49460926e-06
3.67682774e-06
3.57103118e-06
3.16833680e-06
2.54889985e-06
1.86491405e-06
1.28351901e-06
9.12249774e-07
7.45241262e-07
6.63992282e-07
4.95682602e-07
9.82116164e-08
-5.70964970e-07
-1.43575881e-06
-2.34219441e-06
-3.13837145e-06
-3.75047635e-06
-4.21418219e-06
-4.64511007e-06
-5.16371233e-06
-5.81374454e-06
-6.51757197e-06
-7.09644577e-06
-7.35207514e-06
-7.17231093e-06
-6.60819051e-06
-5.87390069e-06
-5.24782595e-06
-4.89847956e-06
-4.71189382e-06
-4.23038479e-06
-2.79429204e-06
1.09917034e-07
4.43128760e-06
9.32180100e-06
1.33488498e-05
1.52315619e-05
1.48411300e-05
1.38678728e-05
1.54852063e-05
2.27318107e-05
3.61144618e-05
5.17342589e-05
6.16688811e-05
5.75239304e-05
3.55452620e-05
-2.28364311e-07
-3.90322053e-05
-6.82582082e-05
-8.01047322e-05
-7.61305547e-05
-6.55136552e-05
-5.77424857e-05
-5.60079469e-05
-5.66370569e-05
-5.34597568e-05
-4.19625084e-05
-2.09371524e-05
7.33720738e-06
3.77181279e-05
6.42079638e-05
8.28517408e-05
9.32224265e-05
9.68301353e-05
9.35343488e-05
8.00774855e-05
5.36652573e-05
1.72782695e-05
-1.95761893e-05
-4.61526571e-05
-5.67273481e-05
-5.30175257e-05
-4.21757308e-05
-3.20999119e-05
-2.70159135e-05
-2.57219443e-05
-2.35746305e-05
-1.72206591e-05
-8.12810828e-06
-1.54444805e-06
-1.57836218e-06
-7.05901535e-06
-1.26049314e-05
-1.36855707e-05
-1.01990512e-05
-5.14190346e-06
-6.19965354e-07
3.30438354e-06
5.77144527e-06
4.37711727e-06
-8.72293539e-07
-5.13411160e-06
-1.88550873e-06
1.18955156e-05
3.30752768e-05
5.36150874e-05
6.44047720e-05
6.03139755e-05
4.38992081e-05
2.47122166e-05
1.38193577e-05
1.67878731e-05
2.97869568e-05
4.10025387e-05
3.75107944e-05
1.46681318e-05
-1.94037666e-05
-4.98541950e-05
-6.69293738e-05
-7.33141302e-05
-8.18921132e-05
-1.05675754e-04
-1.46208026e-04
-1.87401628e-04
-1.99683634e-04
-1.54372705e-04
-4.15623597e-05
1.17755379e-04
2.71568439e-04
3.52268138e-04
3.07749233e-04
1.35541721e-04
-1.01686781e-04
-2.95383363e-04
-3.42885922e-04
-2.05295431e-04
6.40425226e-05
3.39820005e-04
4.85279791e-04
4.19806709e-04
1.59899842e-04
-1.82292606e-04
-4.48500582e-04
-5.13119678e-04
-3.48355955e-04
-3.82572681e-05
2.70302602e-04
4.46345304e-04
4.33210383e-04
2.61598416e-04
2.18200018e-05
-1.81838667e-04
-2.73775211e-04
-2.35241628e-04
-1.09686545e-04
1.85198579e-05
6.62453696e-05
-4.14129260e-06
-1.62647319e-04
-3.25120784e-04
-3.97342426e-04
-3.23489190e-04
-1.14280577e-04
1.55387196e-04
3.77387380e-04
4.58859969e-04
3.69514053e-04
1.62496795e-04
-5.04114064e-05
-1.60506049e-04
-1.23281278e-04
2.23483304e-05
1.86262070e-04
2.80680692e-04
2.60484772e-04
1.35509022e-04
-4.00159138e-05
-1.95586952e-04
-2.80808684e-04
-2.87642950e-04
-2.43209180e-04
-1.81751535e-04
-1.21108217e-04
-5.96385618e-05
1.27574762e-05
1.02536918e-04
1.99727789e-04
2.69756450e-04
2.65873032e-04
1.61923172e-04
-1.91569503e-05
-2.07730205e-04
-3.19991166e-04
-2.98873370e-04
-1.43605670e-04
8.47171222e-05
2.87392041e-04
0.00000000e+00
-3.63873551e-09
2.18095961e-07
4.16287306e-07
5.72596732e-07
6.78242736e-07
7.33974741e-07
7.47240648e-07
7.28322756e-07
6.87082132e-07
6.31106794e-07
5.65183986e-07
4.91595119e-07
4.10815612e-07
3.22489455e-07
2.26684727e-07
1.25284565e-07
2.30674075e-08
-7.20971223e-08
-1.50376602e-07
-2.02626462e-07
-2.24241701e-07
-2.18861762e-07
-1.99726727e-07
-1.86991649e-07
-2.01119268e-07
-2.54325056e-07
-3.43499905e-07
-4.48426937e-07
-5.37004821e-07
-5.76216653e-07
-5.45380697e-07
-4.46417141e-07
-3.05441029e-07
-1.62861274e-07
-5.57940658e-08
-2.02546215e-09
6.26739333e-09
-3.63587809e-09
-6.96394245e-10
3.19834391e-08
8.73467051e-08
1.41313723e-07
1.73739098e-07
1.88417049e-07
2.16851193e-07
3.00617006e-07
4.61853713e-07
6.81787339e-07
9.02976457e-07
1.05337019e-06
1.07586365e-06
9.48905024e-07
6.93474575e-07
3.66978828e-07
4.40091040e-08
-2.13313605e-07
-3.83065265e-07
-4.93547783e-07
-6.08358276e-07
-7.91917878e-07
-1.07026627e-06
-1.40621568e-06
-1.70572032e-06
-1.85754110e-06
-1.78616184e-06
-1.48868996e-06
-1.03761624e-06
-5.50303072e-07
-1.39422922e-07
1.34455253e-07
2.86302645e-07
3.93934091e-07
5.56410811e-07
8.45496921e-07
1.27148199e-06
1.77400407e-06
2.23964511e-06
2.54123785e-06
2.58467861e-06
2.34309887e-06
1.86288680e-06
1.24181337e-06
5.94799071e-07
2.19625412e-08
-4.15160840e-07
-7.05515616e-07
-8.84322835e-07
-1.01358189e-06
-1.15469695e-06
-1.34243467e-06
-1.56793606e-06
-1.77768409e-06
-1.89316836e-06
-1.84785571e-06
-1.62460225e-06
-1.27116534e-06
-8.81719908e-07
-5.51203199e-07
-3.27722852e-07
-1.92777798e-07
-8.25925405e-08
6.50773023e-08
2.70704480e-07
5.02124632e-07
6.94839170e-07
7.88022938e-07
7.54799599e-07
6.13866011e-07
4.24726010e-07
2.74189962e-07
2.54052399e-07
4.26843630e-07
7.91046146e-07
1.27029070e-06
1.73880655e-06
2.06787550e-06
2.16609815e-06
1.99924285e-06
1.59219428e-06
1.01922602e-06
3.85877468e-07
-1.97310928e-07
-6.48974065e-07
-9.48778881e-07
-1.14588757e-06
-1.33010066e-06
-1.57606609e-06
-1.89344780e-06
-2.21633966e-06
-2.43969310e-06
-2.47801292e-06
-2.30810032e-06
-1.97236616e-06
-1.54687846e-06
-1.09771602e-06
-6.52948142e-07
-2.05612604e-07
2.59593860e-07
7.41103308e-07
1.21567000e-06
1.64847648e-06
2.00282600e-06
2.24481378e-06
2.34591203e-06
2.28646614e-06
2.06247630e-06
1.69441133e-06
1.23267653e-06
7.52404578e-07
3.33348439e-07
3.03875226e-08
-1.49887864e-07
-2.49905649e-07
-3.35757030e-07
-4.60402962e-07
-6.36461945e-07
-8.31411867e-07
-9.85465639e-07
-1.04227796e-06
-9.76153169e-07
-8.02932763e-07
-5.72417826e-07
-3.48182352e-07
-1.84984948e-07
-1.13206043e-07
-1.33764931e-07
-2.22265143e-07
-3.38852514e-07
-4.39164859e-07
-4.85084892e-07
-4.55821032e-07
-3.55379083e-07
-2.10350008e-07
-5.67579873e-08
7.77203446e-08
1.85472138e-07
2.75716409e-07
3.57225111e-07
4.19678847e-07
4.29449822e-07
3.47463970e-07
1.60509672e-07
-9.57824406e-08
-3.41371512e-07
-4.84910736e-07
-4.66956772e-07
-2.87699324e-07
-4.21346167e-09
2.98631306e-07
5.47029555e-07
7.07599566e-07
7.92544797e-07
8.39279567e-07
8.77688704e-07
9.05268321e-07
8.87420392e-07
7.84861653e-07
5.89151963e-07
3.39697166e-07
1.10022837e-07
-2.82874235e-08
-4.34759752e-08
3.80125711e-08
1.42972135e-07
1.86455472e-07
1.10086475e-07
-9.86038601e-08
-4.13787504e-07
-7.94046672e-07
-1.20041441e-06
-1.59886387e-06
-1.95056843e-06
-2.20193864e-06
-2.28625363e-06
-2.14138963e-06
-1.73841096e-06
-1.10707821e-06
-3.41892199e-07
4.19361726e-07
1.03746973e-06
1.41503627e-06
1.52412655e-06
1.41085439e-06
1.17754726e-06
9.48199230e-07
8.28050557e-07
8.70463530e-07
1.06028067e-06
1.31908154e-06
1.53429881e-06
1.60218122e-06
1.46480584e-06
1.12673533e-06
6.48638350e-07
1.23480195e-07
-3.55033641e-07
-7.20266393e-07
-9.47551119e-07
-1.05322390e-06
-1.08049581e-06
-1.07727790e-06
-1.07277002e-06
-1.06240205e-06
-1.01157217e-06
-8.81269936e-07
-6.63030034e-07
-3.99588662e-07
-1.72608814e-07
-5.99630317e-08
-8.82109983e-08
-2.13340445e-07
-3.45596219e-07
-4.01411595e-07
-3.44553599e-07
-1.89481345e-07
2.66713700e-08
2.73411533e-07
5.32811766e-07
7.82378426e-07
9.78304444e-07
1.06286476e-06
9.95967274e-07
7.86418819e-07
4.96720907e-07
2.15580279e-07
1.42315307e-08
-8.80036859e-08
-1.28732779e-07
-1.74228085e-07
-2.74736360e-07
-4.32171334e-07
-5.97848791e-07
-6.95880403e-07
-6.57793496e-07
-4.55895467e-07
-1.24649046e-07
2.39788616e-07
5.07469717e-07
5.67398718e-07
3.86613332e-07
4.21784590e-08
-2.99994599e-07
-4.55910371e-07
-3.10326300e-07
1.23990560e-07
7.05774231e-07
1.22478300e-06
1.49075865e-06
1.40598328e-06
9.90209980e-07
3.58570541e-07
-3.25761034e-07
-9.03320250e-07
-1.26095444e-06
-1.35652883e-06
-1.22152323e-06
-9.42288289e-07
-6.29112205e-07
-3.85228850e-07
-2.80853340e-07
-3.33447192e-07
-5.00739618e-07
-6.93823125e-07
-8.08896184e-07
-7.67189878e-07
-5.47056030e-07
-1.93723723e-07
2.00139830e-07
5.37631375e-07
7.63984032e-07
8.89122975e-07
9.72121674e-07
1.07884712e-06
1.23801048e-06
1.41671532e-06
1.52860837e-06
1.47437069e-06
1.19510672e-06
7.09480571e-07
1.15716732e-07
-4.40089814e-07
-8.13742860e-07
-9.13301994e-07
-7.37564564e-07
-3.89300132e-07
-4.72886755e-08
1.04297672e-07
-3.85966962e-08
-4.47925977e-07
-9.79982032e-07
-1.45014392e-06
-1.71885538e-06
-1.74087259e-06
-1.55810811e-06
-1.25198412e-06
-8.90902059e-07
-5.04492752e-07
-9.40399817e-08
3.37925854e-07
7.65223228e-07
1.13627736e-06
1.39051923e-06
1.48305032e-06
1.40525223e-06
1.19081814e-06
9.05906069e-07
6.32338624e-07
4.50849748e-07
4.24130358e-07
5.77959092e-07
8.82557788e-07
1.24433014e-06
1.52094942e-06
1.56312349e-06
1.27078232e-06
6.38943217e-07
-2.31005843e-07
-1.16295070e-06
-1.96782757e-06
-2.50890388e-06
-2.74381535e-06
-2.72686429e-06
-2.57166762e-06
-2.39160983e-06
-2.24504686e-06
-2.11086751e-06
-1.90434402e-06
-1.52281235e-06
-9.00647174e-07
-5.10359838e-08
9.23861145e-07
1.85995073e-06
2.58515966e-06
2.97986991e-06
3.02039226e-06
2.78658193e-06
2.42812956e-06
2.10202347e-06
1.90808374e-06
1.85395509e-06
1.86711007e-06
1.84384406e-06
1.70421372e-06
1.42314118e-06
1.02695213e-06
5.66644174e-07
8.71506938e-08
-3.93341411e-07
-8.86551108e-07
-1.42125032e-06
-2.02381399e-06
-2.70048911e-06
-3.42351033e-06
-4.12089297e-06
-4.67629174e-06
-4.94763274e-06
-4.80490778e-06
-4.17499098e-06
-3.07647124e-06
-1.63892348e-06
-1.09345771e-07
1.19677830e-06
2.04084352e-06
2.37110037e-06
2.38436598e-06
2.60746045e-06
3.57124992e-06
4.98632805e-06
5.56677945e-06
3.99155644e-06
-1.55138441e-07
-6.20499796e-06
-1.23500767e-05
-1.59649124e-05
-1.48191319e-05
-8.14041720e-06
3.10311838e-06
1.62811833e-05
2.80389680e-05
3.58746125e-05
3.87119827e-05
3.61763455e-05
2.81985459e-05
1.54000255e-05
-8.14861639e-07
-1.82923334e-05
-3.41611468e-05
-4.54266769e-05
-5.01137963e-05
-4.82210061e-05
-4.15098490e-05
-3.21970127e-05
-2.19890709e-05
-1.22736865e-05
-4.31579294e-06
1.46663463e-06
6.35561510e-06
1.30689994e-05
2.38996404e-05
3.82064918e-05
5.14842547e-05
5.73491748e-05
5.13835548e-05
3.43401474e-05
1.25190229e-05
-5.15576034e-06
-1.17144629e-05
-5.79124916e-06
7.36589947e-06
1.78418714e-05
1.56301536e-05
-3.67633894e-06
-3.49977275e-05
-6.53382656e-05
-8.06321911e-05
-7.25022714e-05
-4.18558315e-05
6.12563113e-07
3.78320361e-05
5.38957318e-05
4.28851481e-05
1.31831057e-05
-1.70453643e-05
-3.09652405e-05
-2.29289215e-05
-4.17934415e-07
2.21904844e-05
3.27111121e-05
2.77524433e-05
1.34917649e-05
1.33361459e-07
-5.64703567e-06
-4.08443543e-06
-9.57727975e-08
1.02436315e-06
-3.56066855e-06
-1.33938969e-05
-2.42224821e-05
-2.83798649e-05
-1.94729430e-05
5.91052090e-07
2.03581074e-05
2.64804870e-05
1.43418308e-05
-7.13989467e-06
-2.17230596e-05
-1.79550457e-05
4.19606397e-06
3.61359036e-05
6.67664371e-05
8.61191279e-05
8.64421269e-05
6.41486089e-05
2.59962063e-05
-9.36239168e-06
-2.44934813e-05
-1.89584076e-05
-1.02985772e-05
-1.88250423e-05
-5.10183350e-05
-9.67173396e-05
-1.38644448e-04
-1.62568351e-04
-1.59567284e-04
-1.25066348e-04
-6.38142970e-05
5.02842233e-06
5.37486881e-05
6.23945556e-05
3.43885861e-05
-8.42823079e-07
-1.71180238e-06
0.00000000e+00
0.00000000e+00
0.00000000e+00
0.00000000e+00
0.00000000e+00
0.00000000e+00
0.00000000e+00
0.00000000e+00
0.00000000e+00
0.00000000e+00
0.00000000e+00
0.00000000e+00
0.00000000e+00
0.00000000e+00
0.00000000e+00
0.00000000e+00
0.00000000e+00
0.00000000e+00
0.00000000e+00
0.00000000e+00
0.00000000e+00
0.00000000e+00
0.00000000e+00
0.00000000e+00
0.00000000e+00
0.00000000e+00
0.00000000e+00
0.00000000e+00
0.00000000e+00
0.00000000e+00
0.00000000e+00
0.00000000e+00
0.00000000e+00
0.00000000e+00
0.00000000e+00
0.00000000e+00
0.00000000e+00
0.00000000e+00
0.00000000e+00
0.00000000e+00
0.00000000e+00
0.00000000e+00
0.00000000e+00
0.00000000e+00
0.00000000e+00
0.00000000e+00
0.00000000e+00
0.00000000e+00
0.00000000e+00
0.00000000e+00
0.00000000e+00
0.00000000e+00
0.00000000e+00
0.00000000e+00
0.00000000e+00
0.00000000e+00
0.00000000e+00
0.00000000e+00
0.00000000e+00
0.00000000e+00
0.00000000e+00
0.00000000e+00
0.00000000e+00
0.00000000e+00
0.00000000e+00
0.00000000e+00
0.00000000e+00
0.00000000e+00
0.00000000e+00
0.00000000e+00
0.00000000e+00
0.00000000e+00
0.00000000e+00
0.00000000e+00
0.00000000e+00
0.00000000e+00
0.00000000e+00
0.00000000e+00
0.00000000e+00
0.00000000e+00
0.00000000e+00
0.00000000e+00
0.00000000e+00
0.00000000e+00
0.00000000e+00
0.00000000e+00
0.00000000e+00
0.00000000e+00
0.00000000e+00
0.00000000e+00
0.00000000e+00
0.00000000e+00
0.00000000e+00
0.00000000e+00
0.00000000e+00
0.00000000e+00
0.00000000e+00
0.00000000e+00
0.00000000e+00
0.00000000e+00
0.00000000e+00
0.00000000e+00
0.00000000e+00
0.00000000e+00
0.00000000e+00
0.00000000e+00
0.00000000e+00
0.00000000e+00
0.00000000e+00
0.00000000e+00
0.00000000e+00
0.00000000e+00
0.00000000e+00
0.00000000e+00
0.00000000e+00
0.00000000e+00
0.00000000e+00
0.00000000e+00
0.00000000e+00
0.00000000e+00
0.00000000e+00
0.00000000e+00
0.00000000e+00
0.00000000e+00
0.00000000e+00
0.00000000e+00
0.00000000e+00
0.00000000e+00
0.00000000e+00
0.00000000e+00
0.00000000e+00
0.00000000e+00
0.00000000e+00
0.00000000e+00
0.00000000e+00
0.00000000e+00
0.00000000e+00
0.00000000e+00
0.00000000e+00
0.00000000e+00
0.00000000e+00
0.00000000e+00
0.00000000e+00
0.00000000e+00
0.00000000e+00
0.00000000e+00
0.00000000e+00
0.00000000e+00
0.00000000e+00
0.00000000e+00
0.00000000e+00
0.00000000e+00
0.00000000e+00
0.00000000e+00
0.00000000e+00
0.00000000e+00
0.00000000e+00
0.00000000e+00
0.00000000e+00
0.00000000e+00
0.00000000e+00
0.00000000e+00
0.00000000e+00
0.00000000e+00
0.00000000e+00
0.00000000e+00
0.00000000e+00
0.00000000e+00
0.00000000e+00
0.00000000e+00
0.00000000e+00
0.00000000e+00
0.00000000e+00
0.00000000e+00
0.00000000e+00
0.00000000e+00
0.00000000e+00
0.00000000e+00
0.00000000e+00
0.00000000e+00
0.00000000e+00
0.00000000e+00
0.00000000e+00
0.00000000e+00
0.00000000e+00
0.00000000e+00
0.00000000e+00
0.00000000e+00
0.00000000e+00
0.00000000e+00
0.00000000e+00
0.00000000e+00
0.00000000e+00
0.00000000e+00
0.00000000e+00
0.00000000e+00
0.00000000e+00
0.00000000e+00
0.00000000e+00
0.00000000e+00
0.00000000e+00
0.00000000e+00
0.00000000e+00
0.00000000e+00
0.00000000e+00
0.00000000e+00
0.00000000e+00
0.00000000e+00
0.00000000e+00
0.00000000e+00
0.00000000e+00
0.00000000e+00
0.00000000e+00
0.00000000e+00
0.00000000e+00
0.00000000e+00
0.00000000e+00
0.00000000e+00
0.00000000e+00
0.00000000e+00
0.00000000e+00
0.00000000e+00
0.00000000e+00
0.00000000e+00
0.00000000e+00
0.00000000e+00
0.00000000e+00
0.00000000e+00
0.00000000e+00
0.00000000e+00
0.00000000e+00
0.00000000e+00
0.00000000e+00
0.00000000e+00
0.00000000e+00
0.00000000e+00
0.00000000e+00
0.00000000e+00
0.00000000e+00
0.00000000e+00
0.00000000e+00
0.00000000e+00
0.00000000e+00
0.00000000e+00
0.00000000e+00
0.00000000e+00
0.00000000e+00
0.00000000e+00
0.00000000e+00
0.00000000e+00
0.00000000e+00
0.00000000e+00
0.00000000e+00
0.00000000e+00
0.00000000e+00
0.00000000e+00
0.00000000e+00
0.00000000e+00
0.00000000e+00
0.00000000e+00
0.00000000e+00
0.00000000e+00
0.00000000e+00
0.00000000e+00
0.00000000e+00
0.00000000e+00
0.00000000e+00
0.00000000e+00
0.00000000e+00
0.00000000e+00
0.00000000e+00
0.00000000e+00
1.65090949e-07
2.22098957e-07
2.67448733e-07
3.02433641e-07
3.30918224e-07
3.56832287e-07
3.81452725e-07
4.02091636e-07
4.13248322e-07
4.10051855e-07
3.92392208e-07
3.67225825e-07
3.47087853e-07
3.44768371e-07
3.66459345e-07
4.07154309e-07
4.51175471e-07
4.77082503e-07
4.62938439e-07
3.88315398e-07
2.33569393e-07
-1.92560247e-08
-3.78983258e-07
-8.30595875e-07
-1.32102055e-06
-1.75853124e-06
-2.03356900e-06
-2.05580824e-06
-1.79205326e-06
-1.28850362e-06
-6.66660631e-07
-8.94398214e-08
2.95820641e-07
4.16630954e-07
3.06966818e-07
9.05245223e-08
-7.86011741e-08
-8.69743397e-08
9.38946648e-08
4.11897402e-07
7.78292039e-07
1.11953054e-06
1.40546500e-06
1.64276185e-06
1.84538300e-06
2.00400632e-06
2.07308494e-06
1.98266088e-06
1.66809644e-06
1.10396576e-06
3.28428384e-07
-5.53664473e-07
-1.39394987e-06
-2.04274838e-06
-2.39353466e-06
-2.41229415e-06
-2.14126373e-06
-1.67839723e-06
-1.14389685e-06
-6.46497289e-07
-2.57289071e-07
3.87055161e-09
1.63856348e-07
2.72069533e-07
3.66779047e-07
4.52560683e-07
5.05171050e-07
5.01206559e-07
4.48953094e-07
3.92924007e-07
3.85742025e-07
4.48577748e-07
5.49985044e-07
6.19065761e-07
5.84964937e-07
4.18335433e-07
1.51788878e-07
-1.31747594e-07
-3.38051488e-07
-4.07904637e-07
-3.47037548e-07
-2.24856714e-07
-1.40874171e-07
-1.73994126e-07
-3.41312730e-07
-5.89176262e-07
-8.19810034e-07
-9.36617959e-07
-8.84087825e-07
-6.65709493e-07
-3.37020151e-07
1.86817843e-08
3.18974667e-07
5.03775392e-07
5.46564374e-07
4.59452064e-07
2.93492206e-07
1.29456586e-07
5.56257767e-08
1.36385654e-07
3.83155861e-07
7.43074642e-07
1.11518552e-06
1.38922315e-06
1.48906346e-06
1.40110622e-06
1.17576798e-06
9.02238545e-07
6.69580117e-07
5.32733451e-07
4.94947059e-07
5.09645937e-07
5.00629741e-07
3.92887906e-07
1.40656250e-07
-2.58484365e-07
-7.67185579e-07
-1.32590010e-06
-1.87421787e-06
-2.36493015e-06
-2.76525344e-06
-3.04870424e-06
-3.18989353e-06
-3.17271431e-06
-3.00757151e-06
-2.74171214e-06
-2.45047623e-06
-2.20956844e-06
-2.05830821e-06
-1.96718673e-06
-1.82289170e-06
-1.44302018e-06
-6.28291954e-07
7.49945569e-07
2.65041726e-06
4.80305999e-06
6.75282620e-06
8.03328208e-06
8.41687296e-06
8.10383674e-06
7.69780946e-06
7.88862023e-06
8.91468193e-06
1.01423992e-05
1.01204785e-05
7.16432936e-06
2.39879758e-07
-1.00724838e-05
-2.09093509e-05
-2.78650124e-05
-2.73735969e-05
-1.89186803e-05
-5.36296898e-06
7.93911292e-06
1.50758587e-05
1.29171131e-05
3.65569494e-06
-6.16471170e-06
-1.00643803e-05
-5.94539577e-06
3.77803435e-06
1.44791784e-05
2.11241539e-05
2.01140264e-05
1.15644045e-05
-1.16511159e-06
-1.38674242e-05
-2.28813741e-05
-2.55698673e-05
-2.11889269e-05
-1.16613759e-05
-4.78861309e-07
8.99980500e-06
1.43116405e-05
1.39914343e-05
8.30741379e-06
2.84637384e-07
-5.23988582e-06
-5.15672477e-06
-3.61890983e-07
5.73449803e-06
1.01253250e-05
1.12207613e-05
9.08992247e-06
6.09585083e-06
5.87827739e-06
1.04232454e-05
1.81375742e-05
2.43921596e-05
2.41950357e-05
1.50402534e-05
-1.55609842e-06
-2.06685831e-05
-3.61844337e-05
-4.32182782e-05
-3.96287509e-05
-2.71729387e-05
-1.12823112e-05
1.55056743e-06
6.58101866e-06
2.83242801e-06
-6.53128766e-06
-1.59358601e-05
-2.03233242e-05
-1.77600674e-05
-9.90500171e-06
7.83112648e-08
8.86157949e-06
1.30247982e-05
1.18319212e-05
8.65963785e-06
8.14192195e-06
1.28608719e-05
2.17079707e-05
3.09987152e-05
3.74084650e-05
3.95673755e-05
3.79980255e-05
3.40885593e-05
2.91315793e-05
2.38102217e-05
1.86983587e-05
1.50685700e-05
1.30454069e-05
9.47777100e-06
-1.00464653e-06
-2.34870883e-05
-5.96041174e-05
-1.04434832e-04
-1.45724658e-04
-1.67289329e-04
-1.55038178e-04
-1.03761878e-04
-2.27084737e-05
6.53376756e-05
1.32587075e-04
1.57748582e-04
1.35898904e-04
8.23278700e-05
2.64470881e-05
-9.54641371e-09
1.89530617e-08
4.36121570e-08
6.17557656e-08
7.22268465e-08
7.53612685e-08
7.25224453e-08
6.54883630e-08
5.59635609e-08
4.53487828e-08
3.47457214e-08
2.50806979e-08
1.72181045e-08
1.19748899e-08
1.00061749e-08
1.15954250e-08
1.64458046e-08
2.36032402e-08
3.16093402e-08
3.88770765e-08
4.41282832e-08
4.66561390e-08
4.62888811e-08
4.31184311e-08
3.71577070e-08
2.81470179e-08
1.56984650e-08
-3.17612683e-10
-1.95236964e-08
-4.12045431e-08
-6.47106007e-08
-8.95348188e-08
-1.14719027e-07
-1.38097729e-07
-1.56296208e-07
-1.65623543e-07
-1.63073363e-07
-1.46741563e-07
-1.15769300e-07
-7.05749299e-08
-1.39895440e-08
4.76457083e-08
1.05576906e-07
1.52508778e-07
1.86773952e-07
2.12950406e-07
2.37217874e-07
2.60132937e-07
2.72585749e-07
2.59133508e-07
2.07009824e-07
1.14686186e-07
-5.43243800e-09
-1.31456002e-07
-2.40491206e-07
-3.16055977e-07
-3.51026913e-07
-3.46365952e-07
-3.08014639e-07
-2.44177771e-07
-1.64037400e-07
-7.74638875e-08
5.47602766e-09
7.59809740e-08
1.28607943e-07
1.63140119e-07
1.84702947e-07
2.00672089e-07
2.15298013e-07
2.25245381e-07
2.19207224e-07
1.82986968e-07
1.08368416e-07
8.15715784e-10
-1.19591955e-07
-2.25428125e-07
-2.93013055e-07
-3.11048303e-07
-2.82822558e-07
-2.21582408e-07
-1.42636558e-07
-5.73174046e-08
2.87495216e-08
1.14104770e-07
1.98859676e-07
2.81874971e-07
3.57665749e-07
4.14375908e-07
4.35484164e-07
4.06101223e-07
3.20943367e-07
1.89174421e-07
3.28994380e-08
-1.20284032e-07
-2.47138028e-07
-3.36556566e-07
-3.91775484e-07
-4.25791697e-07
-4.52353741e-07
-4.77733605e-07
-4.97630337e-07
-5.00073392e-07
-4.71610081e-07
-4.02650518e-07
-2.89960982e-07
-1.37286298e-07
4.45692683e-08
2.38520228e-07
4.23875314e-07
5.81027216e-07
6.96642735e-07
7.66522710e-07
7.93945599e-07
7.84304557e-07
7.39541915e-07
6.56011712e-07
5.27077778e-07
3.49104137e-07
1.27736393e-07
-1.19072039e-07
-3.63443451e-07
-5.74560198e-07
-7.27305178e-07
-8.09543153e-07
-8.25564974e-07
-7.93798298e-07
-7.39075093e-07
-6.82110814e-07
-6.29725193e-07
-5.70121190e-07
-4.77552447e-07
-3.26340123e-07
-1.07216100e-07
1.63815835e-07
4.49216783e-07
7.03537746e-07
8.89010437e-07
9.84946576e-07
9.87653586e-07
9.04439016e-07
7.48412629e-07
5.37796362e-07
2.97763938e-07
5.98288611e-08
-1.44225478e-07
-2.91897016e-07
-3.77594708e-07
-4.13231215e-07
-4.20530446e-07
-4.19081007e-07
-4.16872709e-07
-4.08362160e-07
-3.80226813e-07
-3.21027600e-07
-2.30134181e-07
-1.21688604e-07
-2.07102830e-08
4.74089226e-08
6.84008573e-08
4.55475431e-08
-1.46434758e-09
-4.38887636e-08
-5.41284446e-08
-1.50217591e-08
7.49360634e-08
2.01313280e-07
3.37342873e-07
4.50462077e-07
5.11390348e-07
5.03819807e-07
4.30420071e-07
3.11056566e-07
1.73424438e-07
4.15117647e-08
-7.17782113e-08
-1.65215564e-07
-2.44495477e-07
-3.15451127e-07
-3.78995026e-07
-4.30353403e-07
-4.62104689e-07
-4.67980242e-07
-4.44768695e-07
-3.92043044e-07
-3.11213803e-07
-2.05357720e-07
-8.01277608e-08
5.49614880e-08
1.86080526e-07
2.96692971e-07
3.71511550e-07
4.01340031e-07
3.86352501e-07
3.36204048e-07
2.67282713e-07
1.98141832e-07
1.44306350e-07
1.14125123e-07
1.06918184e-07
1.13808658e-07
1.21037326e-07
1.14731020e-07
8.55548665e-08
3.18527046e-08
-3.98669352e-08
-1.17623666e-07
-1.88775478e-07
-2.43954577e-07
-2.77634482e-07
-2.86502763e-07
-2.68982676e-07
-2.27113548e-07
-1.68580191e-07
-1.06174758e-07
-5.42180601e-08
-2.34739846e-08
-1.68136206e-08
-2.76280943e-08
-4.19307970e-08
-4.38976582e-08
-2.29979270e-08
2.09643943e-08
7.81178726e-08
1.33835526e-07
1.75571516e-07
1.97195277e-07
1.99279320e-07
1.87003098e-07
1.67816949e-07
1.49289279e-07
1.36486796e-07
1.29176299e-07
1.20370922e-07
9.78191094e-08
4.91615181e-08
-3.08236453e-08
-1.34649348e-07
-2.41712848e-07
-3.24478302e-07
-3.59254760e-07
-3.36094064e-07
-2.62390598e-07
-1.58874224e-07
-5.08488476e-08
4.10263628e-08
1.06995015e-07
1.49542798e-07
1.79299135e-07
2.06853453e-07
2.34404673e-07
2.52750441e-07
2.46380860e-07
2.03435697e-07
1.23881064e-07
2.11149294e-08
-8.32145698e-08
-1.67765480e-07
-2.18966950e-07
-2.34169026e-07
-2.20029185e-07
-1.87872006e-07
-1.48418711e-07
-1.08179925e-07
-6.87938551e-08
-2.89605280e-08
1.25487957e-08
5.45925880e-08
9.31648087e-08
1.22544791e-07
1.36979574e-07
1.32484153e-07
1.09156668e-07
7.33702723e-08
3.73697960e-08
1.48233626e-08
1.42911456e-08
3.46644414e-08
6.59030900e-08
9.46800048e-08
1.10329663e-07
1.06865152e-07
8.12434673e-08
3.13566474e-08
-4.32052159e-08
-1.37267978e-07
-2.35681289e-07
-3.12820678e-07
-3.39362811e-07
-2.95232400e-07
-1.82503929e-07
-3.01282943e-08
1.14362618e-07
2.03775166e-07
2.11573487e-07
1.43078342e-07
3.21136211e-08
-7.44167038e-08
-1.35678325e-07
-1.30932783e-07
-6.39773819e-08
4.11614584e-08
1.49943336e-07
2.29120744e-07
2.57607309e-07
2.33580490e-07
1.75183038e-07
1.12970417e-07
7.58008201e-08
7.65479408e-08
1.05788460e-07
1.37446215e-07
1.42445166e-07
1.02019729e-07
1.46659683e-08
-1.04422912e-07
-2.29478499e-07
-3.33166521e-07
-3.95589672e-07
-4.10197803e-07
-3.84360572e-07
-3.34550142e-07
-2.78628582e-07
-2.28920151e-07
-1.89205858e-07
-1.56547232e-07
-1.25525732e-07
-9.11574566e-08
-4.89866847e-08
6.47706362e-09
8.26501712e-08
1.86656429e-07
3.19317681e-07
4.68651155e-07
6.08658498e-07
7.06479480e-07
7.34859517e-07
6.82980519e-07
5.60058185e-07
3.90783089e-07
2.06058892e-07
3.40369843e-08
-1.05337891e-07
-2.02222173e-07
-2.56516214e-07
-2.75844072e-07
-2.71747521e-07
-2.54877883e-07
-2.31497524e-07
-2.03673659e-07
-1.73263684e-07
-1.46768792e-07
-1.37335915e-07
-1.62019770e-07
-2.34987352e-07
-3.59472204e-07
-5.22276269e-07
-6.94320409e-07
-8.38632749e-07
-9.22778830e-07
-9.29221981e-07
-8.58439469e-07
-7.24559377e-07
-5.47124123e-07
-3.43351074e-07
-1.23903668e-07
1.06544051e-07
3.44550996e-07
5.82283989e-07
8.05451726e-07
9.96670386e-07
1.14230856e-06
1.23893668e-06
1.29550496e-06
1.32962976e-06
1.36005717e-06
1.39910249e-06
1.44781080e-06
1.49472861e-06
1.51826593e-06
1.49183985e-06
1.39030670e-06
1.19629165e-06
9.05418905e-07
5.29279836e-07
9.43273410e-08
-3.64531374e-07
-8.14496740e-07
-1.23532226e-06
-1.62411845e-06
-1.99147658e-06
-2.35094701e-06
-2.70759485e-06
-3.05090696e-06
-3.35431869e-06
-3.58102609e-06
-3.69443106e-06
-3.67011667e-06
-3.50439958e-06
-3.21489763e-06
-2.83225335e-06
-2.38654941e-06
-1.89470416e-06
-1.35514297e-06
-7.52378815e-07
-6.88543768e-08
7.02048153e-07
1.54821105e-06
2.44014692e-06
3.34061146e-06
4.21688328e-06
5.04896854e-06
5.82973166e-06
6.55796660e-06
7.22898147e-06
7.82672525e-06
8.31867513e-06
8.65345458e-06
8.76284253e-06
8.57156808e-06
8.01655310e-06
7.07154413e-06
5.76600051e-06
4.18409626e-06
2.43519715e-06
6.01354107e-07
-1.31582634e-06
-3.41747569e-06
-5.87403555e-06
-8.83332592e-06
-1.22997441e-05
-1.60456194e-05
-1.96251077e-05
-2.25283467e-05
-2.44382561e-05
-2.54641214e-05
-2.61787708e-05
-2.73313584e-05
-2.92611976e-05
-3.12539242e-05
-3.12520384e-05
-2.63227267e-05
-1.39855637e-05
6.09496166e-06
3.10493448e-05
5.52426850e-05
7.23952554e-05
7.83814109e-05
7.32269017e-05
6.10665576e-05
4.78262723e-05
3.79090811e-05
3.18028513e-05
2.61897958e-05
1.65413599e-05
4.76795714e-07
-2.02959056e-05
-4.06901743e-05
-5.49638985e-05
-5.96841270e-05
-5.52533047e-05
-4.53834791e-05
-3.51041998e-05
-2.85141634e-05
-2.71468589e-05
-2.94336224e-05
-3.15825587e-05
-2.95953209e-05
-2.14598155e-05
-8.34092917e-06
6.05635007e-06
1.76496729e-05
2.42553091e-05
2.64512731e-05
2.65298933e-05
2.66193833e-05
2.74028236e-05
2.81230070e-05
2.75139935e-05
2.47993477e-05
2.01027204e-05
1.40125667e-05
6.99808327e-06
-6.59221568e-07
-8.66069615e-06
-1.62453511e-05
-2.18595635e-05
-2.34037793e-05
-1.92846087e-05
-9.72701355e-06
2.55130062e-06
1.28008604e-05
1.63401324e-05
1.12212708e-05
-5.17729953e-07
-1.33796594e-05
-2.03666593e-05
-1.65038844e-05
-2.20074791e-06
1.64013646e-05
3.09639018e-05
3.55587526e-05
2.94644903e-05
1.72128328e-05
6.12932987e-06
2.44851252e-06
7.84560245e-06
1.84657940e-05
2.72488322e-05
2.78156373e-05
1.73399702e-05
-2.44922669e-06
-2.59880294e-05
-3.69998335e-08
2.42906746e-07
4.92199198e-07
6.88312833e-07
8.21691193e-07
8.95139987e-07
9.19244164e-07
9.06588648e-07
8.67456164e-07
8.08369222e-07
7.33179061e-07
6.45230042e-07
5.48901316e-07
4.49523137e-07
3.51797952e-07
2.57845337e-07
1.66337235e-07
7.36306291e-08
-2.34360340e-08
-1.24300640e-07
-2.22656429e-07
-3.07647550e-07
-3.69107263e-07
-4.04542901e-07
-4.23193412e-07
-4.43295051e-07
-4.82817695e-07
-5.48849356e-07
-6.32092682e-07
-7.09570421e-07
-7.54294717e-07
-7.46712910e-07
-6.81824589e-07
-5.69306814e-07
-4.27788600e-07
-2.76088841e-07
-1.25740656e-07
2.06627280e-08
1.65903637e-07
3.13674161e-07
4.64801483e-07
6.15047111e-07
7.56580309e-07
8.81703486e-07
9.84961130e-07
1.06245754e-06
1.10896851e-06
1.11509783e-06
1.06591090e-06
9.40849951e-07
7.16386504e-07
3.76015305e-07
-7.46048600e-08
-5.94711954e-07
-1.10778313e-06
-1.51971600e-06
-1.74902324e-06
-1.75453046e-06
-1.54719597e-06
-1.18221658e-06
-7.38404305e-07
-2.95088483e-07
8.58546537e-08
3.69724653e-07
5.47153279e-07
6.22593630e-07
6.03799575e-07
4.99478307e-07
3.25335496e-07
1.14530165e-07
-7.73293213e-08
-1.81754109e-07
-1.41209539e-07
6.15674667e-08
3.82828976e-07
7.19867432e-07
9.40888854e-07
9.36646766e-07
6.71662217e-07
2.07915373e-07
-3.14416960e-07
-7.31052251e-07
-9.19587634e-07
-8.47317276e-07
-5.74269782e-07
-2.17013583e-07
1.01315400e-07
2.94365434e-07
3.36643191e-07
2.63006198e-07
1.46721492e-07
6.54958806e-08
6.75185434e-08
1.51993362e-07
2.74713832e-07
3.75809960e-07
4.11718688e-07
3.70232433e-07
2.67124591e-07
1.36322486e-07
1.89755522e-08
-4.77600090e-08
-4.41829197e-08
1.77889295e-08
9.20827540e-08
1.14031897e-07
2.82316454e-08
-1.81087665e-07
-4.73520950e-07
-7.63552643e-07
-9.57693453e-07
-1.00025822e-06
-8.98840227e-07
-7.13654174e-07
-5.21762382e-07
-3.78569070e-07
-2.93927798e-07
-2.30995325e-07
-1.28154556e-07
6.27598035e-08
3.39504024e-07
6.38131409e-07
8.61281511e-07
9.30854448e-07
8.30743080e-07
6.13559177e-07
3.68504371e-07
1.73682960e-07
6.69841032e-08
4.73071387e-08
9.02661978e-08
1.62628258e-07
2.29898242e-07
2.59317486e-07
2.27215810e-07
1.32538811e-07
5.63972941e-09
-9.81821145e-08
-1.22776222e-07
-4.34954586e-08
1.14395238e-07
2.86222161e-07
3.99056022e-07
4.06923388e-07
3.11457062e-07
1.56074847e-07
-1.41564907e-09
-1.20540804e-07
-1.95693779e-07
-2.52453233e-07
-3.30486710e-07
-4.63584441e-07
-6.64107814e-07
-9.16603793e-07
-1.17984762e-06
-1.39450901e-06
-1.49673087e-06
-1.43794892e-06
-1.20372231e-06
-8.21425259e-07
-3.53375606e-07
1.22157628e-07
5.35709138e-07
8.45040358e-07
1.04152904e-06
1.14259467e-06
1.17243816e-06
1.14744339e-06
1.07779003e-06
9.78715538e-07
8.77009066e-07
8.03331463e-07
7.75461916e-07
7.84325597e-07
7.92807385e-07
7.50595329e-07
6.18574708e-07
3.91118819e-07
1.05328047e-07
-1.72556441e-07
-3.77840322e-07
-4.77679663e-07
-4.87405854e-07
-4.64682748e-07
-4.82438736e-07
-5.94310802e-07
-8.07911787e-07
-1.07564952e-06
-1.31008278e-06
-1.42074853e-06
-1.35663716e-06
-1.13085661e-06
-8.12991579e-07
-4.93297802e-07
-2.36849797e-07
-5.57651183e-08
8.17492766e-08
2.17079468e-07
3.69641081e-07
5.25961242e-07
6.48959505e-07
6.99584342e-07
6.58083676e-07
5.32024723e-07
3.51680731e-07
1.61084884e-07
9.72855325e-09
-5.69007701e-08
-9.21581537e-09
1.55922948e-07
4.09271531e-07
6.90549203e-07
9.23548119e-07
1.04253917e-06
1.01752748e-06
8.66088316e-07
6.44364183e-07
4.22224464e-07
2.55993104e-07
1.70418226e-07
1.54893785e-07
1.71020983e-07
1.63780211e-07
7.31462617e-08
-1.47463280e-07
-5.06790972e-07
-9.61402792e-07
-1.42469108e-06
-1.79752794e-06
-2.00691087e-06
-2.03233268e-06
-1.90212691e-06
-1.66340180e-06
-1.34804651e-06
-9.58124014e-07
-4.82734186e-07
6.67263403e-08
6.35392038e-07
1.13571105e-06
1.48189107e-06
1.62740955e-06
1.58225375e-06
1.40205280e-06
1.16385389e-06
9.42540644e-07
7.91162883e-07
7.27250817e-07
7.28799785e-07
7.43544088e-07
7.11292754e-07
5.90347645e-07
3.74322848e-07
9.34053338e-08
-1.97152757e-07
-4.39718812e-07
-5.96977653e-07
-6.58519565e-07
-6.32320091e-07
-5.32574174e-07
-3.74122151e-07
-1.79952473e-07
5.48135064e-09
1.16711487e-07
8.88180469e-08
-1.09609253e-07
-4.51669396e-07
-8.55528166e-07
-1.21568354e-06
-1.44263356e-06
-1.48912155e-06
-1.35469586e-06
-1.07321908e-06
-6.93304811e-07
-2.61769428e-07
1.81223121e-07
5.94662498e-07
9.26294720e-07
1.11449672e-06
1.11286467e-06
9.26617516e-07
6.32831662e-07
3.60642103e-07
2.33137253e-07
3.03117706e-07
5.24225888e-07
7.76040411e-07
9.27471871e-07
9.02072520e-07
7.09023545e-07
4.28708865e-07
1.67884393e-07
6.84692950e-09
-3.71383558e-08
-1.22246240e-08
1.55015728e-10
-6.75361968e-08
-2.32937653e-07
-4.56470185e-07
-6.64345470e-07
-7.85949554e-07
-7.85667822e-07
-6.74661411e-07
-4.99755182e-07
-3.19175691e-07
-1.78362160e-07
-9.66924582e-08
-7.02770004e-08
-8.56275528e-08
-1.30799950e-07
-1.95823502e-07
-2.66036803e-07
-3.17132937e-07
-3.18057310e-07
-2.44918269e-07
-1.00505623e-07
7.57747290e-08
2.21823461e-07
2.89378887e-07
2.78510020e-07
2.40960971e-07
2.46881347e-07
3.34972362e-07
4.81108073e-07
6.09842938e-07
6.36631219e-07
5.11522106e-07
2.43574621e-07
-1.02746129e-07
-4.32620794e-07
-6.55496003e-07
-7.18194126e-07
-6.19678110e-07
-4.02150370e-07
-1.27063626e-07
1.51839744e-07
4.02485857e-07
6.05900897e-07
7.38095602e-07
7.64213644e-07
6.55198903e-07
4.16377926e-07
1.02338544e-07
-1.97185594e-07
-3.91621818e-07
-4.25525310e-07
-3.00549511e-07
-7.62311889e-08
1.49428576e-07
2.75486824e-07
2.38391481e-07
3.74106332e-08
-2.65393886e-07
-5.71410751e-07
-7.87272451e-07
-8.60770053e-07
-7.93077721e-07
-6.23001857e-07
-3.97390911e-07
-1.48918704e-07
1.05369300e-07
3.47125142e-07
5.41985104e-07
6.43087235e-07
6.12281251e-07
4.43382078e-07
1.70374066e-07
-1.45521940e-07
-4.37033201e-07
-6.41253373e-07
-6.99783807e-07
-5.63670479e-07
-2.12617748e-07
3.16961795e-07
9.16177297e-07
1.42196667e-06
1.67256283e-06
1.57225863e-06
1.12968441e-06
4.54806002e-07
-2.79398987e-07
-8.93951024e-07
-1.25802619e-06
-1.32239625e-06
-1.12585773e-06
-7.73377321e-07
-3.91592162e-07
-7.87303178e-08
1.28232661e-07
2.50658929e-07
3.33186711e-07
4.01798109e-07
4.45086999e-07
4.28596421e-07
3.25830608e-07
1.41977087e-07
-8.55647111e-08
-3.08097503e-07
-4.89322765e-07
-6.15377947e-07
-6.88189661e-07
-7.10532204e-07
-6.79339584e-07
-5.91950796e-07
-4.54740489e-07
-2.82214306e-07
-8.53189242e-08
1.38076315e-07
3.96693768e-07
6.83947607e-07
9.60629054e-07
1.16208295e-06
1.22989663e-06
1.14567977e-06
9.42786165e-07
6.88186401e-07
4.43892762e-07
2.34273080e-07
4.50897990e-08
-1.49024074e-07
-3.54577265e-07
-5.48239129e-07
-6.88545545e-07
-7.41056261e-07
-7.01666885e-07
-6.01454933e-07
-4.86693939e-07
-3.90357511e-07
-3.20809342e-07
-2.74006089e-07
-2.55917609e-07
-2.93011468e-07
-4.15799971e-07
-6.26069058e-07
-8.76368566e-07
-1.08353054e-06
-1.17009382e-06
-1.10303177e-06
-9.02940675e-07
-6.17188974e-07
-2.79448128e-07
1.11767378e-07
5.85076193e-07
1.16654193e-06
1.84594955e-06
2.56392602e-06
3.23126339e-06
3.76511666e-06
4.11329497e-06
4.24585095e-06
4.11964039e-06
3.64802154e-06
2.72147988e-06
1.29818874e-06
-4.82037486e-07
-2.24859367e-06
-3.50637091e-06
-3.92732324e-06
-3.66825416e-06
-3.35400595e-06
-3.66665463e-06
-4.95148173e-06
-6.99461150e-06
-8.94651742e-06
-9.72873208e-06
-8.77574120e-06
-6.38257290e-06
-3.41846789e-06
-7.43491428e-07
1.22237238e-06
2.54070369e-06
3.63639573e-06
5.11276793e-06
7.34149593e-06
1.01436146e-05
1.28523328e-05
1.46032947e-05
1.47749899e-05
1.34567936e-05
1.14584957e-05
9.59839429e-06
7.77301818e-06
4.91289240e-06
-8.60773824e-09
-6.93158676e-06
-1.45254601e-05
-2.06189263e-05
-2.30553007e-05
-2.08154988e-05
-1.47415762e-05
-7.13199612e-06
-5.78474015e-07
3.02684714e-06
3.04757151e-06
2.68619090e-07
-3.29358121e-06
-5.08083629e-06
-3.47239995e-06
1.09945087e-06
6.30884098e-06
9.37903184e-06
8.85765810e-06
5.48302828e-06
1.75181194e-06
3.75904050e-07
2.50374800e-06
6.91674321e-06
1.08728401e-05
1.18814948e-05
9.05798549e-06
3.38404971e-06
-2.92455930e-06
-7.18385710e-06
