1.80267219e-07
1.37223915e-06
2.42494969e-06
3.24026170e-06
3.77468207e-06
4.03736119e-06
4.07183013e-06
3.93261628e-06
3.66736687e-06
3.30974056e-06
2.88189177e-06
2.40121099e-06
1.88555961e-06
1.35395676e-06
8.23576166e-07
3.06661352e-07
-1.89013940e-07
-6.55164434e-07
-1.07615790e-06
-1.42539033e-06
-1.66953833e-06
-1.78179650e-06
-1.75971223e-06
-1.63843709e-06
-1.48955458e-06
-1.40053698e-06
-1.43950468e-06
-1.62020139e-06
-1.88614985e-06
-2.12595172e-06
-2.21650558e-06
-2.07550432e-06
-1.69736806e-06
-1.15433753e-06
-5.63218092e-07
-3.45385593e-08
3.73318122e-07
6.74485371e-07
9.40057616e-07
1.25520078e-06
1.67152234e-06
2.17574324e-06
2.68416669e-06
3.06309119e-06
3.17071142e-06
2.91078834e-06
2.28051812e-06
1.38907528e-06
4.30770363e-07
-3.81484356e-07
-8.94536030e-07
-1.06863842e-06
-9.80724359e-07
-7.76217404e-07
-5.94871868e-07
-5.09201083e-07
-5.05282006e-07
-5.13050819e-07
-4.68090023e-07
-3.67851334e-07
-2.87124550e-07
-3.42899289e-07
-6.30459979e-07
-1.16753627e-06
-1.87352992e-06
-2.59056181e-06
-3.13526969e-06
-3.35957756e-06
-3.19647498e-06
-2.67368916e-06
-1.89324881e-06
-9.90828186e-07
-9.30025227e-08
7.15844558e-07
1.41159619e-06
2.02594876e-06
2.61299555e-06
3.19776357e-06
3.73541987e-06
4.11086924e-06
4.18911801e-06
3.89253669e-06
3.25647749e-06
2.42368221e-06
1.57630210e-06
8.45435924e-07
2.54887999e-07
-2.64948253e-07
-8.02176001e-07
-1.37590260e-06
-1.89655365e-06
-2.20725545e-06
-2.18252376e-06
-1.81870922e-06
-1.25842333e-06
-7.33470130e-07
-4.58801929e-07
-5.35462001e-07
-9.07645819e-07
-1.38879341e-06
-1.74501849e-06
-1.80279019e-06
-1.53119263e-06
-1.05308919e-06
-5.77200720e-07
-2.90018766e-07
-2.65851907e-07
-4.37686741e-07
-6.38127442e-07
-6.85855547e-07
-4.73350637e-07
-1.58134904e-08
5.57739024e-07
1.06572923e-06
1.35950665e-06
1.39382097e-06
1.24813677e-06
1.08336360e-06
1.05291598e-06
1.21781984e-06
1.51356360e-06
1.78530907e-06
1.87135545e-06
1.69046111e-06
1.28650567e-06
8.05450886e-07
4.16630553e-07
2.23376664e-07
2.12335673e-07
2.65301258e-07
2.23397598e-07
-2.94385610e-08
-5.05670972e-07
-1.10939432e-06
-1.69197741e-06
-2.13375777e-06
-2.39755154e-06
-2.52153562e-06
-2.56552049e-06
-2.55322732e-06
-2.44771512e-06
-2.17197374e-06
-1.66053487e-06
-9.13035489e-07
-1.86486710e-08
8.67279222e-07
1.58629736e-06
2.04363002e-06
2.23644851e-06
2.22639403e-06
2.08045933e-06
1.82741579e-06
1.46140068e-06
9.82404404e-07
4.34493093e-07
-8.95707658e-08
-4.80080872e-07
-6.58277219e-07
-6.13868006e-07
-4.11200123e-07
-1.55928736e-07
6.36787067e-08
2.27164405e-07
3.91899474e-07
6.54336772e-07
1.08288435e-06
1.65597394e-06
2.23682961e-06
2.60575827e-06
2.54548555e-06
1.94539024e-06
8.73671557e-07
-4.26436611e-07
-1.62486452e-06
-2.43788990e-06
-2.74005839e-06
-2.60010103e-06
-2.22655785e-06
-1.85741015e-06
-1.65743973e-06
-1.67415975e-06
-1.85773686e-06
-2.11196533e-06
-2.33839449e-06
-2.45641323e-06
-2.40467630e-06
-2.14213671e-06
-1.66500282e-06
-1.03374230e-06
-3.77931354e-07
1.49673117e-07
4.57662666e-07
5.84498416e-07
7.01321693e-07
1.04218447e-06
1.79222042e-06
2.98192079e-06
4.43588930e-06
5.80983298e-06
6.71565097e-06
6.88383325e-06
6.27660295e-06
5.08652518e-06
3.62552375e-06
2.17570964e-06
8.91236359e-07
-2.02934301e-07
-1.14022827e-06
-1.93676103e-06
-2.56607221e-06
-2.99446552e-06
-3.24150002e-06
-3.41013315e-06
-3.65096626e-06
-4.07422546e-06
-4.66652622e-06
-5.27456324e-06
-5.67330518e-06
-5.67930186e-06
-5.24513827e-06
-4.48446327e-06
-3.61525436e-06
-2.85519895e-06
-2.32623723e-06
-2.01049785e-06
-1.76797333e-06
-1.40056718e-06
-7.34552298e-07
3.08691136e-07
1.68104967e-06
3.22846935e-06
4.75062996e-06
6.06564802e-06
7.05127687e-06
7.65775249e-06
7.90278871e-06
7.85687278e-06
7.62091598e-06
7.30140602e-06
6.99003457e-06
6.74682144e-06
6.58206166e-06
6.43966201e-06
6.19379077e-06
5.67242590e-06
4.71222943e-06
3.22775405e-06
1.25881742e-06
-1.03373767e-06
-3.42502528e-06
-5.70840668e-06
-7.76286708e-06
-9.57271154e-06
-1.11912182e-05
-1.26722260e-05
-1.40128781e-05
-1.51403831e-05
-1.59462949e-05
-1.63406799e-05
-1.62875619e-05
-1.57999857e-05
-1.49060850e-05
-1.36208505e-05
-1.19479345e-05
-9.90312736e-06
-7.53016010e-06
-4.88995226e-06
-2.03260627e-06
1.02425431e-06
4.29663964e-06
7.81508914e-06
1.15923287e-05
1.55874260e-05
1.96789009e-05
2.36625989e-05
2.72860408e-05
3.03132168e-05
3.25930897e-05
3.40938382e-05
3.48761515e-05
3.50163231e-05
3.45241585e-05
3.33022747e-05
3.11641769e-05
2.78959037e-05
2.33274616e-05
1.73777982e-05
1.00568624e-05
1.44415144e-06
-8.31728410e-06
-1.89906965e-05
-3.01960426e-05
-4.13812701e-05
-5.18555260e-05
-6.09083116e-05
-6.80031874e-05
-7.29811763e-05
-7.61558530e-05
-7.81722288e-05
-7.95786254e-05
-8.02263786e-05
-7.87960639e-05
-7.28323693e-05
-5.95420154e-05
-3.72370871e-05
-6.81010140e-06
2.76995565e-05
6.02175768e-05
8.53923241e-05
1.01780983e-04
1.13330731e-04
1.27169603e-04
1.47413464e-04
1.67655365e-04
1.67856995e-04
1.21721264e-04
1.47322914e-05
-1.37597385e-04
-2.86960756e-04
-3.72077596e-04
-3.50912234e-04
-2.25606015e-04
-4.35942238e-05
1.28049470e-04
2.37559534e-04
2.69648008e-04
2.44742443e-04
2.02865625e-04
1.82682818e-04
2.05276396e-04
2.67580371e-04
3.46528037e-04
4.11828224e-04
4.41196402e-04
4.28350417e-04
3.78752746e-04
2.97498472e-04
1.79272995e-04
8.70697924e-06
-2.28444713e-04
-5.30076919e-04
-8.65772708e-04
-1.17609626e-03
-1.38996389e-03
-1.45441300e-03
-1.36255476e-03
-1.16652013e-03
-9.66704858e-04
-8.74263148e-04
-9.48894879e-04
-1.12952923e-03
-1.20199567e-03
-8.53464842e-04
1.80403528e-04
1.92437293e-03
4.02452727e-03
5.79671860e-03
6.51248359e-03
5.76981072e-03
3.71076641e-03
9.53322238e-04
-1.70162724e-03
-3.61006017e-03
-4.49246811e-03
-4.41894414e-03
-3.65019815e-03
-2.49929218e-03
-1.27459551e-03
-2.57597799e-04
3.41558658e-04
4.53691825e-04
1.85135832e-04
-2.31042964e-04
-5.49025654e-04
-6.09412352e-04
-3.79526544e-04
5.17690135e-05
5.22465808e-04
8.77006278e-04
1.03300016e-03
9.93730528e-04
8.13963185e-04
5.58360371e-04
2.80122048e-04
2.46512590e-05
-1.56889444e-04
-2.11325142e-04
-1.13377188e-04
1.02243186e-04
3.40611708e-04
4.86106123e-04
4.55062376e-04
2.35555946e-04
-9.65857779e-05
-3.99395398e-04
-5.30540827e-04
-4.27124917e-04
-1.42361636e-04
1.87096552e-04
4.16965886e-04
4.64784547e-04
3.34156248e-04
9.21543494e-05
-1.71016097e-04
-3.75343428e-04
-4.72412176e-04
-4.52877801e-04
-3.39572742e-04
-1.74565423e-04
-6.52718190e-06
1.20588953e-04
1.75042768e-04
1.40009634e-04
1.45238115e-05
-1.81868011e-04
-4.01261887e-04
-5.67686045e-04
-5.96105501e-04
-4.30621991e-04
-8.56640888e-05
3.41551401e-04
7.07710805e-04
8.87225066e-04
8.22928425e-04
5.43976886e-04
1.52380228e-04
-2.17350869e-04
-4.53370050e-04
-5.06639128e-04
-3.94390015e-04
-1.78916352e-04
5.68113906e-05
2.35016186e-04
3.10492685e-04
2.85282402e-04
2.01930097e-04
1.18310292e-04
7.50508727e-05
7.22433983e-05
7.06992824e-05
1.97816132e-05
-1.03711758e-04
-2.70287960e-04
-4.05766097e-04
-4.32523791e-04
-3.19546838e-04
-1.05478925e-04
1.21759928e-04
2.71516902e-04
2.93441203e-04
1.98193925e-04
4.87830741e-05
-7.46232764e-05
-1.18372905e-04
-8.18241564e-05
-1.02397987e-05
3.99973765e-05
3.75773007e-05
-9.72197974e-06
-6.73107180e-05
-1.00025266e-04
-9.42645908e-05
-6.22199727e-05
-2.67618383e-05
-2.07136072e-06
1.11709336e-05
1.57219482e-05
1.09888998e-05
-3.26079024e-07
-4.46251841e-06
1.68198872e-05
7.03479477e-05
1.43747768e-04
2.11406016e-04
2.45228516e-04
2.22926674e-04
1.36566405e-04
4.16309030e-06
-1.26722655e-04
-1.97456947e-04
-1.73299883e-04
-7.02688102e-05
4.85893794e-05
1.09077764e-04
7.03243516e-05
-5.15195612e-05
-1.93215381e-04
-2.78734032e-04
-2.58442641e-04
-1.35602754e-04
3.36660853e-05
1.69400461e-04
2.10926742e-04
1.48193300e-04
2.37078319e-05
-9.34283843e-05
-1.45035538e-04
-1.11629416e-04
-1.83164556e-05
8.07484507e-05
1.31306173e-04
1.06970126e-04
2.18807538e-05
-7.70299124e-05
-1.33911402e-04
-1.12581678e-04
-1.61023650e-05
1.13450824e-04
2.16957715e-04
2.49356249e-04
1.99830879e-04
9.16746850e-05
9.65839588e-08
1.48281893e-07
1.93836205e-07
2.29585515e-07
2.53404336e-07
2.64696294e-07
2.63973408e-07
2.52325309e-07
2.31024589e-07
2.01334315e-07
1.64423050e-07
1.21260870e-07
7.24749455e-08
1.83084661e-08
-4.10708530e-08
-1.04771195e-07
-1.70077854e-07
-2.31621458e-07
-2.81466105e-07
-3.10474242e-07
-3.10810390e-07
-2.78969250e-07
-2.18329239e-07
-1.39925639e-07
-6.05273913e-08
1.69997040e-09
3.26485636e-08
2.70484057e-08
-9.13557726e-09
-5.95963307e-08
-1.01836959e-07
-1.13988552e-07
-8.27156564e-08
-9.33488104e-09
8.93719730e-08
1.87558672e-07
2.61335964e-07
2.98377738e-07
3.01056475e-07
2.81610563e-07
2.52283211e-07
2.17114361e-07
1.70778318e-07
1.04468433e-07
1.51700154e-08
-8.67082355e-08
-1.77516559e-07
-2.31744102e-07
-2.39640404e-07
-2.17795899e-07
-2.01269660e-07
-2.20056997e-07
-2.75545271e-07
-3.32615448e-07
-3.33016632e-07
-2.24630473e-07
5.79018586e-09
3.13177915e-07
6.03153828e-07
7.71296950e-07
7.53877499e-07
5.60462912e-07
2.69357997e-07
-1.12324438e-08
-1.94837205e-07
-2.53718029e-07
-2.24234302e-07
-1.81268809e-07
-1.95920378e-07
-2.97419368e-07
-4.57143972e-07
-6.02102613e-07
-6.52385716e-07
-5.64481937e-07
-3.56936916e-07
-1.03238481e-07
1.04889305e-07
2.03477926e-07
1.85877125e-07
1.00583163e-07
2.07440756e-08
4.21280979e-09
6.66579455e-08
1.80560664e-07
2.97297178e-07
3.76128231e-07
4.01578215e-07
3.82373466e-07
3.39744404e-07
2.97047032e-07
2.75350192e-07
2.90245579e-07
3.45022210e-07
4.23539119e-07
4.90321226e-07
5.02138166e-07
4.27538088e-07
2.62847693e-07
3.43173637e-08
-2.14073216e-07
-4.38518935e-07
-6.08631173e-07
-7.11702223e-07
-7.50828554e-07
-7.41969320e-07
-7.10629416e-07
-6.84805528e-07
-6.82495013e-07
-6.97664589e-07
-6.94559714e-07
-6.20366189e-07
-4.35078447e-07
-1.42210035e-07
2.01288512e-07
5.05473211e-07
6.86921851e-07
7.04694090e-07
5.75932469e-07
3.66629765e-07
1.64168192e-07
4.40343710e-08
4.31724144e-08
1.49831285e-07
3.14285749e-07
4.75180431e-07
5.86896562e-07
6.33418182e-07
6.23734584e-07
5.75934967e-07
5.02800100e-07
4.06984251e-07
2.85710470e-07
1.39679468e-07
-2.04768961e-08
-1.74729535e-07
-3.01909384e-07
-3.90704585e-07
-4.44396414e-07
-4.75579925e-07
-4.97213899e-07
-5.17519354e-07
-5.38605656e-07
-5.55858668e-07
-5.58286357e-07
-5.31601720e-07
-4.63758376e-07
-3.51143460e-07
-2.05032615e-07
-5.69101542e-08
4.38052630e-08
4.67328599e-08
-6.94486254e-08
-2.69808529e-07
-4.61150237e-07
-5.25577887e-07
-3.75632182e-07
-3.78617466e-12
5.26739072e-07
1.07547153e-06
1.51642468e-06
1.76599746e-06
1.80299125e-06
1.65196731e-06
1.35202817e-06
9.34161686e-07
4.19599509e-07
-1.65102656e-07
-7.72125992e-07
-1.33088214e-06
-1.76470896e-06
-2.01637837e-06
-2.06689744e-06
-1.93685720e-06
-1.67132988e-06
-1.31874763e-06
-9.15543148e-07
-4.82505251e-07
-3.17880546e-08
4.22085670e-07
8.55952198e-07
1.24091012e-06
1.55124612e-06
1.77273411e-06
1.90475935e-06
1.95392699e-06
1.92336240e-06
1.80594959e-06
1.58675112e-06
1.25340956e-06
8.09388898e-07
2.83945638e-07
-2.67190798e-07
-7.73555021e-07
-1.17142948e-06
-1.42549877e-06
-1.53944070e-06
-1.55024793e-06
-1.51035640e-06
-1.46751684e-06
-1.45039179e-06
-1.46274773e-06
-1.48664082e-06
-1.49372695e-06
-1.45952151e-06
-1.37319282e-06
-1.23815386e-06
-1.06352150e-06
-8.53223675e-07
-6.02115878e-07
-3.02807317e-07
4.04336372e-08
4.00555004e-07
7.31677637e-07
9.91939368e-07
1.17255239e-06
1.31230248e-06
1.48565627e-06
1.76878332e-06
2.19918632e-06
2.74873497e-06
3.32484398e-06
3.79976901e-06
4.05315924e-06
4.01006238e-06
3.66199168e-06
3.06496949e-06
2.31653382e-06
1.52204522e-06
7.64632872e-07
9.00903461e-08
-4.92112178e-07
-9.99227297e-07
-1.46471121e-06
-1.92919330e-06
-2.43079587e-06
-2.99330546e-06
-3.61617238e-06
-4.27399939e-06
-4.92821415e-06
-5.54294634e-06
-6.09175457e-06
-6.55022100e-06
-6.88354138e-06
-7.04248649e-06
-6.97285011e-06
-6.63310434e-06
-6.01049408e-06
-5.12678335e-06
-4.03082281e-06
-2.78260942e-06
-1.43603705e-06
-2.59283698e-08
1.43747833e-06
2.96603131e-06
4.58452414e-06
6.31682191e-06
8.16902793e-06
1.01127131e-05
1.20738592e-05
1.39345517e-05
1.55510590e-05
1.67827536e-05
1.75192572e-05
1.76943175e-05
1.72825353e-05
1.62858124e-05
1.47232574e-05
1.26314396e-05
1.00672168e-05
7.10227386e-06
3.80792640e-06
2.39248456e-07
-3.56999028e-06
-7.59769177e-06
-1.18149606e-05
-1.61691830e-05
-2.05760060e-05
-2.49200831e-05
-2.90587635e-05
-3.28231001e-05
-3.60166922e-05
-3.84210457e-05
-3.98184673e-05
-4.00339631e-05
-3.89806385e-05
-3.66837857e-05
-3.32650381e-05
-2.88863955e-05
-2.36747762e-05
-1.76603819e-05
-1.07603693e-05
-2.82362542e-06
6.27059249e-06
1.64922094e-05
2.75700711e-05
3.89874970e-05
5.00941825e-05
6.03100393e-05
6.93369078e-05
7.72631786e-05
8.44663400e-05
9.12965293e-05
9.76458267e-05
1.02628020e-04
1.04632674e-04
1.01897996e-04
9.34616981e-05
8.00123670e-05
6.39819297e-05
4.83956820e-05
3.45994965e-05
1.98305363e-05
-3.76015666e-06
-4.71362036e-05
-1.19056716e-04
-2.18796912e-04
-3.30358262e-04
-4.22919513e-04
-4.60556872e-04
-4.18554787e-04
-2.98019055e-04
-1.30033479e-04
3.61271803e-05
1.56644897e-04
2.13871527e-04
2.20664387e-04
2.05483815e-04
1.89988054e-04
1.77154967e-04
1.56859500e-04
1.18828169e-04
6.08562699e-05
-8.86355968e-06
-7.35489311e-05
-1.15795553e-04
-1.28263331e-04
-1.15886291e-04
-8.81702072e-05
-5.06018697e-05
-1.86295982e-07
7.57129613e-05
1.92318452e-04
3.48567060e-04
5.10241838e-04
6.14011551e-04
5.98821824e-04
4.50171261e-04
2.26113213e-04
4.22120837e-05
1.64853866e-05
1.94277654e-04
4.87987655e-04
6.74863567e-04
4.79310137e-04
-2.75738029e-04
-1.50858467e-03
-2.80978065e-03
-3.55899261e-03
-3.22769489e-03
-1.72518157e-03
4.34501128e-04
2.30256625e-03
3.01624060e-03
2.37723028e-03
9.69659355e-04
-2.86221400e-04
-7.40075731e-04
-3.53462992e-04
4.01218157e-04
9.49243221e-04
9.81547016e-04
5.59353699e-04
-9.88573504e-06
-3.80525638e-04
-3.63351684e-04
-3.62302319e-05
3.15339420e-04
4.03353146e-04
1.32334274e-04
-3.45930703e-04
-7.41869430e-04
-8.18585073e-04
-5.33570949e-04
-4.02109486e-05
4.28401418e-04
6.88309351e-04
6.72922094e-04
4.31816923e-04
7.64760322e-05
-2.82288204e-04
-5.63303110e-04
-7.13474707e-04
-7.03521057e-04
-5.33183933e-04
-2.43032540e-04
7.56550671e-05
2.98670886e-04
3.30778303e-04
1.69925180e-04
-8.64659910e-05
-2.95178641e-04
-3.43098252e-04
-2.00293310e-04
7.41481868e-05
3.58984001e-04
5.18024060e-04
4.62867303e-04
2.01663901e-04
-1.58248744e-04
-4.56552805e-04
-5.51072173e-04
-3.81919190e-04
-2.83071495e-06
4.32096836e-04
7.33778199e-04
7.76929098e-04
5.69823868e-04
2.44579548e-04
-2.76416949e-05
-1.35861734e-04
-7.88732777e-05
5.40523907e-05
1.47115171e-04
1.18638006e-04
-4.70183341e-05
-2.92986408e-04
-5.13462721e-04
-6.05987891e-04
-5.29913633e-04
-3.32195083e-04
-1.11733717e-04
5.08224455e-05
1.34619657e-04
1.59002326e-04
1.38902968e-04
7.37359470e-05
-2.43528171e-05
-1.10914208e-04
-1.30392827e-04
-5.56662859e-05
8.82359473e-05
2.29830921e-04
2.84853488e-04
2.02713750e-04
2.93516206e-06
-2.21913576e-04
-3.50501993e-04
-3.04912560e-04
-1.01431119e-04
1.58129096e-04
3.48209491e-04
3.91679519e-04
2.97796990e-04
1.47256104e-04
3.83282705e-05
2.80489914e-05
9.97778109e-05
1.74699768e-04
1.62513800e-04
2.17438266e-05
-2.06970132e-04
-4.17361370e-04
-4.99731760e-04
-4.09260490e-04
-1.88880879e-04
6.61892360e-05
2.66510662e-04
3.63306333e-04
3.45927026e-04
2.25311658e-04
2.97206374e-05
-1.90772493e-04
-3.68383199e-04
-4.37794744e-04
-3.67996215e-04
-1.85352032e-04
3.54843129e-05
2.09452316e-04
2.81126534e-04
2.45345541e-04
1.42903392e-04
3.70794705e-05
-1.73039593e-05
4.19662636e-07
6.75075985e-05
1.33033952e-04
1.51217226e-04
1.08628517e-04
2.58139347e-05
-6.32048199e-05
-1.32365276e-04
-1.70217212e-04
-1.72798213e-04
-1.37002827e-04
-6.61512634e-05
2.03086775e-05
9.00947547e-05
1.17213903e-04
1.00733699e-04
6.38711189e-05
3.40581721e-05
2.25802130e-05
1.93874448e-05
4.44396265e-06
-3.39826728e-05
-8.73274510e-05
-1.29665348e-04
-1.34607405e-04
-9.53910372e-05
-3.11995766e-05
2.74818348e-05
6.10389823e-05
0.00000000e+00
0.00000000e+00
0.00000000e+00
0.00000000e+00
0.00000000e+00
0.00000000e+00
0.00000000e+00
0.00000000e+00
0.00000000e+00
0.00000000e+00
0.00000000e+00
0.00000000e+00
0.00000000e+00
0.00000000e+00
0.00000000e+00
0.00000000e+00
0.00000000e+00
0.00000000e+00
0.00000000e+00
0.00000000e+00
0.00000000e+00
0.00000000e+00
0.00000000e+00
0.00000000e+00
0.00000000e+00
0.00000000e+00
0.00000000e+00
0.00000000e+00
0.00000000e+00
0.00000000e+00
0.00000000e+00
0.00000000e+00
0.00000000e+00
0.00000000e+00
0.00000000e+00
0.00000000e+00
0.00000000e+00
0.00000000e+00
0.00000000e+00
0.00000000e+00
0.00000000e+00
0.00000000e+00
0.00000000e+00
0.00000000e+00
0.00000000e+00
0.00000000e+00
0.00000000e+00
0.00000000e+00
0.00000000e+00
0.00000000e+00
0.00000000e+00
0.00000000e+00
0.00000000e+00
0.00000000e+00
0.00000000e+00
0.00000000e+00
0.00000000e+00
0.00000000e+00
0.00000000e+00
0.00000000e+00
0.00000000e+00
0.00000000e+00
0.00000000e+00
0.00000000e+00
0.00000000e+00
0.00000000e+00
0.00000000e+00
0.00000000e+00
0.00000000e+00
0.00000000e+00
0.00000000e+00
0.00000000e+00
0.00000000e+00
0.00000000e+00
0.00000000e+00
0.00000000e+00
0.00000000e+00
0.00000000e+00
0.00000000e+00
0.00000000e+00
0.00000000e+00
0.00000000e+00
0.00000000e+00
0.00000000e+00
0.00000000e+00
0.00000000e+00
0.00000000e+00
0.00000000e+00
0.00000000e+00
0.00000000e+00
0.00000000e+00
0.00000000e+00
0.00000000e+00
0.00000000e+00
0.00000000e+00
0.00000000e+00
0.00000000e+00
0.00000000e+00
0.00000000e+00
0.00000000e+00
0.00000000e+00
0.00000000e+00
0.00000000e+00
0.00000000e+00
0.00000000e+00
0.00000000e+00
0.00000000e+00
0.00000000e+00
0.00000000e+00
0.00000000e+00
0.00000000e+00
0.00000000e+00
0.00000000e+00
0.00000000e+00
0.00000000e+00
0.00000000e+00
0.00000000e+00
0.00000000e+00
0.00000000e+00
0.00000000e+00
0.00000000e+00
0.00000000e+00
0.00000000e+00
0.00000000e+00
0.00000000e+00
0.00000000e+00
0.00000000e+00
0.00000000e+00
0.00000000e+00
0.00000000e+00
0.00000000e+00
0.00000000e+00
0.00000000e+00
0.00000000e+00
0.00000000e+00
0.00000000e+00
0.00000000e+00
0.00000000e+00
0.00000000e+00
0.00000000e+00
0.00000000e+00
0.00000000e+00
0.00000000e+00
0.00000000e+00
0.00000000e+00
0.00000000e+00
0.00000000e+00
0.00000000e+00
0.00000000e+00
0.00000000e+00
0.00000000e+00
0.00000000e+00
0.00000000e+00
0.00000000e+00
0.00000000e+00
0.00000000e+00
0.00000000e+00
0.00000000e+00
0.00000000e+00
0.00000000e+00
0.00000000e+00
0.00000000e+00
0.00000000e+00
0.00000000e+00
-1.41463271e-06
-2.56033170e-06
-3.54881618e-06
-4.29424470e-06
-4.75966826e-06
-4.95670446e-06
-4.92957842e-06
-4.73209712e-06
-4.40783187e-06
-3.98108991e-06
-3.46074144e-06
-2.85305221e-06
-2.17562056e-06
-1.46404788e-06
-7.66679982e-07
-1.29219129e-07
4.22759442e-07
8.92863589e-07
1.30773061e-06
1.69781965e-06
2.07640723e-06
2.43070044e-06
2.73167950e-06
2.95651418e-06
3.10852223e-06
3.22096689e-06
3.34046703e-06
3.49800456e-06
3.68448492e-06
3.84632300e-06
3.90434490e-06
3.78434916e-06
3.44144183e-06
2.86756025e-06
2.08493707e-06
1.13687908e-06
8.50325830e-08
-9.89543708e-07
-1.99233605e-06
-2.83389793e-06
-3.45375362e-06
-3.83579309e-06
-4.00675741e-06
-4.02029487e-06
-3.93723688e-06
-3.81102018e-06
-3.67954599e-06
-3.56044020e-06
-3.44775102e-06
-3.31109779e-06
-3.09927962e-06
-2.75044813e-06
-2.20932437e-06
-1.44735024e-06
-4.78412075e-07
6.34637082e-07
1.78291822e-06
2.82492307e-06
3.61350681e-06
4.03534581e-06
4.05022657e-06
3.70934065e-06
3.13955624e-06
2.49880789e-06
1.92225425e-06
1.48195514e-06
1.17497207e-06
9.42865613e-07
7.13139628e-07
4.42926401e-07
1.44030545e-07
-1.22192107e-07
-2.77065566e-07
-2.66388363e-07
-8.85409808e-08
2.04647334e-07
5.30940454e-07
8.09612797e-07
9.85384656e-07
1.03502707e-06
9.59834270e-07
7.75131093e-07
5.05979291e-07
1.88700804e-07
-1.29858049e-07
-4.02475287e-07
-6.01464627e-07
-7.39906397e-07
-8.79902814e-07
-1.11569207e-06
-1.53190691e-06
-2.15519963e-06
-2.92723187e-06
-3.71772755e-06
-4.37365642e-06
-4.77968679e-06
-4.89910004e-06
-4.77590733e-06
-4.50047990e-06
-4.16030311e-06
-3.80115531e-06
-3.41304694e-06
-2.94250592e-06
-2.32297181e-06
-1.50636502e-06
-4.79489464e-07
7.37988786e-07
2.10461248e-06
3.56656852e-06
5.06163302e-06
6.51998640e-06
7.86546142e-06
9.02055130e-06
9.91762226e-06
1.05142231e-05
1.08034444e-05
1.08096508e-05
1.05697324e-05
1.01107349e-05
9.43767534e-06
8.53779289e-06
7.39483258e-06
5.99994010e-06
4.35118783e-06
2.44674261e-06
2.83919851e-07
-2.12823511e-06
-4.74826220e-06
-7.48906770e-06
-1.02264500e-05
-1.28311493e-05
-1.52100660e-05
-1.73327619e-05
-1.92233195e-05
-2.09155613e-05
-2.23931520e-05
-2.35504864e-05
-2.42037874e-05
-2.41563170e-05
-2.32897017e-05
-2.16293848e-05
-1.93324993e-05
-1.65810888e-05
-1.34217870e-05
-9.64465108e-06
-4.80408381e-06
1.56786377e-06
9.61321565e-06
1.88403152e-05
2.80854743e-05
3.58975846e-05
4.12864039e-05
4.45010129e-05
4.73266906e-05
5.24697933e-05
6.20029450e-05
7.54511894e-05
8.86083017e-05
9.41913970e-05
8.47245314e-05
5.67313931e-05
1.40394357e-05
-3.23374012e-05
-6.89618682e-05
-8.79314409e-05
-9.40933243e-05
-1.05262232e-04
-1.39539741e-04
-1.95687797e-04
-2.45055100e-04
-2.43398052e-04
-1.56497548e-04
1.46383212e-05
2.25247784e-04
4.02680623e-04
4.81587955e-04
4.36072346e-04
2.88108944e-04
9.35076226e-05
-8.31420899e-05
-1.95398945e-04
-2.33915346e-04
-2.27116809e-04
-2.20301706e-04
-2.47979334e-04
-3.15903746e-04
-3.97875754e-04
-4.47936359e-04
-4.23036491e-04
-3.05529465e-04
-1.14217168e-04
1.00860827e-04
2.78709447e-04
3.75415038e-04
3.85272839e-04
3.40871394e-04
2.91914193e-04
2.76787606e-04
3.02721321e-04
3.46409867e-04
3.69090578e-04
3.34266688e-04
2.31384382e-04
9.29691937e-05
-1.35165364e-05
-1.60901109e-05
1.25455186e-04
3.92279521e-04
6.96286392e-04
8.93055361e-04
8.23462932e-04
3.80623545e-04
-4.13067721e-04
-1.35707076e-03
-2.10885387e-03
-2.33476541e-03
-1.91646054e-03
-1.08574058e-03
-3.48767695e-04
-1.61841327e-04
-5.77625649e-04
-1.16177062e-03
-1.26104647e-03
-4.83403349e-04
9.72636292e-04
2.44535905e-03
3.26567718e-03
3.16249997e-03
2.34568954e-03
1.28785286e-03
3.95458063e-04
-1.72965598e-04
-4.48662466e-04
-5.36057580e-04
-5.45277291e-04
-5.57235223e-04
-6.00343378e-04
-6.43999111e-04
-6.26469570e-04
-5.16311632e-04
-3.57612167e-04
-2.46085865e-04
-2.67092683e-04
-4.25562961e-04
-6.08631583e-04
-6.57034780e-04
-4.92818231e-04
-1.75281402e-04
1.57372306e-04
3.84241871e-04
4.51485530e-04
3.69912657e-04
1.97322953e-04
2.20302506e-05
-7.10409488e-05
-4.57357547e-05
7.20196116e-05
2.20543086e-04
3.32228869e-04
3.53800974e-04
2.69588437e-04
1.14182375e-04
-4.55067973e-05
-1.46472506e-04
-1.60229965e-04
-1.00454402e-04
-2.20198810e-06
1.04240182e-04
1.93068748e-04
2.33961132e-04
2.02367336e-04
9.96243452e-05
-3.74578730e-05
-1.56226484e-04
-2.23655483e-04
-2.41693422e-04
-2.27741283e-04
-1.89825202e-04
-1.24166596e-04
-2.97435003e-05
7.49562306e-05
1.54166513e-04
1.74917468e-04
1.23838145e-04
1.34581003e-05
-1.17837752e-04
-2.11420427e-04
-2.09133494e-04
-9.44952599e-05
7.64130480e-05
1.98068290e-04
1.88137147e-04
5.67715083e-05
-9.15677610e-05
-1.41061055e-04
-6.09827821e-05
7.43268312e-05
1.49942896e-04
9.59345920e-05
-6.75457648e-05
-2.45359793e-04
-3.24380039e-04
-2.38850479e-04
-1.05510995e-05
2.59047237e-04
4.45022208e-04
4.68175399e-04
3.27243949e-04
8.40424976e-05
-1.67802909e-04
-3.33686022e-04
-3.52008614e-04
-2.21659657e-04
-7.67556517e-06
1.85228727e-04
2.66952922e-04
2.08847708e-04
5.09585965e-05
-1.26400324e-04
-2.41180051e-04
-2.42473295e-04
-1.34599059e-04
2.21625328e-05
1.44174082e-04
1.73948236e-04
1.13207250e-04
1.41929692e-05
-6.22634719e-05
-8.43759723e-05
-5.81084652e-05
-1.30493015e-05
1.83449654e-05
1.88532039e-05
-7.57531483e-06
-4.28269225e-05
-6.39390739e-05
-5.30031829e-05
-9.29476447e-06
4.51872437e-05
7.67409667e-05
6.23580238e-05
4.90905349e-06
-6.90591153e-05
-1.22739415e-04
-1.24285581e-04
-6.11703700e-05
5.16010855e-05
1.75465497e-04
-3.16716454e-07
-4.46225091e-07
-5.49836084e-07
-6.14461700e-07
-6.33542891e-07
-6.07380085e-07
-5.41702774e-07
-4.45441256e-07
-3.28482648e-07
-1.99716605e-07
-6.54066276e-08
7.19365744e-08
2.13670735e-07
3.63499616e-07
5.24129169e-07
6.92888454e-07
8.58134303e-07
9.98719712e-07
1.08801897e-06
1.10183099e-06
1.02707422e-06
8.67305862e-07
6.42453102e-07
3.82644467e-07
1.18487827e-07
-1.28119410e-07
-3.48978159e-07
-5.48829683e-07
-7.39498706e-07
-9.30977254e-07
-1.12259274e-06
-1.29844790e-06
-1.42974226e-06
-1.48250544e-06
-1.42655707e-06
-1.24326818e-06
-9.33927879e-07
-5.30223743e-07
-1.00087829e-07
2.64153281e-07
4.79909508e-07
5.15369693e-07
4.10256045e-07
2.60392971e-07
1.74167279e-07
2.24962250e-07
4.23061995e-07
7.18356035e-07
1.02882088e-06
1.27693570e-06
1.41565460e-06
1.43570937e-06
1.35667163e-06
1.20954555e-06
1.01897134e-06
7.92951595e-07
5.25923777e-07
2.12099177e-07
-1.40908579e-07
-5.06602185e-07
-8.44129433e-07
-1.10939058e-06
-1.26657404e-06
-1.29642636e-06
-1.20184491e-06
-1.01092589e-06
-7.75909631e-07
-5.64294210e-07
-4.38071722e-07
-4.23161637e-07
-4.85916701e-07
-5.39644379e-07
-4.87931582e-07
-2.81610745e-07
5.13503560e-08
4.23642670e-07
7.35478592e-07
9.15986036e-07
9.39442716e-07
8.18536185e-07
5.88136392e-07
2.92830494e-07
-1.80729994e-08
-2.93032896e-07
-4.82456778e-07
-5.47865397e-07
-4.76606200e-07
-2.93110332e-07
-5.43618554e-08
1.72881213e-07
3.40157805e-07
4.32893529e-07
4.66066839e-07
4.66080764e-07
4.51379424e-07
4.21871893e-07
3.62113142e-07
2.56804508e-07
1.10552750e-07
-4.13477729e-08
-1.41802637e-07
-1.38128885e-07
-1.21105871e-08
2.02729956e-07
4.27030866e-07
5.63220723e-07
5.32115262e-07
3.00434367e-07
-1.12406040e-07
-6.45723489e-07
-1.21415908e-06
-1.71689256e-06
-2.04191034e-06
-2.08233716e-06
-1.77372580e-06
-1.13669431e-06
-2.92294002e-07
5.71027515e-07
1.26663548e-06
1.67799472e-06
1.78939220e-06
1.66766552e-06
1.41439681e-06
1.11895280e-06
8.34402040e-07
5.80047527e-07
3.56827595e-07
1.58943349e-07
-2.56472004e-08
-2.21137986e-07
-4.61330700e-07
-7.68028647e-07
-1.12085955e-06
-1.44170932e-06
-1.61050340e-06
-1.51221988e-06
-1.09667219e-06
-4.21365393e-07
3.51207043e-07
1.01171724e-06
1.39300167e-06
1.44164525e-06
1.23155060e-06
9.12103554e-07
6.24151722e-07
4.35143887e-07
3.25683538e-07
2.24154168e-07
5.82187682e-08
-2.09182659e-07
-5.68275937e-07
-9.65520841e-07
-1.31323227e-06
-1.50661976e-06
-1.45182041e-06
-1.10123254e-06
-4.82798597e-07
2.91410608e-07
1.04571286e-06
1.58839888e-06
1.77176316e-06
1.54257573e-06
9.64113996e-07
2.00130778e-07
-5.37440867e-07
-1.06129303e-06
-1.27296409e-06
-1.19012966e-06
-9.24943704e-07
-6.22068479e-07
-3.85694645e-07
-2.34689676e-07
-1.09235149e-07
7.80264711e-08
3.76237260e-07
7.52828130e-07
1.09900592e-06
1.28414317e-06
1.22657376e-06
9.37780650e-07
5.15608239e-07
9.34018254e-08
-2.22632971e-07
-3.89967258e-07
-4.22553209e-07
-3.56567535e-07
-2.22530820e-07
-4.48536278e-08
1.36153328e-07
2.46722903e-07
1.93917520e-07
-8.52037157e-08
-5.68881464e-07
-1.13066197e-06
-1.57473799e-06
-1.71525431e-06
-1.46150656e-06
-8.64202729e-07
-9.77003032e-08
6.12559145e-07
1.08032530e-06
1.22360084e-06
1.07674091e-06
7.52573417e-07
3.84134005e-07
7.81734905e-08
-1.05450595e-07
-1.52182166e-07
-7.97411737e-08
7.68109520e-08
2.75482556e-07
4.71683969e-07
6.21137542e-07
6.87841114e-07
6.57117437e-07
5.46359763e-07
4.03507296e-07
2.87235607e-07
2.34268268e-07
2.31868900e-07
2.16240460e-07
1.04119464e-07
-1.57308500e-07
-5.50890537e-07
-9.84304359e-07
-1.32481153e-06
-1.45945973e-06
-1.35073881e-06
-1.05641934e-06
-7.01427067e-07
-4.17742137e-07
-2.83825568e-07
-2.92431296e-07
-3.61223618e-07
-3.80534980e-07
-2.74120833e-07
-3.91804256e-08
2.58343471e-07
5.29370962e-07
7.16970804e-07
8.26209432e-07
9.15474812e-07
1.05909541e-06
1.30161273e-06
1.62451945e-06
1.93832564e-06
2.10186962e-06
1.96668064e-06
1.44040928e-06
5.46847630e-07
-5.52752170e-07
-1.59773455e-06
-2.31392586e-06
-2.51373898e-06
-2.17255118e-06
-1.44766222e-06
-6.23336063e-07
-8.78096504e-10
2.17103233e-07
-4.96779237e-09
-5.43701431e-07
-1.18760169e-06
-1.72622609e-06
-2.01587659e-06
-2.00366965e-06
-1.71377545e-06
-1.21200613e-06
-5.69561725e-07
1.55454499e-07
9.11884032e-07
1.63681297e-06
2.24661182e-06
2.65203078e-06
2.79221504e-06
2.66850002e-06
2.35768741e-06
1.99482629e-06
1.72863504e-06
1.66285481e-06
1.80760377e-06
2.06522009e-06
2.26054656e-06
2.20681124e-06
1.78202580e-06
9.82981790e-07
-6.94509381e-08
-1.17730905e-06
-2.14145737e-06
-2.83002246e-06
-3.20735786e-06
-3.31429508e-06
-3.22408608e-06
-3.01147395e-06
-2.74848394e-06
-2.51165524e-06
-2.37801359e-06
-2.40020992e-06
-2.57616796e-06
-2.84409646e-06
-3.11319370e-06
-3.30569544e-06
-3.37884887e-06
-3.31978118e-06
-3.12759917e-06
-2.79470512e-06
-2.29403424e-06
-1.58083174e-06
-6.14075432e-07
6.12446917e-07
2.05132003e-06
3.60746331e-06
5.16397343e-06
6.61543185e-06
7.89572538e-06
8.98782511e-06
9.90863558e-06
1.06729576e-05
1.12534742e-05
1.15629479e-05
1.14765643e-05
1.08862000e-05
9.75685194e-06
8.15275886e-06
6.21618260e-06
4.10674348e-06
1.93340532e-06
-2.80563492e-07
-2.58144689e-06
-5.03513217e-06
-7.67585955e-06
-1.04768491e-05
-1.33498997e-05
-1.61666190e-05
-1.87830790e-05
-2.10562581e-05
-2.28578100e-05
-2.40957886e-05
-2.47407108e-05
-2.48340577e-05
-2.44562699e-05
-2.36522066e-05
-2.23456324e-05
-2.03019299e-05
-1.71934373e-05
-1.27701503e-05
-7.06016862e-06
-4.71331977e-07
6.31847305e-06
1.26970704e-05
1.85471831e-05
2.45200478e-05
3.19028757e-05
4.19897155e-05
5.51489428e-05
7.00584862e-05
8.36753767e-05
9.22744132e-05
9.33296217e-05
8.73353682e-05
7.82762447e-05
7.17751205e-05
7.11179429e-05
7.29905238e-05
6.58996849e-05
3.38070612e-05
-3.48881960e-05
-1.36711791e-04
-2.48064702e-04
-3.31854486e-04
-3.54341511e-04
-3.03094480e-04
-1.96020872e-04
-7.50007657e-05
1.53666359e-05
5.17645657e-05
4.15477187e-05
1.22670310e-05
-7.08122529e-06
1.23137843e-06
4.03813778e-05
1.00968302e-04
1.65681700e-04
2.16404320e-04
2.41505621e-04
2.39451549e-04
2.17210047e-04
1.85051041e-04
1.50460652e-04
1.14727026e-04
7.48884376e-05
2.92372082e-05
-1.93089533e-05
-6.48134562e-05
-1.02039998e-04
-1.28754015e-04
-1.45129639e-04
-1.51633173e-04
-1.48735841e-04
-1.38498047e-04
-1.24965649e-04
-1.12987800e-04
-1.07031165e-04
-1.09536705e-04
-1.17916081e-04
-1.22929812e-04
-1.12400743e-04
-7.95975437e-05
-2.98239936e-05
2.05974068e-05
5.24837482e-05
5.41006887e-05
2.79010886e-05
-9.56420975e-06
-3.43616069e-05
-2.61503565e-05
2.13088591e-05
9.67263606e-05
1.77630333e-04
2.41814293e-04
2.76377187e-04
2.79651454e-04
2.57878952e-04
2.21400992e-04
1.82179163e-04
1.51386478e-04
1.36352655e-04
1.38374756e-04
1.50742390e-04
1.56234182e-04
1.27970733e-04
3.82477468e-05
-1.24933442e-04
-3.41913704e-04
-5.58731800e-04
-7.04502733e-04
-7.23803101e-04
-6.08630527e-04
-4.10399753e-04
-2.19943910e-04
-1.21070195e-04
-1.40500093e-04
-2.23358929e-04
-2.55966292e-04
-1.35795877e-04
1.48688643e-04
4.91183780e-04
7.28476413e-04
7.52516714e-04
5.85627026e-04
3.56090012e-04
1.98228833e-04
1.64529669e-04
2.13562123e-04
2.61773423e-04
2.47511015e-04
1.65892323e-04
5.93768429e-05
-1.98841657e-05
-4.80467849e-05
-4.53080111e-05
-5.72399954e-05
-1.17817351e-04
-2.24960266e-04
-3.43328109e-04
-4.27225083e-04
-4.46111748e-04
-3.97896916e-04
-3.04786073e-04
-1.99201489e-04
-1.11159858e-04
-5.90935252e-05
-4.42521406e-05
-5.08348626e-05
-5.26399838e-05
-2.69271614e-05
3.03489097e-05
1.02771418e-04
1.70209537e-04
2.23539390e-04
2.60783350e-04
2.77887429e-04
2.70858038e-04
2.41728344e-04
1.99142041e-04
1.53250721e-04
1.09509647e-04
6.58323749e-05
1.39843521e-05
-5.55703082e-05
-1.43663327e-04
-2.28842259e-04
-2.67064176e-04
-2.19593389e-04
-9.12583595e-05
5.96496448e-05
1.54720832e-04
1.45059626e-04
4.00791668e-05
-1.02364323e-04
-2.12556691e-04
-2.42569073e-04
-1.81768131e-04
-5.65933587e-05
8.29582158e-05
1.87156282e-04
2.28923898e-04
2.10384015e-04
1.51122355e-04
7.18101816e-05
-1.03233807e-05
-7.70731926e-05
0.00000000e+00
4.62767807e-08
1.87604287e-07
3.15284760e-07
4.18647537e-07
4.92319043e-07
5.36143683e-07
5.53545758e-07
5.49372573e-07
5.28178837e-07
4.93398585e-07
4.47292363e-07
3.91252138e-07
3.26074536e-07
2.52057173e-07
1.69032348e-07
7.66251719e-08
-2.49483166e-08
-1.33422639e-07
-2.42749096e-07
-3.42165449e-07
-4.17410470e-07
-4.54662899e-07
-4.46105800e-07
-3.94588060e-07
-3.14802989e-07
-2.29560142e-07
-1.61853451e-07
-1.25889508e-07
-1.21214036e-07
-1.33359222e-07
-1.41832146e-07
-1.32076860e-07
-1.04613013e-07
-7.49473324e-08
-6.37060757e-08
-8.31887307e-08
-1.27880924e-07
-1.73457332e-07
-1.85380213e-07
-1.34235490e-07
-1.06476297e-08
1.68798925e-07
3.67909646e-07
5.45510289e-07
6.71471442e-07
7.37135981e-07
7.55788476e-07
7.53442888e-07
7.53555064e-07
7.60368591e-07
7.47529356e-07
6.60660036e-07
4.38905871e-07
5.04790527e-08
-4.74341581e-07
-1.03504605e-06
-1.49117103e-06
-1.72239758e-06
-1.68697885e-06
-1.44176063e-06
-1.10795090e-06
-8.02792462e-07
-5.81793135e-07
-4.27094365e-07
-2.81671343e-07
-9.93541219e-08
1.22605327e-07
3.45537873e-07
5.20768207e-07
6.26691669e-07
6.85055248e-07
7.46184572e-07
8.55450114e-07
1.02471267e-06
1.22586286e-06
1.40539432e-06
1.50737172e-06
1.49260237e-06
1.34778703e-06
1.08455068e-06
7.30886043e-07
3.19713266e-07
-1.18084936e-07
-5.52085821e-07
-9.45803133e-07
-1.25377135e-06
-1.43030037e-06
-1.45034478e-06
-1.33071765e-06
-1.13365250e-06
-9.43363838e-07
-8.25401469e-07
-7.93623061e-07
-8.07547895e-07
-8.01863561e-07
-7.28058005e-07
-5.81718723e-07
-3.99417935e-07
-2.30996098e-07
-1.09679953e-07
-3.95914608e-08
-1.48089282e-09
3.60646693e-08
1.08216861e-07
2.47286912e-07
4.73754335e-07
7.84032673e-07
1.14050023e-06
1.47415181e-06
1.70648301e-06
1.78380784e-06
1.70444253e-06
1.52110896e-06
1.31545247e-06
1.15516433e-06
1.05218629e-06
9.45875956e-07
7.29415096e-07
3.12957060e-07
-3.11274960e-07
-1.04226769e-06
-1.70236406e-06
-2.11666680e-06
-2.19798450e-06
-1.98761303e-06
-1.62646269e-06
-1.27420037e-06
-1.02673544e-06
-8.81254809e-07
-7.64819316e-07
-6.00956231e-07
-3.68212673e-07
-1.15519872e-07
7.14256150e-08
1.29237015e-07
6.22247407e-08
-5.58926797e-08
-1.22453305e-07
-5.79038429e-08
1.61214765e-07
4.97553553e-07
8.70765215e-07
1.18870294e-06
1.38010578e-06
1.41610315e-06
1.31423587e-06
1.12726374e-06
9.22476639e-07
7.57037119e-07
6.55800865e-07
6.00571727e-07
5.38671785e-07
4.11003638e-07
1.88141167e-07
-1.06340622e-07
-4.01360658e-07
-6.11238830e-07
-6.80108369e-07
-6.15648611e-07
-4.91732611e-07
-4.15240668e-07
-4.73948102e-07
-6.94235383e-07
-1.03099846e-06
-1.39117716e-06
-1.67251468e-06
-1.79554463e-06
-1.71837600e-06
-1.43609515e-06
-9.74470541e-07
-3.87309864e-07
2.44322575e-07
8.21377537e-07
1.25028974e-06
1.47467424e-06
1.49871810e-06
1.38473061e-06
1.22208848e-06
1.08316450e-06
9.89858411e-07
9.10203688e-07
7.88113098e-07
5.87800821e-07
3.24238205e-07
6.13468476e-08
-1.20157569e-07
-1.66968053e-07
-8.43285235e-08
6.39780695e-08
1.86851940e-07
2.09673908e-07
1.05122213e-07
-1.03500040e-07
-3.62827706e-07
-6.18184977e-07
-8.33273017e-07
-9.91926158e-07
-1.08719904e-06
-1.11163663e-06
-1.05750356e-06
-9.25971257e-07
-7.37099293e-07
-5.29419334e-07
-3.44260967e-07
-2.02253701e-07
-8.80775250e-08
4.21174177e-08
2.30310783e-07
4.81188078e-07
7.46611373e-07
9.42898211e-07
9.92446996e-07
8.67862337e-07
6.15469698e-07
3.42550283e-07
1.69235878e-07
1.68567053e-07
3.29615264e-07
5.65369847e-07
7.58370105e-07
8.14053464e-07
6.93227576e-07
4.15742288e-07
4.51847910e-08
-3.34893876e-07
-6.47992251e-07
-8.48053689e-07
-9.30918295e-07
-9.29091678e-07
-8.89477002e-07
-8.43389505e-07
-7.87463650e-07
-6.88652474e-07
-5.10006087e-07
-2.40389941e-07
9.01092672e-08
4.16532481e-07
6.61804332e-07
7.65577130e-07
7.08707750e-07
5.23718770e-07
2.85852812e-07
8.70261009e-08
1.79239377e-09
5.70885760e-08
2.17623029e-07
3.95400668e-07
4.83559231e-07
4.02570302e-07
1.37602799e-07
-2.51487380e-07
-6.52638999e-07
-9.44765686e-07
-1.03979139e-06
-9.06241278e-07
-5.71533903e-07
-1.09921455e-07
3.76209975e-07
7.77439210e-07
1.00053329e-06
9.93053443e-07
7.61836932e-07
3.73555743e-07
-6.69453933e-08
-4.51266331e-07
-7.00396569e-07
-7.85237258e-07
-7.27892719e-07
-5.82642885e-07
-4.06217326e-07
-2.34724381e-07
-7.77546330e-08
7.34136444e-08
2.31934121e-07
4.02471836e-07
5.73582831e-07
7.16081970e-07
7.87009549e-07
7.43086556e-07
5.65125904e-07
2.82277890e-07
-2.24680468e-08
-2.35894851e-07
-2.60464440e-07
-6.31027458e-08
2.97589704e-07
6.83936341e-07
9.30511284e-07
9.09755756e-07
5.80840820e-07
3.66265501e-09
-6.83240636e-07
-1.31196852e-06
-1.74358915e-06
-1.91106724e-06
-1.82962909e-06
-1.57426175e-06
-1.24019758e-06
-9.07115445e-07
-6.19855390e-07
-3.87671999e-07
-1.97621046e-07
-3.19898410e-08
1.21965454e-07
2.72999867e-07
4.31307876e-07
6.09532412e-07
8.16261175e-07
1.04874924e-06
1.29340937e-06
1.53341811e-06
1.75505368e-06
1.94789409e-06
2.09985973e-06
2.18989514e-06
2.18477892e-06
2.04661365e-06
1.74905487e-06
1.29236590e-06
7.09716051e-07
6.42917013e-08
-5.61086077e-07
-1.08235678e-06
-1.44163973e-06
-1.63556863e-06
-1.72464261e-06
-1.80776833e-06
-1.96890599e-06
-2.22815598e-06
-2.53157629e-06
-2.78609060e-06
-2.91551157e-06
-2.90191387e-06
-2.78756304e-06
-2.64063465e-06
-2.50979657e-06
-2.39570938e-06
-2.25436742e-06
-2.02500326e-06
-1.66135923e-06
-1.15082532e-06
-5.16004391e-07
2.00361108e-07
9.58107126e-07
1.73598859e-06
2.53232125e-06
3.35266222e-06
4.19428492e-06
5.03594141e-06
5.83632185e-06
6.53857568e-06
7.07713764e-06
7.38667190e-06
7.41398370e-06
7.13187501e-06
6.55210030e-06
5.73198603e-06
4.76667724e-06
3.76281080e-06
2.80057114e-06
1.89934735e-06
1.00318140e-06
-2.80084912e-09
-1.24507185e-06
-2.80058858e-06
-4.65254669e-06
-6.68687654e-06
-8.73073605e-06
-1.06145389e-05
-1.22287436e-05
-1.35486794e-05
-1.46171047e-05
-1.54972656e-05
-1.62220806e-05
-1.67626009e-05
-1.70272191e-05
-1.68876564e-05
-1.62163557e-05
-1.49172605e-05
-1.29358896e-05
-1.02476734e-05
-6.84162855e-06
-2.72422762e-06
2.04678135e-06
7.31999700e-06
1.28464666e-05
1.83518935e-05
2.36745529e-05
2.89017998e-05
3.44041299e-05
4.06844326e-05
4.80451124e-05
5.61984536e-05
6.40400253e-05
6.97920568e-05
7.15658194e-05
6.81310712e-05
5.94527647e-05
4.65452710e-05
3.05305523e-05
1.13979180e-05
-1.26797092e-05
-4.47874314e-05
-8.68793862e-05
-1.36626055e-04
-1.86316590e-04
-2.24352493e-04
-2.38222987e-04
-2.19296248e-04
-1.67714472e-04
-9.40305274e-05
-1.55875156e-05
5.06772763e-05
9.46571698e-05
1.15897111e-04
1.22248864e-04
1.24939598e-04
1.32446372e-04
1.45749074e-04
1.58016211e-04
1.59523392e-04
1.44188465e-04
1.13347473e-04
7.52769531e-05
4.11780606e-05
1.96060442e-05
1.15875952e-05
9.26407628e-06
7.25482253e-08
-2.56744461e-05
-6.85727309e-05
-1.18565710e-04
-1.59259725e-04
-1.76101400e-04
-1.63523572e-04
-1.27225615e-04
-8.10574129e-05
-4.01678414e-05
-1.37770999e-05
-1.29418346e-06
6.18253095e-06
1.94622184e-05
4.33967470e-05
7.29669571e-05
9.62805217e-05
1.01858346e-04
8.48936839e-05
4.91495986e-05
4.46902545e-06
-3.81055738e-05
-7.10743631e-05
-9.24335403e-05
-1.04366239e-04
-1.10271535e-04
-1.10802650e-04
-1.01862964e-04
-7.79848335e-05
-3.78051069e-05
1.37264464e-05
6.70293355e-05
1.11657697e-04
1.40561187e-04
1.53352660e-04
1.56811217e-04
1.60862135e-04
1.71435360e-04
1.85590078e-04
1.93784930e-04
1.87526852e-04
1.64952190e-04
1.30967549e-04
9.42704551e-05
6.19612122e-05
3.28437281e-05
-5.75786276e-06
-7.32260109e-05
-1.83196921e-04
-3.31220489e-04
-4.91626254e-04
-6.24869526e-04
-6.90918879e-04
-6.63192087e-04
-5.37909720e-04
-3.37559766e-04
-1.08661184e-04
9.36040806e-05
2.31800313e-04
3.03969122e-04
3.39828236e-04
3.77833303e-04
4.41440383e-04
5.27440021e-04
6.08021055e-04
6.43486425e-04
5.99782986e-04
4.68292154e-04
2.77500575e-04
8.04483631e-05
-7.54496775e-05
-1.74064765e-04
-2.34159655e-04
-2.89810489e-04
-3.65661172e-04
-4.61675947e-04
-5.49890829e-04
-5.84059685e-04
-5.21792016e-04
-3.51511595e-04
-1.10291701e-04
1.19729920e-04
2.47759026e-04
2.32928166e-04
0.00000000e+00
0.00000000e+00
0.00000000e+00
0.00000000e+00
0.00000000e+00
0.00000000e+00
0.00000000e+00
0.00000000e+00
0.00000000e+00
0.00000000e+00
0.00000000e+00
0.00000000e+00
0.00000000e+00
0.00000000e+00
0.00000000e+00
0.00000000e+00
0.00000000e+00
0.00000000e+00
0.00000000e+00
0.00000000e+00
0.00000000e+00
0.00000000e+00
0.00000000e+00
0.00000000e+00
0.00000000e+00
0.00000000e+00
0.00000000e+00
0.00000000e+00
0.00000000e+00
0.00000000e+00
0.00000000e+00
0.00000000e+00
0.00000000e+00
0.00000000e+00
0.00000000e+00
0.00000000e+00
0.00000000e+00
0.00000000e+00
0.00000000e+00
0.00000000e+00
0.00000000e+00
0.00000000e+00
0.00000000e+00
0.00000000e+00
0.00000000e+00
0.00000000e+00
0.00000000e+00
0.00000000e+00
0.00000000e+00
0.00000000e+00
0.00000000e+00
0.00000000e+00
0.00000000e+00
0.00000000e+00
0.00000000e+00
0.00000000e+00
0.00000000e+00
0.00000000e+00
0.00000000e+00
0.00000000e+00
0.00000000e+00
0.00000000e+00
0.00000000e+00
0.00000000e+00
0.00000000e+00
0.00000000e+00
0.00000000e+00
0.00000000e+00
0.00000000e+00
0.00000000e+00
0.00000000e+00
0.00000000e+00
0.00000000e+00
0.00000000e+00
0.00000000e+00
0.00000000e+00
0.00000000e+00
0.00000000e+00
0.00000000e+00
0.00000000e+00
0.00000000e+00
0.00000000e+00
0.00000000e+00
0.00000000e+00
0.00000000e+00
0.00000000e+00
0.00000000e+00
0.00000000e+00
0.00000000e+00
0.00000000e+00
0.00000000e+00
0.00000000e+00
0.00000000e+00
0.00000000e+00
0.00000000e+00
0.00000000e+00
0.00000000e+00
0.00000000e+00
0.00000000e+00
0.00000000e+00
0.00000000e+00
0.00000000e+00
0.00000000e+00
0.00000000e+00
0.00000000e+00
0.00000000e+00
0.00000000e+00
0.00000000e+00
0.00000000e+00
0.00000000e+00
0.00000000e+00
0.00000000e+00
0.00000000e+00
0.00000000e+00
0.00000000e+00
0.00000000e+00
0.00000000e+00
0.00000000e+00
0.00000000e+00
0.00000000e+00
0.00000000e+00
0.00000000e+00
0.00000000e+00
0.00000000e+00
0.00000000e+00
0.00000000e+00
0.00000000e+00
0.00000000e+00
0.00000000e+00
0.00000000e+00
0.00000000e+00
0.00000000e+00
0.00000000e+00
0.00000000e+00
0.00000000e+00
0.00000000e+00
0.00000000e+00
0.00000000e+00
0.00000000e+00
0.00000000e+00
0.00000000e+00
0.00000000e+00
0.00000000e+00
0.00000000e+00
0.00000000e+00
0.00000000e+00
0.00000000e+00
0.00000000e+00
0.00000000e+00
0.00000000e+00
0.00000000e+00
0.00000000e+00
0.00000000e+00
0.00000000e+00
0.00000000e+00
0.00000000e+00
0.00000000e+00
0.00000000e+00
0.00000000e+00
0.00000000e+00
0.00000000e+00
0.00000000e+00
0.00000000e+00
0.00000000e+00
0.00000000e+00
0.00000000e+00
0.00000000e+00
0.00000000e+00
0.00000000e+00
0.00000000e+00
0.00000000e+00
0.00000000e+00
0.00000000e+00
0.00000000e+00
0.00000000e+00
0.00000000e+00
0.00000000e+00
0.00000000e+00
0.00000000e+00
0.00000000e+00
0.00000000e+00
0.00000000e+00
0.00000000e+00
0.00000000e+00
0.00000000e+00
0.00000000e+00
0.00000000e+00
0.00000000e+00
0.00000000e+00
0.00000000e+00
0.00000000e+00
0.00000000e+00
0.00000000e+00
0.00000000e+00
0.00000000e+00
0.00000000e+00
0.00000000e+00
0.00000000e+00
0.00000000e+00
0.00000000e+00
0.00000000e+00
0.00000000e+00
0.00000000e+00
0.00000000e+00
0.00000000e+00
0.00000000e+00
0.00000000e+00
0.00000000e+00
0.00000000e+00
0.00000000e+00
0.00000000e+00
0.00000000e+00
0.00000000e+00
0.00000000e+00
0.00000000e+00
0.00000000e+00
0.00000000e+00
0.00000000e+00
0.00000000e+00
0.00000000e+00
0.00000000e+00
0.00000000e+00
0.00000000e+00
0.00000000e+00
0.00000000e+00
0.00000000e+00
0.00000000e+00
0.00000000e+00
0.00000000e+00
0.00000000e+00
0.00000000e+00
0.00000000e+00
0.00000000e+00
0.00000000e+00
0.00000000e+00
0.00000000e+00
0.00000000e+00
0.00000000e+00
0.00000000e+00
0.00000000e+00
0.00000000e+00
0.00000000e+00
0.00000000e+00
0.00000000e+00
0.00000000e+00
0.00000000e+00
0.00000000e+00
0.00000000e+00
0.00000000e+00
0.00000000e+00
0.00000000e+00
0.00000000e+00
0.00000000e+00
0.00000000e+00
0.00000000e+00
0.00000000e+00
0.00000000e+00
0.00000000e+00
0.00000000e+00
0.00000000e+00
0.00000000e+00
0.00000000e+00
0.00000000e+00
0.00000000e+00
0.00000000e+00
0.00000000e+00
0.00000000e+00
0.00000000e+00
0.00000000e+00
0.00000000e+00
0.00000000e+00
0.00000000e+00
-1.14089847e-08
8.48853564e-08
1.60288943e-07
2.06205596e-07
2.20133757e-07
2.05217461e-07
1.68521640e-07
1.19269146e-07
6.78902683e-08
2.57988640e-08
4.95640175e-09
1.63309477e-08
6.74394319e-08
1.60290147e-07
2.91131611e-07
4.52220406e-07
6.34182248e-07
8.26506818e-07
1.01478769e-06
1.17603697e-06
1.27606354e-06
1.27363106e-06
1.13318523e-06
8.41855139e-07
4.20955706e-07
-7.74797160e-08
-5.90123045e-07
-1.06731032e-06
-1.48840858e-06
-1.85778755e-06
-2.18265109e-06
-2.44556693e-06
-2.59090252e-06
-2.53821262e-06
-2.21995253e-06
-1.62509925e-06
-8.22461734e-07
5.31808856e-08
8.46386889e-07
1.43282756e-06
1.75110833e-06
1.80547190e-06
1.64850051e-06
1.35909068e-06
1.02496308e-06
7.28067845e-07
5.27864092e-07
4.45437348e-07
4.59001444e-07
5.17762678e-07
5.69193382e-07
5.83602000e-07
5.61006662e-07
5.17839865e-07
4.65072130e-07
3.95731623e-07
2.92544015e-07
1.49286874e-07
-1.31281103e-08
-1.49629984e-07
-2.10535116e-07
-1.64648619e-07
-1.36697390e-08
2.06363729e-07
4.33319193e-07
5.92095429e-07
6.10878695e-07
4.41305942e-07
7.82979271e-08
-4.32239278e-07
-1.00684023e-06
-1.55427426e-06
-2.00468296e-06
-2.32140544e-06
-2.49296617e-06
-2.51978786e-06
-2.41271315e-06
-2.20358911e-06
-1.95031436e-06
-1.71920749e-06
-1.54946387e-06
-1.42505283e-06
-1.27631230e-06
-1.01313232e-06
-5.71494017e-07
5.18719610e-08
7.94874036e-07
1.55780117e-06
2.24838357e-06
2.82041267e-06
3.28607056e-06
3.69715906e-06
4.10751830e-06
4.53742758e-06
4.95753124e-06
5.29752747e-06
5.47080867e-06
5.40234975e-06
5.05218400e-06
4.42989044e-06
3.59433753e-06
2.63491582e-06
1.63931481e-06
6.62291848e-07
-2.89218516e-07
-1.24890936e-06
-2.26702378e-06
-3.37994603e-06
-4.58569564e-06
-5.83472966e-06
-7.03982140e-06
-8.10437676e-06
-8.96006336e-06
-9.59610357e-06
-1.00642500e-05
-1.04522867e-05
-1.08312644e-05
-1.11975201e-05
-1.14411882e-05
-1.13660980e-05
-1.07611725e-05
-9.49347895e-06
-7.57352048e-06
-5.14940913e-06
-2.42124685e-06
4.87283952e-07
3.63203218e-06
7.25839919e-06
1.16852241e-05
1.70902893e-05
2.32914761e-05
2.96559697e-05
3.52436247e-05
3.91843264e-05
4.11332021e-05
4.15199960e-05
4.13152809e-05
4.12479711e-05
4.07871051e-05
3.75544822e-05
2.78288872e-05
8.30464815e-06
-2.14023615e-05
-5.70305810e-05
-9.06633980e-05
-1.14066020e-04
-1.21848092e-04
-1.13348286e-04
-9.26383567e-05
-6.53828964e-05
-3.50794677e-05
-2.96966370e-06
2.93880608e-05
5.79456259e-05
7.64495559e-05
7.99036607e-05
6.82252637e-05
4.65022595e-05
2.28002967e-05
4.86887717e-06
-2.85865561e-06
-7.28800956e-07
6.46946259e-06
1.14304560e-05
8.46250956e-06
-2.22661207e-06
-1.44692543e-05
-2.03276461e-05
-1.39610128e-05
5.87071673e-06
3.38243394e-05
5.94056752e-05
7.27189887e-05
6.82766559e-05
4.57791070e-05
1.15251358e-05
-2.21767816e-05
-4.34993865e-05
-4.73390518e-05
-3.64573331e-05
-1.94665792e-05
-7.74373983e-06
-1.04735678e-05
-2.88251740e-05
-5.41580825e-05
-7.28507360e-05
-7.42795824e-05
-5.61255956e-05
-2.49865758e-05
7.44228727e-06
3.05272337e-05
3.86395385e-05
3.19566878e-05
1.63722138e-05
8.87409469e-07
-7.81483082e-06
-8.82853358e-06
-6.12358465e-06
-4.81070819e-06
-7.86121922e-06
-1.42602509e-05
-1.92869879e-05
-1.95271004e-05
-1.55676396e-05
-8.33307920e-06
2.10060566e-06
1.43574027e-05
2.67656645e-05
3.91633749e-05
5.20147445e-05
6.58307159e-05
8.11509411e-05
9.75322118e-05
1.13484030e-04
1.26637033e-04
1.34030270e-04
1.33836749e-04
1.24797048e-04
1.02614682e-04
5.96103822e-05
-8.79308055e-06
-9.67445331e-05
-1.87286417e-04
-2.59009583e-04
-2.95840196e-04
-2.94404858e-04
-2.64832867e-04
-2.25777893e-04
-1.95841410e-04
-1.82514864e-04
-1.74613870e-04
-1.46368442e-04
-7.23780951e-05
5.42625899e-05
2.11063714e-04
3.49963799e-04
4.17987191e-04
3.85922558e-04
2.69835448e-04
1.29256694e-04
1.91199400e-08
5.71491778e-08
9.12491891e-08
1.18503784e-07
1.37432100e-07
1.47960296e-07
1.50972361e-07
1.47724599e-07
1.39384717e-07
1.26817938e-07
1.10595972e-07
9.11294559e-08
6.88315316e-08
4.42655770e-08
1.82684732e-08
-7.94561137e-09
-3.27296343e-08
-5.40967855e-08
-7.00737832e-08
-7.93061056e-08
-8.17078549e-08
-7.88052789e-08
-7.34497447e-08
-6.88061035e-08
-6.69591650e-08
-6.79435485e-08
-6.99366270e-08
-7.05794615e-08
-6.85521848e-08
-6.43572197e-08
-5.97241969e-08
-5.58816111e-08
-5.18917297e-08
-4.44705451e-08
-2.96139529e-08
-4.74966124e-09
3.03856137e-08
7.45244341e-08
1.25610239e-07
1.79600138e-07
2.27617753e-07
2.54557900e-07
2.42736481e-07
1.80736044e-07
7.25426165e-08
-5.96209049e-08
-1.81797141e-07
-2.61687092e-07
-2.82154666e-07
-2.47385645e-07
-1.78754150e-07
-1.03638363e-07
-4.37245982e-08
-8.52392937e-09
3.85301046e-09
1.29845931e-09
-7.41203029e-09
-1.44329523e-08
-1.18541541e-08
9.30018142e-09
5.71218905e-08
1.33284169e-07
2.27156883e-07
3.14641164e-07
3.64804903e-07
3.52904602e-07
2.73454097e-07
1.45311150e-07
4.64297340e-09
-1.11129517e-07
-1.79901718e-07
-2.03006580e-07
-2.00644418e-07
-1.98155840e-07
-2.12128031e-07
-2.44235520e-07
-2.84511199e-07
-3.19686748e-07
-3.40063314e-07
-3.40748563e-07
-3.18383787e-07
-2.68067396e-07
-1.83947153e-07
-6.30751740e-08
9.04613374e-08
2.63510919e-07
4.34672356e-07
5.77744659e-07
6.67199322e-07
6.84807379e-07
6.25790948e-07
5.01841005e-07
3.38818662e-07
1.69286441e-07
2.23625741e-08
-8.50959444e-08
-1.52125567e-07
-1.90537804e-07
-2.16901408e-07
-2.44192918e-07
-2.77473650e-07
-3.15008716e-07
-3.52469014e-07
-3.86024610e-07
-4.12148293e-07
-4.25576170e-07
-4.18484653e-07
-3.82553537e-07
-3.13216102e-07
-2.13263504e-07
-9.26447975e-08
3.57074834e-08
1.60781407e-07
2.75297451e-07
3.73430333e-07
4.47191802e-07
4.85080816e-07
4.75120346e-07
4.11637566e-07
3.01793717e-07
1.66811473e-07
3.59056019e-08
-6.41513309e-08
-1.18346132e-07
-1.27090278e-07
-1.02715557e-07
-6.12705105e-08
-1.45733645e-08
3.36985479e-08
8.66709875e-08
1.48234516e-07
2.14858239e-07
2.70060867e-07
2.86700580e-07
2.38161782e-07
1.13055923e-07
-7.53106595e-08
-2.90963306e-07
-4.88165088e-07
-6.28195026e-07
-6.91391216e-07
-6.79393107e-07
-6.08508705e-07
-4.99487814e-07
-3.69130025e-07
-2.26670561e-07
-7.56330661e-08
8.07483272e-08
2.34668399e-07
3.73037728e-07
4.81529989e-07
5.50633722e-07
5.79330447e-07
5.73246933e-07
5.38281971e-07
4.75096898e-07
3.79934202e-07
2.51959208e-07
1.01637197e-07
-4.67490080e-08
-1.61750252e-07
-2.17729919e-07
-2.07087689e-07
-1.44842842e-07
-6.24958575e-08
5.47429462e-09
3.46771416e-08
1.71707892e-08
-3.98518130e-08
-1.19687219e-07
-2.02470915e-07
-2.70715536e-07
-3.13411041e-07
-3.27815052e-07
-3.18403029e-07
-2.93629370e-07
-2.61621815e-07
-2.26071302e-07
-1.84482527e-07
-1.30669035e-07
-6.05569234e-08
2.26455666e-08
1.07319868e-07
1.77154828e-07
2.18256236e-07
2.26260957e-07
2.09493381e-07
1.85952018e-07
1.75366465e-07
1.90423339e-07
2.31238748e-07
2.85079475e-07
3.31266673e-07
3.49347765e-07
3.27160878e-07
2.64897537e-07
1.73250611e-07
6.75640392e-08
-3.80003998e-08
-1.33357350e-07
-2.12425956e-07
-2.72299544e-07
-3.13084285e-07
-3.37677506e-07
-3.50148498e-07
-3.52734783e-07
-3.43300975e-07
-3.15325717e-07
-2.61416475e-07
-1.79430104e-07
-7.76293925e-08
2.51969181e-08
1.06017685e-07
1.47515015e-07
1.46542867e-07
1.16644622e-07
8.28938940e-08
7.11257254e-08
9.65717444e-08
1.56974750e-07
2.33198363e-07
2.97388370e-07
3.25081919e-07
3.05081416e-07
2.42190279e-07
1.52157586e-07
5.26176630e-08
-4.39999836e-08
-1.31545060e-07
-2.06214276e-07
-2.62560396e-07
-2.93363318e-07
-2.93046022e-07
-2.61448931e-07
-2.05016703e-07
-1.34485504e-07
-6.04382854e-08
1.04182492e-08
7.58381977e-08
1.35384007e-07
1.86746115e-07
2.23935508e-07
2.38788989e-07
2.24773190e-07
1.80797646e-07
1.13160734e-07
3.44701493e-08
-4.06377603e-08
-1.01479831e-07
-1.45967262e-07
-1.80555568e-07
-2.14664541e-07
-2.52932947e-07
-2.90253629e-07
-3.12488179e-07
-3.02714776e-07
-2.50065425e-07
-1.56474930e-07
-3.72249857e-08
8.54345106e-08
1.92138103e-07
2.74202396e-07
3.34800309e-07
3.82838019e-07
4.23653364e-07
4.52690008e-07
4.56376360e-07
4.19644347e-07
3.35280204e-07
2.09571785e-07
6.14223206e-08
-8.42493176e-08
-2.05382307e-07
-2.90108449e-07
-3.39742395e-07
-3.66392844e-07
-3.86363506e-07
-4.11911282e-07
-4.44705028e-07
-4.74046593e-07
-4.80562214e-07
-4.43692083e-07
-3.50197180e-07
-2.00732193e-07
-1.16381337e-08
1.89523985e-07
3.72853987e-07
5.14797370e-07
6.02694508e-07
6.34343104e-07
6.14521021e-07
5.51406708e-07
4.54453465e-07
3.33042435e-07
1.94921281e-07
4.50050655e-08
-1.13675104e-07
-2.76089535e-07
-4.30141574e-07
-5.54394104e-07
-6.22063751e-07
-6.10580298e-07
-5.12091723e-07
-3.39579549e-07
-1.24835466e-07
9.12236175e-08
2.70650036e-07
3.87244634e-07
4.29988634e-07
4.02543171e-07
3.20634437e-07
2.07745510e-07
8.90104379e-08
-1.55179759e-08
-9.51639938e-08
-1.48102537e-07
-1.77134811e-07
-1.85225689e-07
-1.73766119e-07
-1.44068998e-07
-1.00274369e-07
-5.12047217e-08
-9.34945795e-09
1.31337690e-08
9.10271054e-09
-2.11099042e-08
-7.03733149e-08
-1.27236191e-07
-1.78081509e-07
-2.08182199e-07
-2.03262397e-07
-1.53529617e-07
-5.91163697e-08
6.72051965e-08
2.03103584e-07
3.24258071e-07
4.12105785e-07
4.58322248e-07
4.65351058e-07
4.43891464e-07
4.08756496e-07
3.74577672e-07
3.52057650e-07
3.44894457e-07
3.48126710e-07
3.49290474e-07
3.32611711e-07
2.84301849e-07
1.96166572e-07
6.61778189e-08
-1.03238220e-07
-3.07460677e-07
-5.40522128e-07
-7.93370393e-07
-1.05050323e-06
-1.28773730e-06
-1.47370038e-06
-1.57593285e-06
-1.57013934e-06
-1.44930604e-06
-1.22882018e-06
-9.44562923e-07
-6.43162032e-07
-3.66993073e-07
-1.39520296e-07
4.26027256e-08
2.06555116e-07
3.90744841e-07
6.28369557e-07
9.33982398e-07
1.29816682e-06
1.69156281e-06
2.07482067e-06
2.40896334e-06
2.66240329e-06
2.81381615e-06
2.85209232e-06
2.77501893e-06
2.58758916e-06
2.29986135e-06
1.92435585e-06
1.47386843e-06
9.60625097e-07
3.96650122e-07
-2.05636213e-07
-8.33280644e-07
-1.47298951e-06
-2.11087742e-06
-2.73128059e-06
-3.31506819e-06
-3.83911967e-06
-4.27863869e-06
-4.61151294e-06
-4.82201002e-06
-4.90197591e-06
-4.84989506e-06
-4.66968461e-06
-4.37015077e-06
-3.96404017e-06
-3.46549025e-06
-2.88598348e-06
-2.23031349e-06
-1.49482768e-06
-6.69620161e-07
2.55663965e-07
1.28461151e-06
2.40799186e-06
3.60124506e-06
4.82680479e-06
6.04039650e-06
7.19893845e-06
8.26664429e-06
9.21633421e-06
1.00255480e-05
1.06698490e-05
1.11163975e-05
1.13199669e-05
1.12234722e-05
1.07659543e-05
9.89986055e-06
8.61370525e-06
6.94808364e-06
4.98900272e-06
2.82890534e-06
5.04599025e-07
-2.05497092e-06
-5.02687239e-06
-8.61123679e-06
-1.28850666e-05
-1.76627778e-05
-2.24614058e-05
-2.66430950e-05
-2.97203720e-05
-3.16897018e-05
-3.31712892e-05
-3.51534435e-05
-3.83084583e-05
-4.21242168e-05
-4.43506759e-05
-4.13169563e-05
-2.93994426e-05
-7.27710263e-06
2.22906325e-05
5.27359796e-05
7.63870158e-05
8.82478821e-05
8.82775753e-05
8.08429608e-05
7.18699381e-05
6.52557714e-05
6.06390859e-05
5.38813931e-05
4.02054035e-05
1.79356050e-05
-9.72384988e-06
-3.59264199e-05
-5.37861254e-05
-6.03081940e-05
-5.81898604e-05
-5.39565196e-05
-5.35632243e-05
-5.86454723e-05
-6.56633728e-05
-6.83609103e-05
-6.19382947e-05
-4.62809459e-05
-2.61557868e-05
-8.29985028e-06
2.56272823e-06
6.31897795e-06
7.27435557e-06
1.12483589e-05
2.17003876e-05
3.74995742e-05
5.35969385e-05
6.39250694e-05
6.47832126e-05
5.67126509e-05
4.39068474e-05
3.14799401e-05
2.20689733e-05
1.42331745e-05
3.97177303e-06
-1.18138034e-05
-3.21540678e-05
-5.14952329e-05
-6.21335201e-05
-5.84999758e-05
-4.08620642e-05
-1.58778034e-05
6.47558253e-06
1.81618641e-05
1.74626793e-05
9.73130140e-06
4.03721789e-06
7.76422412e-06
2.19788598e-05
4.02302313e-05
5.21914748e-05
5.04320841e-05
3.54501084e-05
1.51393348e-05
-7.61465618e-07
-6.67868413e-06
-3.63371656e-06
2.74706131e-06
6.69572601e-06
5.61613498e-06
3.37634274e-07
-6.89281768e-06
-1.44434933e-05
-2.20993538e-05
-2.53117808e-09
1.19895638e-07
2.26053898e-07
3.04826896e-07
3.51364142e-07
3.66979084e-07
3.57170133e-07
3.28959411e-07
2.88715127e-07
2.41085744e-07
1.89039993e-07
1.34591905e-07
7.96849028e-08
2.68633920e-08
-2.04187012e-08
-5.80999160e-08
-8.27097430e-08
-9.32109591e-08
-9.26609655e-08
-8.86652877e-08
-9.15426134e-08
-1.10046058e-07
-1.46270773e-07
-1.92059402e-07
-2.28838155e-07
-2.32142242e-07
-1.80304785e-07
-6.44942037e-08
1.04455819e-07
2.96772604e-07
4.73251522e-07
5.99860187e-07
6.60023467e-07
6.57021648e-07
6.05202536e-07
5.17383456e-07
3.97083157e-07
2.39781160e-07
4.12640569e-08
-1.93702518e-07
-4.47412459e-07
-6.91538221e-07
-8.94345831e-07
-1.02942792e-06
-1.08126678e-06
-1.04614202e-06
-9.30775436e-07
-7.51280961e-07
-5.32493032e-07
-3.04107713e-07
-9.15729332e-08
9.30215330e-08
2.51538135e-07
3.89646504e-07
5.03953726e-07
5.78791260e-07
5.98347036e-07
5.64988754e-07
5.07661030e-07
4.70914243e-07
4.88555788e-07
5.60532094e-07
6.50882206e-07
7.06809322e-07
6.85463128e-07
5.71503959e-07
3.76253758e-07
1.25332116e-07
-1.51116561e-07
-4.19660100e-07
-6.46072562e-07
-8.06241614e-07
-8.97059350e-07
-9.34023108e-07
-9.32617859e-07
-8.87310508e-07
-7.66870582e-07
-5.31701119e-07
-1.63259223e-07
3.09850183e-07
8.04629716e-07
1.20305138e-06
1.39466510e-06
1.32403769e-06
1.01554982e-06
5.61340326e-07
8.02256989e-08
-3.29166447e-07
-6.16979976e-07
-7.84261395e-07
-8.65306964e-07
-8.99897151e-07
-9.08594901e-07
-8.85738100e-07
-8.09456510e-07
-6.57270226e-07
-4.17853717e-07
-9.41104678e-08
2.96766342e-07
7.19545172e-07
1.11758062e-06
1.41597059e-06
1.53739033e-06
1.43163034e-06
1.10331924e-06
6.17926254e-07
8.01521096e-08
-4.03502958e-07
-7.59883240e-07
-9.68986277e-07
-1.05958989e-06
-1.08284481e-06
-1.07931133e-06
-1.05838612e-06
-9.99028758e-07
-8.65996561e-07
-6.31902162e-07
-2.94520050e-07
1.16000240e-07
5.41879883e-07
9.13836451e-07
1.17307703e-06
1.29073106e-06
1.27650267e-06
1.17210543e-06
1.02979794e-06
8.87996911e-07
7.58569984e-07
6.27020965e-07
4.63344709e-07
2.39755703e-07
-5.37541536e-08
-4.04241940e-07
-7.81110804e-07
-1.14874944e-06
-1.47686541e-06
-1.74018290e-06
-1.90988638e-06
-1.94723340e-06
-1.80959336e-06
-1.46828278e-06
-9.28614511e-07
-2.42660253e-07
4.90292874e-07
1.14315747e-06
1.60277657e-06
1.81685381e-06
1.81455017e-06
1.68382046e-06
1.51904099e-06
1.37057299e-06
1.22426325e-06
1.02258655e-06
7.15225787e-07
3.04392692e-07
-1.46778865e-07
-5.46954343e-07
-8.26924267e-07
-9.74802028e-07
-1.03466869e-06
-1.07315917e-06
-1.13663603e-06
-1.22401480e-06
-1.29054506e-06
-1.27911610e-06
-1.15747247e-06
-9.35506814e-07
-6.54004575e-07
-3.56780801e-07
-6.46851841e-08
2.31442475e-07
5.54217774e-07
9.14847953e-07
1.29597869e-06
1.64727197e-06
1.89435295e-06
1.96040402e-06
1.79410229e-06
1.39321575e-06
8.13066687e-07
1.54866416e-07
-4.61490045e-07
-9.31111687e-07
-1.19344453e-06
-1.24692929e-06
-1.14398106e-06
-9.66525552e-07
-7.95011368e-07
-6.85304240e-07
-6.57158845e-07
-6.94639864e-07
-7.55349972e-07
-7.83687066e-07
-7.25082256e-07
-5.38741942e-07
-2.08744557e-07
2.46911943e-07
7.73237875e-07
1.28354844e-06
1.67643567e-06
1.86620712e-06
1.81506825e-06
1.54894772e-06
1.14982774e-06
7.25752469e-07
3.69459322e-07
1.24930878e-07
-2.30757503e-08
-1.32221083e-07
-2.69940823e-07
-4.81793314e-07
-7.72251374e-07
-1.10639114e-06
-1.43064920e-06
-1.69791030e-06
-1.88236115e-06
-1.97614298e-06
-1.97207961e-06
-1.84933953e-06
-1.57562362e-06
-1.12610178e-06
-5.08306092e-07
2.21143089e-07
9.61162205e-07
1.59380950e-06
2.02369466e-06
2.21200158e-06
2.18582118e-06
2.01544110e-06
1.77920330e-06
1.53630011e-06
1.31141904e-06
1.09360125e-06
8.50797424e-07
5.53074477e-07
1.92422970e-07
-2.10165304e-07
-6.12954016e-07
-9.69036865e-07
-1.23901477e-06
-1.40068139e-06
-1.45266531e-06
-1.40820057e-06
-1.28675327e-06
-1.10926022e-06
-8.95765231e-07
-6.63717194e-07
-4.27119845e-07
-1.95750630e-07
2.39150356e-08
2.24763902e-07
3.96700353e-07
5.29879665e-07
6.21651339e-07
6.81374946e-07
7.26436109e-07
7.66896407e-07
7.90530015e-07
7.61328903e-07
6.34422289e-07
3.81708417e-07
1.29323144e-08
-4.19011550e-07
-8.27842776e-07
-1.11610365e-06
-1.20679891e-06
-1.07441355e-06
-7.61436107e-07
-3.67475386e-07
-1.00971503e-08
2.26658477e-07
3.28069063e-07
3.46201005e-07
3.59954258e-07
4.22599853e-07
5.30588684e-07
6.32132298e-07
6.67291147e-07
6.11116623e-07
4.90839370e-07
3.64741661e-07
2.79090642e-07
2.37639698e-07
2.04460197e-07
1.33590482e-07
2.28873540e-09
-1.74817479e-07
-3.55622485e-07
-4.92292462e-07
-5.54493971e-07
-5.43249973e-07
-4.84327781e-07
-4.04982452e-07
-3.13986660e-07
-2.00415148e-07
-4.90423334e-08
1.39454981e-07
3.36774748e-07
4.91152469e-07
5.46805352e-07
4.71575199e-07
2.79610506e-07
3.25831019e-08
-1.87225525e-07
-3.17750127e-07
-3.46122359e-07
-3.09755931e-07
-2.72562306e-07
-2.91061741e-07
-3.87253578e-07
-5.39883257e-07
-6.96921037e-07
-8.00726945e-07
-8.12919950e-07
-7.26641512e-07
-5.62869636e-07
-3.58054340e-07
-1.47634352e-07
4.96513357e-08
2.38176341e-07
4.41806979e-07
6.92407697e-07
1.00738659e-06
1.36361447e-06
1.68862806e-06
1.88036602e-06
1.85055581e-06
1.57330679e-06
1.10972214e-06
5.89985955e-07
1.58204674e-07
-9.31472305e-08
-1.61686003e-07
-1.24873758e-07
-9.26854420e-08
-1.51920845e-07
-3.30329812e-07
-5.95604471e-07
-8.82062909e-07
-1.12779887e-06
-1.30567131e-06
-1.42967681e-06
-1.53195063e-06
-1.62649099e-06
-1.68697354e-06
-1.65705417e-06
-1.48482846e-06
-1.15777572e-06
-7.16133801e-07
-2.37062278e-07
1.97631350e-07
5.27347934e-07
7.21230790e-07
7.77066207e-07
7.17546245e-07
5.88317601e-07
4.56008425e-07
3.94943332e-07
4.61635258e-07
6.70520899e-07
9.86273009e-07
1.33631136e-06
1.63684312e-06
1.82250659e-06
1.86506368e-06
1.77408679e-06
1.58410454e-06
1.33642129e-06
1.06440393e-06
7.86779468e-07
5.08974448e-07
2.27308021e-07
-6.92585648e-08
-3.97701762e-07
-7.71381133e-07
-1.18078604e-06
-1.57925709e-06
-1.89142843e-06
-2.04536231e-06
-2.01233691e-06
-1.82879046e-06
-1.58292576e-06
-1.37123660e-06
-1.24855453e-06
-1.20340622e-06
-1.17499353e-06
-1.09843213e-06
-9.47922874e-07
-7.49732980e-07
-5.57979090e-07
-4.14406034e-07
-3.24376444e-07
-2.61731727e-07
-1.91077921e-07
-8.70380204e-08
6.21040786e-08
2.61569488e-07
5.14817336e-07
8.19096064e-07
1.15447287e-06
1.48054771e-06
1.75241561e-06
1.94761659e-06
2.08652128e-06
2.22931129e-06
2.44427043e-06
2.76511585e-06
3.16367876e-06
3.55432345e-06
3.82794444e-06
3.89645333e-06
3.72219934e-06
3.32123702e-06
2.74483274e-06
2.04895586e-06
1.26704746e-06
3.98114224e-07
-5.85779091e-07
-1.71433227e-06
-2.98691440e-06
-4.35035148e-06
-5.69855925e-06
-6.89619188e-06
-7.81950939e-06
-8.40046233e-06
-8.65244448e-06
-8.65986664e-06
-8.53175848e-06
-8.34075285e-06
-8.08002381e-06
-7.66293540e-06
-6.96685270e-06
-5.90143427e-06
-4.46593360e-06
-2.75850573e-06
-9.26158844e-07
9.23984412e-07
2.81521280e-06
4.94173021e-06
7.60930318e-06
1.10705971e-05
1.53122042e-05
1.99032916e-05
2.40323715e-05
2.67879820e-05
2.75967650e-05
2.65933654e-05
2.46442871e-05
2.28588141e-05
2.17115293e-05
2.02596205e-05
1.60902494e-05
6.36181957e-06
-1.02725886e-05
-3.18672567e-05
-5.30188863e-05
-6.70201957e-05
-6.90737963e-05
-5.84845200e-05
-3.90649343e-05
-1.78374317e-05
-1.76268888e-06
5.92429107e-06
6.44750982e-06
3.18042829e-06
-4.29072772e-07
-1.52114688e-06
1.44150325e-06
7.64986817e-06
1.42763709e-05
1.83484274e-05
1.83639602e-05
1.49079993e-05
1.06250928e-05
8.87279671e-06
1.14982076e-05
1.78420766e-05
2.52651951e-05
3.02095085e-05
2.96159953e-05
2.24479369e-05
1.08115642e-05
-2.46874854e-07
-5.41422507e-06
-2.84787162e-06
4.48364783e-06
1.08918541e-05
1.11738175e-05
3.26392691e-06
-1.01574395e-05
-2.28249243e-05
-2.92129313e-05
-2.79773026e-05
-2.13532571e-05
-1.27701975e-05
-5.50268303e-06
-2.22561050e-06
-4.39594854e-06
-1.16378043e-05
-2.14471129e-05
-3.00222725e-05
-3.38855328e-05
-3.08785051e-05
-2.02939885e-05
-3.29025240e-06
1.63112301e-05
3.25080124e-05
4.01588013e-05
3.81579856e-05
2.89518878e-05
1.59444174e-05
2.36720636e-06
