-36.84200 -73.11300 0.0000 B01I
-36.78300 -73.10200 0.0000 B02I
-34.17800 -70.75100 0.0000 B02O
-34.17600 -70.66000 0.0000 B03O
-34.59100 -70.97600 0.0000 B04O
-36.54800 -72.93600 0.0000 B05I
-34.38900 -72.00200 0.0000 B05O
-36.48600 -72.70000 0.0000 B06I
-33.96000 -71.82300 0.0000 B06O
-34.20800 -70.53200 0.0000 B07O
-34.09000 -70.49700 0.0000 B08O
-34.22000 -71.44100 0.0000 B09O
-34.63400 -71.35800 0.0000 B10O
-36.56000 -71.54900 0.0000 B13I
-36.91100 -71.47900 0.0000 B20I
-36.59500 -72.10300 0.0000 B21I
-34.39200 -71.08500 0.0000 BO01
-34.79200 -70.78100 0.0000 BO02
-34.49600 -71.96100 0.0000 BO03
-30.69600 -70.95900 0.0000 C11O
-33.84800 -70.20700 0.0000 LMEL
-35.41500 -71.66200 0.0000 M01L
-34.97600 -71.23100 0.0000 M03L
-34.99000 -71.24300 0.0000 M05L
-35.59100 -72.28100 0.0000 M09L
-35.84300 -72.63000 0.0000 M10L
-35.43400 -71.68000 0.0000 M12L
-36.14300 -71.82300 0.0000 M13L
-35.33300 -72.42800 0.0000 M14L
-34.88500 -71.99300 0.0000 M17L
-35.13900 -70.47700 0.0000 M19L
-35.76300 -71.41800 0.0000 ML02
-33.86400 -71.25100 0.0000 MT01
-33.39200 -70.73800 0.0000 MT05
-33.77600 -70.98900 0.0000 MT09
-33.27300 -70.53700 0.0000 MT10
-33.39600 -70.53600 0.0000 MT14
-33.59900 -70.50600 0.0000 MT15
-33.46300 -70.66400 0.0000 MT18
-33.36200 -70.70000 0.0000 R01M
-33.47300 -70.66000 0.0000 R02M
-33.52000 -70.61200 0.0000 R03M
-33.46300 -70.53000 0.0000 R04M
-33.44300 -70.53400 0.0000 R05M
-33.60700 -70.57400 0.0000 R06M
-33.36700 -70.69000 0.0000 R07M
-33.40100 -71.12000 0.0000 R08M
-33.45900 -70.70100 0.0000 R09M
-33.57900 -70.55100 0.0000 R10M
-33.35200 -70.31100 0.0000 R11M
-33.38900 -70.62200 0.0000 R12M
-33.21500 -70.76700 0.0000 R13M
-33.39700 -70.54600 0.0000 R14M
-33.40000 -70.65900 0.0000 R16M
-33.20600 -70.68400 0.0000 R17M
-33.50800 -70.74900 0.0000 R18M
-33.69800 -71.21700 0.0000 R19M
-33.66500 -70.92900 0.0000 R20M
-33.47200 -70.59800 0.0000 R23M
-33.51100 -70.60100 0.0000 R26M
-33.02300 -71.51800 0.0000 V02A
-33.05500 -71.43900 0.0000 V03A
-32.25100 -70.93100 0.0000 V04A
-32.97000 -71.54200 0.0000 V05A
-33.03700 -71.63300 0.0000 V06A
-33.36500 -71.66900 0.0000 V07A
-33.02000 -71.55000 0.0000 V08A
-33.32200 -71.41000 0.0000 V14A
-32.91500 -71.23300 0.0000 V15A
-33.59000 -71.60500 0.0000 V16A
-33.05200 -71.33800 0.0000 V18A
-32.84600 -70.13000 0.0000 V19A
-32.84000 -70.60400 0.0000 V21A
-33.03100 -71.58300 0.0000 V23A
-32.76400 -70.55100 0.0000 VA03
-33.65700 -71.61400 0.0000 VA05
