-5.32586463e-17
-4.34556150e-08
-5.04304776e-07
-1.78621366e-06
-3.77801482e-06
-5.84756578e-06
-7.16862285e-06
-7.10519626e-06
-5.46280592e-06
-2.53174798e-06
1.05114464e-06
4.53573243e-06
7.28785352e-06
8.94058880e-06
9.43663520e-06
8.97320291e-06
7.88874221e-06
6.53915714e-06
5.20245560e-06
4.03223053e-06
3.06034489e-06
2.23431041e-06
1.46834284e-06
6.88710740e-07
-1.38902606e-07
-1.00338219e-06
-1.85935828e-06
-2.64725518e-06
-3.31343018e-06
-3.82400142e-06
-4.16967325e-06
-4.36239729e-06
-4.42701439e-06
-4.39172708e-06
-4.28057255e-06
-4.10959011e-06
-3.88677816e-06
-3.61474303e-06
-3.29441305e-06
-2.92831029e-06
-2.52242577e-06
-2.08644212e-06
-1.63263543e-06
-1.17411350e-06
-7.23080850e-07
-2.89631657e-07
1.18721438e-07
4.96852889e-07
8.41415355e-07
1.15012212e-06
1.42117207e-06
1.65295149e-06
1.84402086e-06
1.99330066e-06
2.10032919e-06
2.16547490e-06
2.19002969e-06
2.17616497e-06
2.12677839e-06
2.04528462e-06
1.93540632e-06
1.80100352e-06
1.64585697e-06
1.47490017e-06
1.30069085e-06
1.13984433e-06
9.30966781e-07
3.55933245e-07
-1.00543956e-06
-2.86603440e-06
-3.49243026e-06
-1.60018626e-06
1.75971150e-06
5.15397782e-06
8.09371088e-06
9.47161029e-06
8.20346092e-06
4.38465340e-06
-1.28806923e-06
-7.42886748e-06
-1.18084213e-05
-1.26518534e-05
-1.03384697e-05
-5.81639329e-06
-8.34253788e-07
3.11556662e-06
4.37423254e-06
3.57012220e-06
1.47876376e-06
-9.42458448e-07
-2.99229605e-06
-3.99086746e-06
-4.15864716e-06
-3.33004541e-06
-1.34533839e-06
7.04391411e-07
8.87222353e-07
-3.15094453e-06
-1.25964237e-05
-2.28134402e-05
-2.58482608e-05
-1.80088685e-05
-2.32303749e-06
1.78936928e-05
3.80667013e-05
5.24722780e-05
5.62660990e-05
5.02165664e-05
3.58302355e-05
1.62486346e-05
-2.44374553e-06
-1.59112801e-05
-2.47421673e-05
-3.19465216e-05
-4.03039174e-05
-5.33001643e-05
-7.04689641e-05
-8.92286723e-05
-1.07536654e-04
-1.14705297e-04
-9.16164357e-05
-2.50061222e-05
8.16757640e-05
1.96947896e-04
2.75090792e-04
2.86354496e-04
2.30505465e-04
1.26947689e-04
2.11403129e-15
1.09196180e-07
1.26081327e-06
4.45871335e-06
9.42471988e-06
1.45850195e-05
1.78817864e-05
1.77290474e-05
1.36418687e-05
6.34142610e-06
-2.57636943e-06
-1.12192028e-05
-1.80156797e-05
-2.21060239e-05
-2.34091257e-05
-2.24349361e-05
-2.00041316e-05
-1.69722106e-05
-1.39902084e-05
-1.13996842e-05
-9.22813006e-06
-7.25913760e-06
-5.17697223e-06
-2.74897552e-06
2.74532047e-08
2.92065298e-06
5.60058135e-06
7.81700159e-06
9.47852720e-06
1.06012616e-05
1.12468286e-05
1.15205799e-05
1.15026895e-05
1.11865880e-05
1.04874703e-05
9.36057864e-06
7.84656349e-06
6.09140586e-06
4.32185919e-06
2.78498297e-06
1.67809166e-06
1.07901685e-06
9.45186522e-07
1.18060440e-06
1.71025538e-06
2.51062518e-06
3.53308361e-06
4.63117610e-06
5.58704031e-06
6.18420195e-06
6.28200362e-06
5.84401201e-06
4.97688376e-06
3.88075380e-06
2.22450683e-06
-2.25263354e-06
-1.21615515e-05
-2.39280917e-05
-2.85784005e-05
-2.40645937e-05
-1.07708677e-05
9.76064987e-06
2.95617454e-05
3.98941904e-05
3.92329037e-05
2.90620221e-05
1.26006860e-05
-3.82672799e-06
-1.41325493e-05
-1.82997234e-05
-1.85803771e-05
-1.66340205e-05
-1.64902259e-05
-1.89991421e-05
-2.04550644e-05
-1.91706506e-05
-1.53696127e-05
-9.84945951e-06
-4.51786244e-06
-3.95962932e-06
-8.33697624e-06
-1.56856554e-05
-2.35193504e-05
-3.19252361e-05
-4.58966040e-05
-6.61044050e-05
-7.54461618e-05
-5.81431103e-05
-1.23808238e-05
5.15737458e-05
1.20469490e-04
1.72628758e-04
1.82882508e-04
1.42166719e-04
4.78792263e-05
-8.18607201e-05
-2.04778150e-04
-2.59427778e-04
-2.08354757e-04
-6.26238002e-05
1.16325752e-04
2.53524184e-04
3.10696832e-04
2.94295158e-04
2.19974781e-04
1.13580605e-04
2.72207177e-07
-9.87040829e-05
-1.70188397e-04
-2.12689321e-04
-2.26168059e-04
-2.09352093e-04
-1.62286444e-04
-9.33713567e-05
-2.35082419e-05
2.71988871e-05
5.07462655e-05
6.01088122e-05
5.51425185e-05
3.63919500e-05
9.68454265e-06
-7.72715980e-06
-1.29136342e-05
-1.57558418e-05
-2.16121013e-05
-2.86501257e-05
-3.19499632e-05
-4.12170361e-05
7.54483588e-16
3.90425704e-08
4.51553542e-07
1.59882535e-06
3.38253478e-06
5.24130031e-06
6.45346261e-06
6.50291024e-06
5.31560469e-06
3.28582729e-06
1.10390262e-06
-5.00886019e-07
-1.03085559e-06
-3.82621558e-07
1.15708826e-06
3.03067037e-06
4.59031057e-06
5.31571277e-06
4.97275415e-06
3.65504156e-06
1.70067149e-06
-5.40475540e-07
-2.87883387e-06
-5.26733108e-06
-7.71677271e-06
-1.02036367e-05
-1.26463106e-05
-1.49160369e-05
-1.68603888e-05
-1.83196741e-05
-1.90923705e-05
-1.89476183e-05
-1.77125227e-05
-1.53884406e-05
-1.21416271e-05
-8.29371795e-06
-4.25864819e-06
-4.34168530e-07
2.87799020e-06
5.46891687e-06
7.22676937e-06
8.15323351e-06
8.32612686e-06
7.85610763e-06
6.94828348e-06
5.88134739e-06
4.94794565e-06
4.40513383e-06
4.48401456e-06
5.30045908e-06
6.75722822e-06
8.59598325e-06
1.04878854e-05
1.20970442e-05
1.31485526e-05
1.35194676e-05
1.32817681e-05
1.26198295e-05
1.17265708e-05
1.07341282e-05
9.69292660e-06
8.87490378e-06
9.00502855e-06
9.69705937e-06
9.86946171e-06
8.59808433e-06
5.49220820e-06
8.51430239e-07
-4.23724388e-06
-7.97529244e-06
-9.11714211e-06
-8.23464466e-06
-5.93151947e-06
-2.73945066e-06
-3.65548071e-07
3.50617537e-07
-1.08394587e-06
-4.08884039e-06
-6.77629278e-06
-8.66167683e-06
-9.46817333e-06
-8.30957636e-06
-6.82531705e-06
-6.11884744e-06
-6.57878003e-06
-7.98435708e-06
-8.74585373e-06
-9.16224129e-06
-9.83194400e-06
-9.60377398e-06
-9.51263161e-06
-7.21153268e-06
-3.36106089e-07
4.64695213e-06
8.02580466e-07
-1.18605277e-05
-2.66395411e-05
-3.89494252e-05
-4.02533254e-05
-2.72137594e-05
-1.13532083e-05
-7.63698374e-06
-2.06949405e-05
-4.66287794e-05
-7.02765902e-05
-6.29863144e-05
-4.82564479e-06
9.91021110e-05
2.12755968e-04
2.87507620e-04
2.87932678e-04
2.07516506e-04
7.65393746e-05
-5.37616862e-05
-1.49435221e-04
-1.94574585e-04
-1.87136958e-04
-1.41497823e-04
-8.49455755e-05
-3.66874903e-05
1.96459398e-06
2.22889312e-05
1.69965737e-05
-1.16247001e-05
-4.96150360e-05
-8.06075197e-05
-1.00833396e-04
-9.28374569e-05
2.61948906e-15
6.24350028e-08
7.18410448e-07
2.53678371e-06
5.35572352e-06
8.27701730e-06
1.01323573e-05
1.00305229e-05
7.71216331e-06
3.60715378e-06
-1.37442039e-06
-6.18258834e-06
-9.95036382e-06
-1.21964041e-05
-1.28611020e-05
-1.22288068e-05
-1.07675266e-05
-8.97065290e-06
-7.25867127e-06
-5.88171032e-06
-4.87759547e-06
-4.11239224e-06
-3.37793773e-06
-2.50517848e-06
-1.40614162e-06
-5.23009904e-08
1.51530187e-06
3.18356626e-06
4.78017421e-06
6.09251153e-06
6.89626064e-06
6.54425190e-06
-3.69862261e-07
-2.64249989e-05
-7.72994791e-05
-1.33283491e-04
-1.56776283e-04
-1.17505412e-04
-1.59938161e-05
1.19582519e-04
2.45870812e-04
3.22468812e-04
3.26807443e-04
2.61368633e-04
1.50890755e-04
2.97724505e-05
-7.13732324e-05
-1.37998082e-04
-1.69491167e-04
-1.76476869e-04
-1.71183843e-04
-1.61710341e-04
-1.54762279e-04
-1.61644430e-04
-2.04513795e-04
-3.08744216e-04
-4.31977757e-04
-4.01866129e-04
-9.50750912e-05
4.63073187e-04
1.05282657e-03
1.40556324e-03
1.35083142e-03
8.92450859e-04
1.75892039e-04
-5.63424724e-04
-1.11114338e-03
-1.33273797e-03
-1.20195752e-03
-8.33306061e-04
-3.92221956e-04
-2.37253160e-05
1.84055749e-04
2.17713103e-04
1.23914365e-04
8.83767286e-07
-6.18160595e-05
-3.53494777e-05
5.48410653e-05
1.66091870e-04
2.57894283e-04
3.11961072e-04
3.16152601e-04
2.77002299e-04
2.06994766e-04
1.34921626e-04
6.97814034e-05
3.56489112e-05
4.32396360e-05
8.44635750e-05
1.32290138e-04
1.67296109e-04
1.64228328e-04
1.09783698e-04
2.46279396e-05
-5.62989298e-05
-1.14324590e-04
-1.36585727e-04
-1.19600200e-04
-7.97344883e-05
-5.21812822e-05
-4.83954761e-05
-7.23660099e-05
-1.09768956e-04
-1.44142218e-04
-1.66356002e-04
-1.85846152e-04
-1.87801538e-04
-1.59228633e-04
-9.56608508e-05
-3.20850243e-05
1.90663383e-05
5.44011191e-05
7.58187693e-05
8.32389313e-05
8.70868678e-05
8.81346315e-05
7.67526415e-05
4.08339475e-05
-2.24141108e-05
-9.36567858e-05
-1.36887125e-04
-1.18975458e-04
-3.68035831e-05
7.96070268e-05
1.77114946e-04
2.18965474e-04
2.03501076e-04
1.50837378e-16
3.60484099e-09
4.16342309e-08
1.47842831e-07
3.14939904e-07
4.93999516e-07
6.19247046e-07
6.34297041e-07
5.08993765e-07
2.47378867e-07
-1.10081328e-07
-5.00584187e-07
-8.58033743e-07
-1.12100011e-06
-1.22821925e-06
-1.10481205e-06
-7.02325446e-07
-6.18144200e-08
6.83172425e-07
1.36828502e-06
1.85945151e-06
2.07027844e-06
1.95001189e-06
1.47199865e-06
6.60043758e-07
-3.79410872e-07
-2.06869523e-06
-8.92640949e-06
-2.49602757e-05
-4.64477108e-05
-5.58231582e-05
-3.55694914e-05
1.69774924e-05
8.63316047e-05
1.47156793e-04
1.78492296e-04
1.72465393e-04
1.33420035e-04
7.26619240e-05
1.97615586e-06
-7.10525932e-05
-1.40873039e-04
-2.02290099e-04
-2.48523345e-04
-2.93747831e-04
-4.08561126e-04
-6.66223617e-04
-1.00619752e-03
-1.11605807e-03
-6.61435555e-04
3.42962033e-04
1.53721095e-03
2.43952735e-03
2.67665221e-03
2.15414931e-03
1.06877112e-03
-2.06156634e-04
-1.27851108e-03
-1.86888407e-03
-1.89729663e-03
-1.48334103e-03
-8.72586401e-04
-2.54963945e-04
2.05849096e-04
4.10691332e-04
3.63086671e-04
1.66553533e-04
-6.78432320e-05
-2.32080267e-04
-2.67689165e-04
-1.66637246e-04
1.65601476e-05
2.07113455e-04
3.38652312e-04
3.64556938e-04
2.99719778e-04
1.87111882e-04
7.15183199e-05
-2.07445963e-06
-2.43766691e-05
-2.46991739e-06
4.29605967e-05
8.54557665e-05
9.28556362e-05
6.83733640e-05
3.91478874e-05
3.30558901e-05
5.76503957e-05
9.01845179e-05
1.01372152e-04
7.03807731e-05
9.30671488e-06
-6.79825845e-05
-1.46134508e-04
-1.94634323e-04
-1.91935735e-04
-1.51040157e-04
-9.59119744e-05
-4.50000994e-05
-6.63249733e-06
1.47330205e-05
1.17029203e-05
-1.60584223e-05
-4.86178532e-05
-5.59044514e-05
-4.35589835e-05
-1.88545242e-05
1.48192330e-05
5.83648885e-05
1.10561338e-04
1.55300652e-04
1.68212571e-04
1.25961950e-04
2.69647768e-05
-1.03619969e-04
-2.24382049e-04
-2.99487488e-04
-2.95288798e-04
-2.04125386e-04
-4.83243666e-05
1.24055108e-04
2.65545422e-04
3.42364496e-04
3.35716277e-04
2.47480324e-04
1.11746063e-04
-1.86940884e-05
-1.14441729e-04
-5.21496187e-16
-1.24404387e-08
-1.43283223e-07
-5.06532461e-07
-1.07122726e-06
-1.65977610e-06
-2.04021475e-06
-2.03572632e-06
-1.59483117e-06
-8.05743160e-07
1.43254151e-07
1.02935721e-06
1.66445042e-06
1.94335901e-06
1.85326076e-06
1.45480313e-06
8.55094020e-07
1.96728720e-07
-3.60537755e-07
-6.68106399e-07
-6.27799623e-07
-2.28433836e-07
4.42617379e-07
1.22660903e-06
1.94660829e-06
2.46619592e-06
2.72828085e-06
2.74700021e-06
2.56140957e-06
2.19555966e-06
1.68275063e-06
1.07737485e-06
4.40923977e-07
-1.64572215e-07
-6.64665836e-07
-9.99420139e-07
-1.15068290e-06
-1.13573285e-06
-1.01486883e-06
-8.81967684e-07
-8.44985636e-07
-9.96926560e-07
-1.34962172e-06
-1.81092757e-06
-2.20917992e-06
-2.33336285e-06
-2.06947342e-06
-1.48296682e-06
-7.63960018e-07
-1.21672400e-07
2.93023668e-07
4.14042741e-07
2.54789950e-07
-1.23251875e-07
-6.36785097e-07
-1.27981630e-06
-2.17546007e-06
-3.30361454e-06
-4.45180010e-06
-5.20071929e-06
-5.07910113e-06
-3.90343382e-06
-1.79060847e-06
7.79674793e-07
3.15097300e-06
5.02294991e-06
6.20537184e-06
6.69245477e-06
6.68808579e-06
6.28333245e-06
5.02270459e-06
2.93259710e-06
6.87015261e-07
-8.26994808e-07
-1.47767959e-06
-1.39019199e-06
-7.56029495e-07
3.22396553e-08
8.79925661e-07
1.89392111e-06
2.85981390e-06
3.68370685e-06
4.49068708e-06
4.92001278e-06
4.11689350e-06
8.48606792e-07
-5.47863694e-06
-1.44252889e-05
-2.29357920e-05
-2.70539113e-05
-2.57127076e-05
-1.78887201e-05
2.94017458e-06
4.15386598e-05
9.36549261e-05
1.33870531e-04
1.09515950e-04
9.76547623e-06
-9.98299870e-05
-1.62002304e-04
-1.60773254e-04
-1.14601470e-04
-6.06448879e-05
-2.39146817e-05
2.15214293e-06
2.89565755e-05
4.98265209e-05
5.88616984e-05
5.64853629e-05
5.27918176e-05
5.36198158e-05
5.49657060e-05
5.02817802e-05
3.05736569e-05
-8.51303917e-06
-5.44499197e-05
-8.24721058e-05
-7.88789966e-05
-5.01862658e-05
-1.32676893e-05
3.53737454e-05
1.01530754e-04
1.62319831e-04
1.86033852e-04
1.63312066e-04
1.05399868e-04
2.24597303e-05
-7.27365816e-05
-4.60985246e-15
-2.38006259e-07
-2.74683673e-06
-9.70950442e-06
-2.05141304e-05
-3.17267406e-05
-3.88537178e-05
-3.84050304e-05
-2.92344595e-05
-1.27695739e-05
7.70717600e-06
2.82526951e-05
4.54365506e-05
5.71333223e-05
6.27573163e-05
6.30068772e-05
5.93450136e-05
5.34084558e-05
4.65230119e-05
3.94601749e-05
3.24407421e-05
2.52829415e-05
1.76401558e-05
9.25693505e-06
-5.26777066e-07
-2.65165836e-05
-9.62312377e-05
-1.85714771e-04
-2.40005312e-04
-2.30218903e-04
-1.22641891e-04
7.35602779e-05
2.97487780e-04
4.44722475e-04
4.52618939e-04
3.18920971e-04
1.00882083e-04
-1.32366615e-04
-3.34851095e-04
-4.65253429e-04
-5.10322516e-04
-5.19360600e-04
-6.72997794e-04
-8.80002734e-04
-7.83157983e-04
-1.89087405e-04
6.07590954e-04
1.33908369e-03
1.86437686e-03
1.99666519e-03
1.64513265e-03
8.90653989e-04
-6.32600836e-05
-9.52451297e-04
-1.55020632e-03
-1.76070701e-03
-1.58527449e-03
-1.15844918e-03
-6.66243568e-04
-2.47997338e-04
5.70321722e-05
2.28162942e-04
2.49038629e-04
1.91480986e-04
1.41502186e-04
1.54361241e-04
2.03761983e-04
2.91506302e-04
4.00188466e-04
4.87253665e-04
5.13444378e-04
4.72834538e-04
3.87326483e-04
2.76589246e-04
1.26105077e-04
-3.46348565e-05
-1.31769368e-04
-1.21928934e-04
-4.77268923e-05
6.34454865e-05
1.97336126e-04
2.88507927e-04
2.73395291e-04
1.68054516e-04
-5.64143327e-06
-2.06016673e-04
-3.61162732e-04
-4.22971442e-04
-3.98291736e-04
-2.91349499e-04
-1.36335295e-04
6.13906460e-06
9.33269256e-05
1.00486276e-04
3.01214709e-05
-7.97987467e-05
-1.76482881e-04
-2.29952138e-04
-2.26975495e-04
-1.82270225e-04
-1.02615689e-04
-3.60403513e-06
8.29905778e-05
1.31993325e-04
1.34757378e-04
9.50122928e-05
7.10089755e-06
-1.14080363e-04
-2.30066746e-04
-2.97220918e-04
-2.71676019e-04
-1.41550978e-04
6.12307435e-05
2.85747753e-04
4.66761481e-04
5.38903835e-04
4.75962072e-04
3.05764420e-04
8.05612563e-05
-1.35593082e-04
-2.76400170e-04
-3.13678744e-04
-2.56742639e-04
-1.41394234e-04
-1.56336993e-05
7.79702084e-05
1.22116980e-04
1.22566622e-04
-1.69874752e-16
-1.38598253e-07
-1.60832099e-06
-5.69601796e-06
-1.20459935e-05
-1.86407232e-05
-2.28437220e-05
-2.26256429e-05
-1.73657621e-05
-7.99003732e-06
3.46975622e-06
1.46198691e-05
2.34358625e-05
2.87451067e-05
3.03620459e-05
2.89126374e-05
2.54733115e-05
2.11764182e-05
1.69063539e-05
1.31513845e-05
1.00123427e-05
7.32196370e-06
4.80788186e-06
2.23740629e-06
-4.95223585e-07
-3.34989680e-06
-6.17674880e-06
-8.78069178e-06
-1.09862065e-05
-1.26818536e-05
-1.38358517e-05
-1.44853927e-05
-1.47097833e-05
-1.45997737e-05
-1.42332682e-05
-1.36628791e-05
-1.29156536e-05
-1.20014653e-05
-1.09247936e-05
-9.69500028e-06
-8.33118265e-06
-6.86313360e-06
-5.32106232e-06
-3.71183114e-06
-2.08713596e-06
-6.02346700e-07
5.41757898e-07
1.27221107e-06
1.69107375e-06
1.97178079e-06
2.26279088e-06
2.62884228e-06
3.08736998e-06
3.70409520e-06
4.59789049e-06
5.87697123e-06
7.60069588e-06
9.56626814e-06
1.10907115e-05
1.21659261e-05
1.32415091e-05
1.43256356e-05
1.50756088e-05
1.53470569e-05
1.51433602e-05
1.41341548e-05
1.20149660e-05
8.87610197e-06
5.34370043e-06
2.21126375e-06
-4.12260978e-07
-2.71238002e-06
-4.55509105e-06
-6.26018668e-06
-8.20167057e-06
-1.02304091e-05
-1.20810089e-05
-1.34356346e-05
-1.42824309e-05
-1.50817101e-05
-1.62559590e-05
-1.78350233e-05
-1.96516916e-05
-2.24248398e-05
-2.78833144e-05
-3.32835953e-05
-3.35057982e-05
-2.40314570e-05
-4.93022650e-06
1.75628398e-05
3.83496054e-05
5.34136198e-05
5.97941101e-05
5.54706388e-05
3.74269470e-05
5.09425276e-06
-3.04201524e-05
-5.82396601e-05
-7.65779651e-05
-7.35816730e-05
-3.84552085e-05
1.20896934e-05
4.17923028e-05
5.04357889e-05
4.99595032e-05
3.30504142e-05
1.43640326e-05
1.01429149e-05
2.62256267e-05
4.69850711e-05
5.42231767e-05
4.44878740e-05
1.94802250e-05
-1.93037546e-05
-6.22249847e-05
-8.89924288e-05
-7.62109688e-05
-2.73647924e-05
3.92085819e-05
9.06485620e-05
9.66305930e-05
5.48804029e-05
-8.13472006e-06
-4.92876172e-05
-5.04693841e-05
-3.73124380e-05
-4.18083078e-05
-5.53305792e-05
