-8.582136214229735488e-06
-3.253281012424120229e-05
-3.025691530593469650e-05
-3.513462899833084366e-05
-3.434402820821246043e-05
-3.654416755731971155e-05
-3.513694216314328957e-05
-3.547054330769973727e-05
-3.303947084429467842e-05
-3.171568814817710363e-05
-2.805756186567532639e-05
-2.509491404159537996e-05
-2.004536006236648716e-05
-1.541511157140050572e-05
-8.901120188205353993e-06
-2.686527248228838424e-06
5.135202121301845216e-06
1.256812940805180025e-05
2.117120409050847140e-05
2.905548098630989903e-05
3.748649893866658645e-05
4.465988837889966665e-05
5.162837617113533921e-05
5.670439243788948113e-05
6.083673645393328271e-05
6.252502376917807463e-05
6.273408555795039940e-05
6.022905922183436820e-05
5.609101393393826782e-05
4.939981024899921426e-05
4.139962968646526367e-05
3.147312360521890997e-05
2.099843349331985133e-05
9.573971010472658597e-06
-1.393306428884638973e-06
-1.223845677877426469e-05
-2.167887549542070244e-05
-3.015441859148290012e-05
-3.665682800302964817e-05
-4.186688797964986853e-05
-4.513774230955938638e-05
-4.743608826523152696e-05
-4.845318563782082829e-05
-4.936256268045139230e-05
-5.004533488171196664e-05
-5.168603307126154228e-05
-5.411263120717445268e-05
-5.826112195879860689e-05
-6.364143497450999287e-05
-7.070605912291355241e-05
-7.845706798870233942e-05
-8.675120329119705099e-05
-9.405843417856934487e-05
-9.972456677940012869e-05
-1.018787945939013265e-04
-9.965715749468217024e-05
-9.123897278432472832e-05
-7.601506897550770205e-05
-5.271649980669008913e-05
-2.149649975295007777e-05
1.789445578823425424e-05
6.414913995096261474e-05
1.162259021169329188e-04
1.715401834976935491e-04
2.278132121256750125e-04
2.814238989507380595e-04
3.292886780228772184e-04
3.673572862921988913e-04
3.925013292989505361e-04
4.011122998899813012e-04
3.909538602426759031e-04
3.598033625543961295e-04
3.072112825473575235e-04
2.331233728984404355e-04
1.394929970843834138e-04
2.883031422502584822e-05
-9.437223689529971975e-05
-2.251973257734083366e-04
-3.570795120230236988e-04
-4.834734871942102650e-04
-5.968154753710034092e-04
-6.902701061762743593e-04
-7.568208766255310168e-04
-7.910250679869630609e-04
-7.881417096862507535e-04
-7.457926296191193238e-04
-6.630134621768126119e-04
-5.417070922045690625e-04
-3.855060964138058450e-04
-2.009244630296789190e-04
4.041914853993410182e-06
2.191031003271334886e-04
4.333370401727056043e-04
6.346695678822622966e-04
8.117072032920732245e-04
9.533710989761883057e-04
1.050727640631975201e-03
1.096574403590979329e-03
1.087056633978999379e-03
1.020995512000887886e-03
9.011051825233031389e-04
7.329155640906022439e-04
5.254991768451156096e-04
2.899623257786970417e-04
3.973014081767144162e-05
-2.112746513117224473e-04
-4.486013913521712877e-04
-6.591664679161786606e-04
-8.312025435943287991e-04
-9.559419886626125806e-04
-1.027272652507724149e-03
-1.042977670045711460e-03
-1.003926048639777139e-03
-9.147768149239215952e-04
-7.826970897279929978e-04
-6.176089800854087314e-04
-4.305863820714019149e-04
-2.338550201358481921e-04
-3.911481242362153260e-05
1.424434366994107009e-04
3.016349139643313606e-04
4.310191024058852459e-04
5.260337261342737727e-04
5.843615781764643176e-04
6.066393814446696502e-04
5.954548120509897463e-04
5.556947388759911214e-04
4.932900060694881891e-04
4.153638581546540819e-04
3.289114005493507767e-04
2.409460626277866305e-04
1.573039226040685227e-04
8.295729489810483573e-05
2.107750149732964069e-05
-2.639348663646858543e-05
-5.937973952897499278e-05
-7.884748350878975414e-05
-8.719336106898686032e-05
-8.725819125353599518e-05
-8.258595959387600861e-05
-7.641042143817937990e-05
-7.192533331382937724e-05
-7.137667182792353619e-05
-7.645979404760439642e-05
-8.760562547814926726e-05
-1.045607618517038360e-04
-1.258867164528113783e-04
-1.497062930591187401e-04
-1.733654272461051442e-04
-1.942687986260454127e-04
-2.096077818382616133e-04
-2.171802268155993742e-04
-2.150798213576999446e-04
-2.024060977482893074e-04
-1.788387230720840443e-04
-1.451854319843116166e-04
-1.028154612403905780e-04
-5.404799640006042772e-05
-1.473015625377787444e-06
5.176888398825538797e-05
1.027113922700489626e-04
1.483141916483748804e-04
1.861540536644607402e-04
2.141318449113696555e-04
2.310639865353790164e-04
2.362937866654889847e-04
2.301515585473367992e-04
2.134587207382371060e-04
1.878658486619722175e-04
1.552769986673937716e-04
1.181085293649787468e-04
7.868645179879502961e-05
3.948437199526256609e-05
2.552113434921977486e-06
-3.021280721404952764e-05
-5.755930778237043388e-05
-7.854297076728857093e-05
-9.292266206037065374e-05
-1.007474453292985731e-04
-1.026662682889623583e-04
-9.946524093559486375e-05
-9.232460368033639756e-05
-8.234656819200189917e-05
-7.080202135385045472e-05
-5.868893678011694287e-05
-4.700335102105666706e-05
-3.635426115889614913e-05
-2.727520279402311293e-05
-1.990134415024951876e-05
-1.431751238126454835e-05
-1.028406936664553691e-05
-7.601129591387810048e-06
-5.858169016838612940e-06
-4.787834791892631934e-06
-4.013532274812533041e-06
-3.371054247506261376e-06
-2.638196844280883311e-06
-1.815980940527063665e-06
-8.398408928966530784e-07
1.723961591750219663e-07
1.214774103997636013e-06
2.161369873116467930e-06
3.047566821947685953e-06
3.836628069001981105e-06
4.673430205728873753e-06
5.639322069565317263e-06
6.973930873948534517e-06
8.819638365678204411e-06
1.141850754138815048e-05
1.485789522092984365e-05
1.925732704213165591e-05
2.453117708096446786e-05
3.058073868180996948e-05
3.708645107638207426e-05
4.371395602722272569e-05
4.994002244966377061e-05
5.527210315228474384e-05
5.910277751583182620e-05
6.093384651666243214e-05
6.024725943048829627e-05
5.671991657190550169e-05
5.009626990586388349e-05
4.037937553367274923e-05
2.769201950897039248e-05
1.243351665295952940e-05
-4.877784674535470732e-06
-2.348496275827544351e-05
-4.256748528167905927e-05
-6.115356393364412835e-05
-7.830362883399449132e-05
-9.304257429855998258e-05
-1.045377862765065692e-04
-1.120362695772418864e-04
-1.150224794244449923e-04
-1.131467731444705003e-04
-1.063516120106969211e-04
-9.478238620266217778e-05
-7.887606906561965981e-05
-5.925182714993755203e-05
-3.676326377057755756e-05
-1.237355741174241949e-05
1.282049324376464169e-05
3.771769197956608690e-05
6.120322105106773959e-05
8.226766769121923912e-05
9.999798089712286979e-05
1.136729008451744084e-04
1.227429632158247394e-04
1.268943288707061754e-04
1.260133139286948218e-04
1.202177428308115015e-04
1.098085867887048822e-04
9.527455708584586075e-05
7.723895972772016900e-05
5.644707217100009602e-05
3.371801788765147498e-05
9.923859735894378830e-06
-1.404651473744079054e-05
-3.731222154897356167e-05
-5.902290343059794878e-05
-7.838821936978188391e-05
-9.468897187681325170e-05
-1.073138630290821797e-04
-1.157612199417909677e-04
-1.196836080884222799e-04
-1.188788129770791528e-04
-1.133388678688912455e-04
-1.032248634731958576e-04
-8.891349803782756605e-05
-7.094809723874487360e-05
-5.007537305430902631e-05
-2.716671192779656846e-05
-3.241743129313573170e-06
2.064009828575112212e-05
4.336513246290625356e-05
6.389540543084106417e-05
8.125134876961340787e-05
9.464839630235928885e-05
1.034602391870359837e-04
1.073456240746561118e-04
1.061772381432288340e-04
1.001466873117264262e-04
8.965093497201186460e-05
7.537217896558270577e-05
5.812363090779355709e-05
3.891125162923085991e-05
1.875043674187479387e-05
-1.274872607367910363e-06
-2.020640510830485191e-05
-3.713551773119231172e-05
-5.138923259974594065e-05
-6.242020047243773814e-05
-6.997123485880843809e-05
-7.392282622518748429e-05
-7.443366850976585185e-05
-7.174931871100465692e-05
-6.632828363258407305e-05
-5.862617661755738891e-05
-4.922510891620599378e-05
-3.861224900794183183e-05
-2.733062489243335538e-05
-1.576714036018608304e-05
-4.335417366763982770e-06
6.721766530713921815e-06
1.711839418958547792e-05
2.671486656290658133e-05
3.528378691548968681e-05
4.270633844867105364e-05
4.873408645928764386e-05
5.320804522366192208e-05
5.582991215690799326e-05
5.641305724829181751e-05
5.466652187244939049e-05
5.047500352553926304e-05
4.368626431124407624e-05
3.440552140559484070e-05
2.276754319178162823e-05
9.224814103884184855e-06
-5.716338311214337843e-06
-2.123170057487019772e-05
-3.649215274070278522e-05
-5.042975425440859242e-05
-6.209770285252564986e-05
-7.045531364124512556e-05
-7.475538453417504873e-05
-7.432115090483824903e-05
-6.892960226520514536e-05
-5.854712287549677192e-05
-4.367755697989579404e-05
-2.503040394670439324e-05
-3.816059405075602560e-06
1.866061117925408501e-05
4.075285780874902632e-05
6.093629530283439159e-05
7.758130005883063477e-05
8.943855729666666619e-05
9.538888436264674159e-05
9.490628655566822104e-05
8.774375333451311433e-05
7.433940327159673368e-05
5.541381894171629977e-05
3.230794099689964421e-05
6.494368236399915170e-06
-2.013635825796178443e-05
-4.582181525557048405e-05
-6.865444310208015748e-05
-8.714073383362343412e-05
-9.989448516023711501e-05
-1.061650232894009228e-04
-1.054583684942199661e-04
-9.800529662627907557e-05
-8.429230449110993687e-05
-6.546463272608050912e-05
-4.277494980254544540e-05
-1.794198587752815366e-05
7.452385813824182641e-06
3.161025939381858954e-05
5.312998018294321932e-05
7.061624789166620847e-05
8.326324259954604845e-05
9.039601828522555386e-05
9.200311093185751079e-05
8.819879863791339541e-05
7.970693662179447175e-05
6.725625866289882001e-05
5.203731227402643090e-05
3.505898331656258333e-05
1.761121346807340576e-05
6.158976556947952587e-07
-1.487290027549400294e-05
-2.829720419083538291e-05
-3.903732971693359166e-05
-4.700832273530580703e-05
-5.204232220252008378e-05
-5.446062931942017421e-05
-5.441098600397253676e-05
-5.243654220669760125e-05
-4.879198865580320130e-05
-4.403456895445579945e-05
-3.834142691878941419e-05
-3.214131067861111568e-05
-2.544499493956065605e-05
-1.852325990844917226e-05
-1.124811349828607477e-05
-3.809001550420528762e-06
3.949331242275631370e-06
1.178946154963346345e-05
1.976640217827116175e-05
2.748748982570887645e-05
3.483739883289846179e-05
4.124718587715689411e-05
4.646643187221449577e-05
4.984133136756859031e-05
5.112816140749650170e-05
4.976749418784729399e-05
4.572201642779171057e-05
3.872542381591077127e-05
2.912272444733483734e-05
1.707163690784808613e-05
3.367368164468108385e-06
-1.141742787337658062e-05
-2.612931316560284867e-05
-3.995477293430291016e-05
-5.162814891898937110e-05
-6.039638274694793474e-05
-6.521380928610632361e-05
-6.572334716989255933e-05
-6.140724255815443284e-05
-5.255610145404843273e-05
-3.934925883475696442e-05
-2.279302075091766048e-05
-3.718578453696261443e-06
1.631178731780887908e-05
3.608240667928657125e-05
5.383211018664948652e-05
6.838295050237874664e-05
7.822927282013148918e-05
8.268232206907834866e-05
8.090240114203223545e-05
7.302536501237586093e-05
5.910713923385804670e-05
4.021144910826777839e-05
1.725395628484821596e-05
-7.948137008078651845e-06
-3.392274481544721063e-05
-5.850920503072215518e-05
-8.016745640353576676e-05
-9.692327985323115835e-05
-1.077020962810981724e-04
-1.112118719176614332e-04
-1.072653257330079870e-04
-9.556652693406208435e-05
-7.699824506590150169e-05
-5.229558228799845805e-05
-2.329594961296578611e-05
8.494900548617170707e-06
4.067079196964984227e-05
7.144152673271123607e-05
9.838250484928539046e-05
1.199964473997181382e-04
1.344015921814915632e-04
1.409008681994520921e-04
1.385704495319123688e-04
1.278094014826308006e-04
1.088056646353161564e-04
8.305840787882289673e-05
5.171936138537265370e-05
1.710182828098145833e-05
-1.908463175694727823e-05
-5.420660810952751860e-05
-8.654714882984621655e-05
-1.137181831535377034e-04
-1.345406134597087815e-04
-1.473566703221782610e-04
-1.519217561808385518e-04
-1.475876801863198334e-04
-1.351937137314108105e-04
-1.151089849161263546e-04
-8.912974681433142492e-05
-5.838771707279019971e-05
-2.527852636747928420e-05
8.743019457457403446e-06
4.116661638927359156e-05
7.071695505137269491e-05
9.524962672680406214e-05
1.141028015023671475e-04
1.258510444807579831e-04
1.307046896976941800e-04
1.280996025463299233e-04
1.191471361148883115e-04
1.040530892940613093e-04
8.463838161443750408e-05
6.159379546221472495e-05
3.710520143428631577e-05
1.195825347987743957e-05
-1.169078369920353122e-05
-3.334654059141750544e-05
-5.121737259653086642e-05
-6.537765371478214307e-05
-7.459034438056905386e-05
-7.960945228901357700e-05
-7.975888298371823764e-05
-7.640223904412194464e-05
-6.926417377564680563e-05
-6.011106968768527693e-05
-4.880519271308378344e-05
-3.725129398944577010e-05
-2.516941864415732729e-05
-1.436845294682238507e-05
-4.209964125695932137e-06
3.728019191049026244e-06
1.054508660876569806e-05
1.489850825544134370e-05
1.833118958389547216e-05
1.962115620604042637e-05
2.065066887896857401e-05
2.013011316590945926e-05
2.015235210703129233e-05
1.915648581031719041e-05
1.936002852997498720e-05
1.876040682524772121e-05
1.971190654599992454e-05
1.964993338238180589e-05
2.120969312212074689e-05
2.116173608493998571e-05
2.272238231469170185e-05
2.180847329122595225e-05
2.274459819829163632e-05
2.006534309867630608e-05
2.030461720615398414e-05
1.482422384987708641e-05
1.648314777325077699e-05
-3.661073036451968735e-05
-1.226455348701135613e-04
-1.042387111936011492e-04
-1.132529397668889068e-04
-9.851453201575791736e-05
-9.446140980413333856e-05
-7.505849452488108598e-05
-6.195098982156604808e-05
-3.784789783123573441e-05
-1.892458844580185512e-05
7.540927676445193001e-06
2.848885350992465495e-05
5.393624202383995433e-05
7.299476781209537002e-05
9.405893323133834383e-05
1.079942906951982288e-04
1.222586181583209522e-04
1.292277348638051304e-04
1.358183987386027435e-04
1.356750596382229671e-04
1.353217774184535202e-04
1.293638563690719702e-04
1.238884704978904889e-04
1.141004940007377317e-04
1.055031972878693190e-04
9.355741310689477393e-05
8.304715004730065409e-05
6.945885855578329596e-05
5.684170728730641395e-05
4.066806859727771056e-05
2.441974277863105322e-05
3.726011830194386774e-06
-1.815932003739524302e-05
-4.512680346725162856e-05
-7.373131226078160640e-05
-1.070370746456401044e-04
-1.410573054488387904e-04
-1.778235536606968738e-04
-2.126817495502975812e-04
-2.467023014785294345e-04
-2.747639815614573563e-04
-2.973801694679712067e-04
-3.094839460050576464e-04
-3.117028388395846178e-04
-2.997387507242874451e-04
-2.750893263569583391e-04
-2.349071548109928477e-04
-1.821507469720487591e-04
-1.158180064729421313e-04
-4.051919426148482405e-05
4.298775537944145867e-05
1.287785647677020797e-04
2.149497020633561316e-04
2.950879311853753652e-04
3.671541885599136296e-04
4.253383723119511656e-04
4.685798182341857025e-04
4.926893725486318487e-04
4.984408390083915757e-04
4.838594241195933983e-04
4.518469121116818073e-04
4.025834333703661545e-04
3.407036133490936626e-04
2.678236235537728390e-04
1.893471749700927510e-04
1.071893403626213268e-04
2.633542448742331814e-05
-5.213690121238103803e-05
-1.246168904744832410e-04
-1.915529861705918551e-04
-2.510410208492221671e-04
-3.050013243899882894e-04
-3.527825855972504306e-04
-3.969772792854793096e-04
-4.371138006134575160e-04
-4.752389184299363298e-04
-5.098301377384936413e-04
-5.413065059050349570e-04
-5.662977792138526242e-04
-5.832164956297646681e-04
-5.869632554219484820e-04
-5.746081799039447126e-04
-5.405090493064389212e-04
-4.820366025179327672e-04
-3.949706002012684275e-04
-2.791025182874029976e-04
-1.336973974652681135e-04
3.723884901728975239e-05
2.296506235451763200e-04
4.346790874139799614e-04
6.436483809883501630e-04
8.438911838132297618e-04
1.024029545092358271e-03
1.170286465079987525e-03
1.271899006814508105e-03
1.317674037776179552e-03
1.301249264000774999e-03
1.217570722188435206e-03
1.067687361237935071e-03
8.548554945810796094e-04
5.886371956571207495e-04
2.804744333319720965e-04
-5.295984127907650508e-05
-3.946694428953448006e-04
-7.245684073101332995e-04
-1.024618610806262266e-03
-1.276311736414928628e-03
-1.465657816261016228e-03
-1.580513230202091300e-03
-1.615042812888435944e-03
-1.566563423828344365e-03
-1.439237803588246187e-03
-1.240289635722477586e-03
-9.829053468683268766e-04
-6.819060721983994126e-04
-3.560532569048149680e-04
-2.345458637553258816e-05
2.963833802260921460e-04
5.870459560340759216e-04
8.330367544251451829e-04
1.023826085440337997e-03
1.151268667098345961e-03
1.213002280122244545e-03
1.209334160077670146e-03
1.145966297589178992e-03
1.030415225048206436e-03
8.742157059014088504e-04
6.890890443747110881e-04
4.888910950607003921e-04
2.858151110625062785e-04
9.237379562248368566e-05
-8.209963831466910757e-05
-2.292104058072175373e-04
-3.445386464460614760e-04
-4.250384849001061032e-04
-4.715843684499139063e-04
-4.860469363048832499e-04
-4.734490033625533725e-04
-4.388630878794156612e-04
-3.893576880799642687e-04
-3.309104802293895810e-04
-2.703414390100721161e-04
-2.124200886507140507e-04
-1.619381029897548608e-04
-1.211222133625211562e-04
-9.191562286025416748e-05
-7.371618667799212604e-05
-6.584315441156548339e-05
-6.553470800900415311e-05
-7.050496047263401752e-05
-7.708256244434185159e-05
-8.273225412059547715e-05
-8.420813101080103463e-05
-7.992715568957440089e-05
-6.804266290399444350e-05
-4.860389196658004612e-05
-2.151178394889740030e-05
1.154044980446074729e-05
4.920651628039413071e-05
8.871506930610055194e-05
1.280354893091684631e-04
1.641917804002023602e-04
1.953693163165162261e-04
2.192304936743189536e-04
2.348904876448092399e-04
2.411776067316855890e-04
2.384434171471120126e-04
2.267545210511192613e-04
2.075481804664774813e-04
1.817858661636555381e-04
1.515028145936698079e-04
1.179813101053311919e-04
8.325804691837570052e-05
4.837755922775414599e-05
1.491092441258913246e-05
-1.667176229285575420e-05
-4.544771288307380757e-05
-7.154533169384585869e-05
-9.456707180873399877e-05
-1.149978819010107387e-04
-1.326436806227467718e-04
-1.479918825983492908e-04
-1.607135911849770754e-04
-1.710216587844473916e-04
-1.782722611299875776e-04
-1.823444498073946744e-04
-1.823485764463986269e-04
-1.780196935319962271e-04
-1.685094003384709875e-04
-1.537588194747717190e-04
-1.333308842935311946e-04
-1.077179617763655926e-04
-7.717101861777436549e-05
-4.290627995067307506e-05
-5.905556796804108944e-06
3.198970854342471912e-05
6.930506928476050669e-05
1.039347315077672538e-04
1.343664129745920173e-04
1.587394710953139352e-04
1.760236365019231133e-04
1.850868885029143321e-04
1.857847593656357290e-04
1.780006019236378217e-04
1.626188175748556695e-04
1.405226214999367410e-04
1.134507504380218566e-04
8.296561106777792377e-05
5.121994654621709697e-05
1.993187269390248021e-05
-8.894182584001355930e-06
-3.393875339751015570e-05
-5.384595231938938645e-05
-6.810068602645791952e-05
-7.627461190929787156e-05
-7.878892922040039179e-05
-7.611965482199214256e-05
-6.945168977175121463e-05
-5.986110536797785366e-05
-4.888948938572009150e-05
-3.774008186407336237e-05
-2.781464424907405985e-05
-1.996644127360645618e-05
-1.504058781492542044e-05
-1.321866019729401921e-05
-1.458906656488742376e-05
-1.859851316485099600e-05
-2.465567176871785892e-05
-3.167982164876657507e-05
-3.871678375701417710e-05
-4.455359557480542080e-05
-4.830892632904348601e-05
-4.907220197846203890e-05
-4.642763595534493898e-05
-4.008097721687238631e-05
-3.028842363592905269e-05
-1.745248579838472970e-05
-2.449663591701047437e-06
1.379830255896516170e-05
3.007947845081941049e-05
4.531655881140834498e-05
5.836843042367107116e-05
6.841118900639909313e-05
7.474632471408552753e-05
7.710251237136473161e-05
7.542279251214310679e-05
7.007032450061349848e-05
6.158968782337912731e-05
5.082406213802937491e-05
3.866906153644863087e-05
2.612868739357504191e-05
1.409468098656043869e-05
3.376609953454759278e-06
-5.459183206644263035e-06
-1.205560692287037013e-05
-1.634359957489928730e-05
-1.849038761130835311e-05
-1.889196556853176915e-05
-1.810942796304218361e-05
-1.679020064596397209e-05
-1.561524025624762112e-05
-1.517744026605571264e-05
-1.597103007877573322e-05
-1.825825450413611596e-05
-2.212875101723054064e-05
-2.737608138490745663e-05
-3.364040233880906855e-05
-4.029857476980352185e-05
-4.668429228933340474e-05
-5.197711263334961490e-05
-5.547837746156461530e-05
-5.647244427593836228e-05
-5.452939579100450932e-05
-4.930971256103851291e-05
-4.086817529605024733e-05
-2.938153841126561972e-05
-1.544039342984922019e-05
3.053746308332034942e-07
1.686321541963894564e-05
3.332310952831317620e-05
4.856380218316337649e-05
6.172455921158855551e-05
7.187351310762275043e-05
7.849812862120771214e-05
8.110957988723150735e-05
7.973043066813018359e-05
7.441941906340492877e-05
6.574835033594766519e-05
5.424693691385657835e-05
4.087679570171057517e-05
2.641120461206066097e-05
1.192733070279814296e-05
-1.854317506235611693e-06
-1.403267668357965571e-05
-2.420148803683523598e-05
-3.184453946797779865e-05
-3.700901815039593119e-05
-3.962280673314826220e-05
-4.016338070707684737e-05
-3.890179995325312659e-05
-3.657907198198151558e-05
-3.359394256142106606e-05
-3.070827450621169813e-05
-2.820171694458162721e-05
-2.662951465058298583e-05
-2.596462582148114176e-05
-2.642475323213334289e-05
-2.761242221025106733e-05
-2.941578179151785411e-05
-3.114408739078930585e-05
-3.249435544464773188e-05
-3.266885412280172104e-05
-3.139119794120975361e-05
-2.798652490188843683e-05
-2.242743154656188996e-05
-1.435712843033348465e-05
-4.148239180607435891e-06
8.145198479878759890e-06
2.172476013169288421e-05
3.617068142934409808e-05
5.037210056810118784e-05
6.371770581629377110e-05
7.500596214875662672e-05
8.368685913928731199e-05
8.873211239988328190e-05
8.990778172888936237e-05
8.658411360141459432e-05
7.902194365834120727e-05
6.710796811325933783e-05
5.164636995419003094e-05
3.301535239304655492e-05
1.246613302363967759e-05
-9.293082205767809687e-06
-3.077924398906913337e-05
-5.120901942355048618e-05
-6.914438562712410595e-05
-8.400744628899666801e-05
-9.466965874381474326e-05
-1.009890320091947247e-04
-1.023262390891621604e-04
-9.909215484221688109e-05
-9.118228782053282408e-05
-7.953259471026022831e-05
-6.447450729299137977e-05
-4.730793558998159267e-05
-2.858936903946713724e-05
-9.739656250982881374e-06
8.716214923521729631e-06
2.548603376501272074e-05
4.030098955966136245e-05
5.218080185382977979e-05
6.124385188843812426e-05
6.689318379769879259e-05
6.964566803695199744e-05
6.924201956612702409e-05
6.650418153072947989e-05
6.138033065672603790e-05
5.484510103819241456e-05
4.689312050432287610e-05
3.849670614118317041e-05
2.955925276747537980e-05
2.094118763671705486e-05
1.237918442888415993e-05
4.584658777857457577e-06
-2.872691695196687917e-06
-9.397214052666130578e-06
-1.552807181208116466e-05
-2.071131865531521043e-05
-2.551707397705329358e-05
-2.936109906585354184e-05
-3.278889001833442090e-05
-3.515259543205415831e-05
-3.696691854864834868e-05
-3.754031829139920146e-05
-3.740046520181012594e-05
-3.587194779699654244e-05
-3.356378074293128754e-05
-2.988250179497836469e-05
-2.557340854764628910e-05
-2.015937679335759068e-05
-1.453110589104848329e-05
-8.306963808411001822e-06
-2.473576060397291380e-06
3.331621102691934119e-06
8.121608843698853303e-06
1.234702376171767303e-05
1.512661866357116171e-05
1.709417350566863307e-05
1.754537927499686859e-05
1.733697648104666803e-05
1.594225546538490399e-05
1.440204189609098560e-05
1.228897190351228365e-05
1.071833562093705262e-05
9.228942841710604457e-06
8.868372286080315799e-06
9.002552209384617930e-06
1.049191372177169316e-05
1.244070345545872562e-05
1.547681084730022136e-05
1.844529582371875575e-05
2.179631724988436529e-05
2.421749721248316989e-05
2.612444170918666882e-05
2.621705671927710207e-05
2.505960983754584387e-05
2.154083391372033817e-05
1.652861445359565161e-05
9.214938906600042331e-06
8.352329079573144191e-07
-9.113022938495731772e-06
-1.908567812703154608e-05
-2.939914208565356000e-05
-3.836779093917466320e-05
-4.632615072163083779e-05
-5.166714860507601737e-05
-5.496330613156575761e-05
-5.488260333150840424e-05
-5.239466842986772397e-05
-4.654585611729619823e-05
-3.874465359622105700e-05
-2.838755555301009063e-05
-1.722977283262211722e-05
-4.865151932877259463e-06
6.800200615218834277e-06
1.820147923584591347e-05
2.751383722364631233e-05
3.542385419298943575e-05
4.037577276437213084e-05
4.344992506696179719e-05
4.343909335066843132e-05
4.183355084479671452e-05
3.772147995769216107e-05
3.289301848848217365e-05
2.656989245362952756e-05
2.065126660366361055e-05
1.428442228701317564e-05
9.279449207301427609e-06
4.532212705159577006e-06
1.631820112330074439e-06
-8.604561571417452987e-07
-1.595979176646253214e-06
-2.312242584892759558e-06
-1.806213392129816529e-06
-1.980693745741806060e-06
-1.611248867901397690e-06
-2.593645952776993772e-06
-3.512137659507968339e-06
-6.117078909077394135e-06
-8.697523534281146519e-06
-1.281192329067734312e-05
-1.645684502600524418e-05
-2.106313028998391861e-05
-2.443918121330346488e-05
-2.803533731084039383e-05
-2.963011765037660243e-05
-3.086174142270425895e-05
-2.962233514081115868e-05
-2.785920752529848519e-05
-2.364541106584416619e-05
-1.926349673377233162e-05
-1.292878827580027305e-05
-7.181847805454418019e-06
-2.493600826419933068e-07
5.215990515397327186e-06
1.114758219619026648e-05
1.493135587374018504e-05
1.880399439206423799e-05
2.027875987459595592e-05
2.195319319850903147e-05
2.145188104502827664e-05
2.168273941274570936e-05
2.026094471198212744e-05
2.027010277449716876e-05
1.913547356583261447e-05
1.996053951440980356e-05
1.981386666599302144e-05
2.171932274733265713e-05
2.230693804924722276e-05
2.453643401953872321e-05
2.463940193614024682e-05
2.565476957565830454e-05
2.356155391682989830e-05
2.170777518377484054e-05
1.600493964497715424e-05
1.034545729065538005e-05
7.053985719993352494e-07
-8.325380219642880512e-06
-2.070740625814307973e-05
-3.113851923796860622e-05
-4.368498441704566596e-05
-5.245342759788998514e-05
-6.192687560987475707e-05
-6.581289861650626541e-05
-6.938714257460868611e-05
-6.611416384366564244e-05
-6.240836334582047491e-05
-5.149863129638296755e-05
-4.118700381540283837e-05
-2.424277871749801216e-05
-1.000580812149734567e-05
9.707608289412654042e-06
2.387915834123232036e-05
4.242487287338640321e-05
5.231725700636449415e-05
6.634558097390882232e-05
6.857492770526075370e-05
7.652734585566337076e-05
6.900426039679999389e-05
7.233890818015500533e-05
5.275558727011470518e-05
6.142125746802675054e-05
-2.036896638291038969e-05
3.996100476761986798e-06
-1.676222146145800430e-06
2.135436676239307959e-06
-1.543970725589143983e-07
2.045953277875474834e-06
6.216869368910692965e-07
2.147431222164175253e-06
1.071514825500537732e-06
2.183275832076551788e-06
1.256669000914904600e-06
2.064146141474404779e-06
1.194767435116421618e-06
1.763255348337486660e-06
9.120985209260320569e-07
1.295298660632965826e-06
4.559119484085378438e-07
7.065323822577461694e-07
-1.069108440002932191e-07
6.407769430463391868e-08
-6.983154971758180394e-07
-5.569350568700415601e-07
-1.240856879652192939e-06
-1.086556266908793154e-06
-1.669236615193747974e-06
-1.470794740683552140e-06
-1.938531942216818185e-06
-1.677734392749648589e-06
-2.027322821311686248e-06
-1.698175485234020814e-06
-1.935695521075718082e-06
-1.541728650067097240e-06
-1.679775104920110607e-06
-1.230646390383627210e-06
-1.285402656174799551e-06
-7.941118313144185040e-07
-7.834655203953434845e-07
-2.650467975561178759e-07
-2.082648968581449730e-07
3.199804477436447583e-07
4.013682902424581429e-07
9.188571170135261446e-07
1.000013856714320914e-06
1.482320765149651052e-06
1.535156437212019529e-06
1.955056015856843635e-06
1.950260000958719689e-06
2.280873682023121119e-06
2.191960393078019084e-06
2.411552807818042328e-06
2.219988125207368849e-06
2.317080498533394434e-06
2.016869906846034305e-06
1.993922416682435896e-06
1.593953985367483291e-06
1.468131861656894412e-06
9.911707414166826006e-07
7.916065572876741307e-07
2.699528629188816809e-07
3.214730952794968611e-08
-4.988038503189145579e-07
-7.396994936467213549e-07
-1.247896829838668903e-06
-1.462649973201913271e-06
-1.923604977926372242e-06
-2.091371332045389300e-06
-2.488679182245789974e-06
-2.595537037788447449e-06
-2.917623751196920017e-06
-2.951906735329622907e-06
-3.186521350462004435e-06
-3.133151407706310218e-06
-3.262315368112710371e-06
-3.099125803207209889e-06
-3.097532783803868579e-06
-2.796283193556560929e-06
-2.635270763718935229e-06
-2.168637156257406936e-06
-1.825975425556907299e-06
-1.179601259300690253e-06
-6.529995129821105229e-07
1.605968996144745686e-07
8.403909568666414922e-07
1.770817844554131057e-06
2.532371106463497381e-06
3.488185060838583717e-06
4.221528399464841033e-06
5.078233667639393176e-06
5.648809180639666444e-06
6.268397750233001484e-06
6.541361450150552785e-06
6.800115501770164415e-06
6.669999957807951099e-06
6.488112974387154649e-06
5.906364539002891887e-06
5.271374091909279893e-06
4.263833658333506160e-06
3.240640900733478514e-06
1.909061015627035832e-06
6.324881884887858803e-07
-8.616841835441262930e-07
-2.211035312787555848e-06
-3.677253501926471215e-06
-4.908042742064437709e-06
-6.163752837542932113e-06
-7.110437513047885903e-06
-8.014451249813174248e-06
-8.565104945018860033e-06
-9.037905660920796913e-06
-9.145665529739745376e-06
-9.171408718880267604e-06
-8.847274396798980619e-06
-8.458475654979180655e-06
-7.749749097795053296e-06
-7.001968796267825821e-06
-5.966088650931271700e-06
-4.913968301141691651e-06
-3.599644636205580343e-06
-2.285577946521203959e-06
-7.306940012843254504e-07
8.073161358956115186e-07
2.558289128176498459e-06
4.261222788118301742e-06
6.126493138129797645e-06
7.881841767357469151e-06
9.712297824633357772e-06
1.133098788369404758e-05
1.289829444049050405e-05
1.411753820582844262e-05
1.513421610220922481e-05
1.565581316209188972e-05
1.583101632906219506e-05
1.539200688139149783e-05
1.451266238803207832e-05
1.297101629953049496e-05
1.098499681983180188e-05
8.392643164528971439e-06
5.464144075788413843e-06
2.098028624789603411e-06
-1.390806402487140740e-06
-5.059461370065092639e-06
-8.571930280962255453e-06
-1.197104396829093344e-05
-1.493380376959004704e-05
-1.752469745637049326e-05
-1.946813613393941173e-05
-2.088050789971317568e-05
-2.155652119900239511e-05
-2.167802599494998543e-05
-2.111230716507522576e-05
-2.009737759590516333e-05
-1.855231296993532189e-05
-1.674090950052880631e-05
-1.459634178784068060e-05
-1.236699646279263862e-05
-9.959231820488428097e-06
-7.570035415972721393e-06
-5.051760546498817162e-06
-2.535485198666179130e-06
1.799814971698428958e-07
3.012521883719744469e-06
6.184064098096415012e-06
9.614569900385856437e-06
1.348972015765459717e-05
1.766935548287559813e-05
2.224196168689466835e-05
2.695409186915835454e-05
3.175862305807976245e-05
3.627094322073024993e-05
4.031587254753279151e-05
4.341310679514853618e-05
4.532335222507552849e-05
4.556047529399511072e-05
4.393203513092734083e-05
4.007041247557352741e-05
3.395839647526436493e-05
2.546820122999027603e-05
1.486093603161598632e-05
2.322458746037624207e-06
-1.157241583560758975e-05
-2.633425751117893416e-05
-4.113344707989398071e-05
-5.528457363551011989e-05
-6.785487169656923370e-05
-7.815033937610653815e-05
-8.534591699818604713e-05
-8.895858734033974585e-05
-8.848254454352528641e-05
-8.383246924645546016e-05
-7.496763863703286717e-05
-6.229211035427300756e-05
-4.625796813923133453e-05
-2.771765220173733488e-05
-7.506684300932304459e-06
1.324567039706582225e-05
3.354303497742708995e-05
5.223706637119163875e-05
6.844464394561544218e-05
8.126812352336465473e-05
9.018270371108910038e-05
9.474298474684402708e-05
9.492535592962683970e-05
9.081018966964100208e-05
8.287442001953192444e-05
7.165035669119962770e-05
5.797557967800846817e-05
4.264058634007069216e-05
2.661261924247909039e-05
1.069129977947601618e-05
-4.273228261168672147e-06
-1.769722216097787039e-05
-2.903364932479181903e-05
-3.804845078053286820e-05
-4.457080601379253561e-05
-4.872592058187808059e-05
-5.066789926932078710e-05
-5.077713276838666956e-05
-4.938811361845653032e-05
-4.696709261872950518e-05
-4.385203023388443316e-05
-4.042788633733663921e-05
-3.689432974784395539e-05
-3.345136348592334894e-05
-3.010314869830278217e-05
-2.685748693548137441e-05
-2.356391624267895120e-05
-2.012032424877909260e-05
-1.633419779687038764e-05
-1.212224376624699174e-05
-7.378918723940142232e-06
-2.153306915464485322e-06
3.489225971558187790e-06
9.323731752420366537e-06
1.511739635503562271e-05
2.052101561202572947e-05
2.522991418178793644e-05
2.890078683096976146e-05
3.130815835420750599e-05
3.226982672016799641e-05
3.178081824070831348e-05
2.992983815699742795e-05
2.699560268921099871e-05
2.334324142823356203e-05
1.947751699363010992e-05
1.592003543623478763e-05
1.322695128105949595e-05
1.186085439643839670e-05
1.219217598333684694e-05
1.438861806025627114e-05
1.842480211745849822e-05
2.401308422097311342e-05
3.064232217838632101e-05
3.756573125945965953e-05
4.387739810038795518e-05
4.855739324786022894e-05
5.057723652095698835e-05
4.898458605303776108e-05
4.301211670393167562e-05
3.217015647468847027e-05
1.632373627680106613e-05
-4.242732196613041320e-06
-2.881357482511827056e-05
-5.623269209309910490e-05
-8.497573943092235401e-05
-1.132044059945364067e-04
-1.389181807142476032e-04
-1.600547145847245863e-04
-1.746916512492801556e-04
-1.811531884608626978e-04
-1.782146869571611843e-04
-1.651644597710251320e-04
-1.419608847263973978e-04
-1.092042576570556643e-04
-6.821067296191248605e-05
-2.087116209973873641e-05
3.036477897471901786e-05
8.273303344096115018e-05
1.332352272233568505e-04
1.789442436639144846e-04
2.170953943989411530e-04
2.453932426841635636e-04
2.620510010992290677e-04
2.660395429670554639e-04
2.570245729010609123e-04
2.355207962156958819e-04
2.027064648731312076e-04
1.604808237376457026e-04
1.111723634356362260e-04
5.753238778655424192e-05
2.382808115018767052e-06
-5.139960033583278334e-05
-1.012378527339149537e-04
-1.448233212524581263e-04
-1.804228760948874610e-04
-2.067606107194777079e-04
-2.232511565724503387e-04
-2.297827985674870833e-04
-2.268799960855511259e-04
-2.154041740620639292e-04
-1.966728871226387798e-04
-1.721134624230208517e-04
-1.433783973511203451e-04
-1.119918483261126774e-04
-7.949851378650333602e-05
-4.713437019271286209e-05
-1.603286730390498602e-05
1.306539501562564363e-05
3.954364067725199777e-05
6.316381728234766524e-05
8.374579760655914717e-05
1.014041832646007810e-04
1.161970242526846984e-04
1.283681038663077409e-04
1.379886614635890559e-04
1.452271293651926818e-04
1.500024065630041199e-04
1.522954613710222427e-04
1.518232221419165556e-04
1.483957004902525863e-04
1.416081656299748403e-04
1.312362183165224547e-04
1.169336458902403125e-04
9.864921093335820646e-05
7.631095703429795381e-05
5.024432553757313721e-05
2.082239185608010052e-05
-1.113321603376244783e-05
-4.475170122729804883e-05
-7.874009647312309125e-05
-1.118376223480000456e-04
-1.424691993233183969e-04
-1.692468085441188228e-04
-1.906345843985349535e-04
-2.054767022567038611e-04
-2.126487595953638365e-04
-2.115845222435628063e-04
-2.018850714340320930e-04
-1.838180860166708174e-04
-1.578623398665332327e-04
-1.251637988280922915e-04
-8.700730812885165970e-05
-4.523053720247991372e-05
-1.632556326550527809e-06
4.163574927800685121e-05
8.270069369166852425e-05
1.195677096699790073e-04
1.507544510408312984e-04
1.748512308032239282e-04
1.911276863437323648e-04
1.990261249420730331e-04
1.987239039627675021e-04
1.905500349103383159e-04
1.755033909153762446e-04
1.546014620918782225e-04
1.293722277134177502e-04
1.011593599291373284e-04
7.161738444094552431e-05
4.200475558002016104e-05
1.371397147679392121e-05
-1.241906788090650205e-05
-3.552589444673154106e-05
-5.536287561723765517e-05
-7.165324228613313218e-05
-8.471044622617132278e-05
-9.471828556517725519e-05
-1.023353439663913551e-04
-1.079340582005170108e-04
-1.122123027904004753e-04
-1.154193079545019469e-04
-1.180032381387694206e-04
-1.198501982409833343e-04
-1.209907522928423384e-04
-1.208684467379727412e-04
-1.191151864185099017e-04
-1.148503067745253788e-04
-1.075181680679903614e-04
-9.620224546089351176e-05
-8.050301582495004537e-05
-5.983857742839936486e-05
-3.433136262359993745e-05
-4.061495538747348716e-06
3.006945198783172394e-05
6.716126139048986298e-05
1.054959754781418173e-04
1.434511426256223645e-04
1.787288455206629656e-04
2.093531255159708667e-04
2.329289516338006543e-04
2.476962780985892906e-04
2.517812737995191565e-04
2.442635491432756001e-04
2.243711687461831343e-04
1.925133720449081240e-04
1.493740020318384799e-04
9.687278847331643990e-05
3.712971329961095606e-05
-2.665770200098271684e-05
-9.137712047355705006e-05
-1.531879397298034629e-04
-2.087758292483556577e-04
-2.545517922531100085e-04
-2.879372851636155311e-04
-3.065062288498372560e-04
-3.092311412640392923e-04
-2.955012490070011506e-04
-2.662745646624873870e-04
-2.229308739943693714e-04
-1.683098176665073417e-04
-1.053990060248133370e-04
-3.828250056148389515e-05
2.929263307615528384e-05
9.299495093066457226e-05
1.493908846921143305e-04
1.949695554566670405e-04
2.275954112794085658e-04
2.454055994223298866e-04
2.481743596936795038e-04
2.360394165911866311e-04
2.107571528997003352e-04
1.742558946961672551e-04
1.298028880969230028e-04
8.042150059706561227e-05
3.002498669144124466e-05
-1.823900493470567892e-05
-6.081519536386995143e-05
-9.539764501795526140e-05
-1.196464507900841070e-04
-1.327874197729885463e-04
-1.341698869509813381e-04
-1.247803056459359777e-04
-1.056276196545990863e-04
-7.917991644521983727e-05
-4.760085245501050939e-05
-1.415263642208215798e-05
1.866441723003676081e-05
4.767743125617114570e-05
7.093313833573907019e-05
8.616305845217777162e-05
9.264893275535018315e-05
8.953462294260979546e-05
7.763119978978634777e-05
5.755388471840094591e-05
3.146916876977456321e-05
1.071919532470632657e-06
-3.068776564935922046e-05
-6.174202598476832545e-05
-8.913722694120364656e-05
-1.112262723327539857e-04
-1.257928171474097733e-04
-1.322443008048282333e-04
-1.295764458860451077e-04
-1.185367277647447537e-04
-9.940678793029294135e-05
-7.414031498711968495e-05
-4.397551149078464150e-05
-1.158493105431617710e-05
2.144178660616819889e-05
5.237653970820604535e-05
7.994772421029055836e-05
1.019851911603389215e-04
1.180500547007281827e-04
1.269011084527534071e-04
1.291425867639010893e-04
1.244960823264480221e-04
1.144813162404467835e-04
9.950634899277866505e-05
8.162328605617351406e-05
6.146856702923411502e-05
4.114918129732906643e-05
2.106726409760351730e-05
2.988413392964800100e-06
-1.323016214862459224e-05
-2.635565140195097927e-05
-3.715371799944534143e-05
-4.487756808977416711e-05
-5.077513993007010899e-05
-5.435725235036088494e-05
-5.708599570609210780e-05
-5.843350457830669619e-05
-5.980473635242253044e-05
-6.039073250625284794e-05
-6.137356757527753152e-05
-6.155997803121452609e-05
-6.190487713416449069e-05
-6.088822664647336897e-05
-5.938318527469952366e-05
-5.571757297582498455e-05
-5.091000101726066954e-05
-4.334126566580077039e-05
-3.439068119033185123e-05
-2.263328564192612264e-05
-9.930589719649674191e-06
4.936261422851172075e-06
1.963363888739991695e-05
3.530541570238476172e-05
4.926854759601600683e-05
6.282789595763032544e-05
7.312130607365408582e-05
8.188738811567555440e-05
8.621759290666082510e-05
8.852752476655238419e-05
8.587806633804228467e-05
8.154112814474615445e-05
7.238761499392302545e-05
6.268623020144956635e-05
4.873802012301741516e-05
3.602907894412778867e-05
1.959125136415882303e-05
6.747474158741231595e-06
-1.020166458174554256e-05
-1.988608233330791875e-05
-3.811106670922241000e-05
-2.274696759778058422e-05
-2.715852570160640872e-05
-2.703503215322976996e-05
-2.710436908226239929e-05
-2.599628238718260017e-05
-2.459758796479475973e-05
-2.237262875737307304e-05
-1.985178772162224825e-05
-1.672684342645744805e-05
-1.338033854218542046e-05
-9.594274417994355308e-06
-5.657970651329313942e-06
-1.394103346383091387e-06
2.969811298488577960e-06
7.580386708507919014e-06
1.223858616124412602e-05
1.704791907405592304e-05
2.180229045903023637e-05
2.654281517343959833e-05
3.102855995851228586e-05
3.522830568918999383e-05
3.885883985983253807e-05
4.182928473777743934e-05
4.383543786638669296e-05
4.476726609099649317e-05
4.434852801206896650e-05
4.251216215600357246e-05
3.907398018738722620e-05
3.407639610027139466e-05
2.748498669687975582e-05
1.949901681097216405e-05
1.026127025489675315e-05
1.344930537468824374e-07
-1.058152990584714538e-05
-2.140551351601628228e-05
-3.195139964005347144e-05
-4.170964311785701356e-05
-5.031377017732800488e-05
-5.733759359978155549e-05
-6.254426822508384314e-05
-6.568829987450153099e-05
-6.673947797860505914e-05
-6.568056081457303861e-05
-6.270174645653427419e-05
-5.799016893773740095e-05
-5.189661471809731293e-05
-4.472002395289244330e-05
-3.685495705681420746e-05
-2.858075063518602176e-05
-2.020314355069216267e-05
-1.186098103592198811e-05
-3.676082486408841249e-06
4.411378476655263077e-06
1.247529756217359608e-05
2.073536254495256584e-05
2.937133448869907161e-05
3.862781412202896165e-05
4.862060600069263212e-05
5.943037069140445728e-05
7.091962910760855345e-05
8.283673158660603776e-05
9.466430452906571529e-05
1.057531570725308331e-04
1.152170768800148511e-04
1.221063468768494008e-04
1.253505252912979649e-04
1.239654756455684469e-04
1.170289017865428242e-04
1.038982146131952304e-04
8.418900273268798047e-05
5.796990484745855726e-05
2.570792816828982891e-05
-1.159396347643888540e-05
-5.251478234626011452e-05
-9.515714448491862829e-05
-1.373403411617493328e-04
-1.766202988437573301e-04
-2.105438887439469461e-04
-2.367197372914879886e-04
-2.530947404932583854e-04
-2.580270048713952536e-04
-2.505303262341409946e-04
-2.302932090226169086e-04
-1.978387652940021728e-04
-1.544449885694745719e-04
-1.021878648068697275e-04
-4.374631846696617468e-05
1.766960251910044849e-05
7.860843374643199067e-05
1.355249070473475627e-04
1.851096703124997399e-04
2.244460559211124118e-04
2.513066375657105897e-04
2.642448940953561962e-04
2.627897989648680954e-04
2.474145547194970618e-04
2.195878724031178827e-04
1.815984843327262874e-04
1.364644295231530339e-04
8.763717550481977137e-05
3.881386022145167687e-05
-6.416557735664179923e-06
-4.478259402186611222e-05
-7.365939155452878439e-05
-9.121555526454122858e-05
-9.663865396647495880e-05
-9.015112116834899324e-05
-7.307937081843326088e-05
-4.770561748271048949e-05
-1.717016461495943349e-05
1.482746882830369934e-05
4.425595345156258415e-05
6.714296425907368587e-05
7.985505574187182556e-05
7.948954896990215386e-05
6.410785227916034686e-05
3.302791863738284526e-05
-1.308426486407433630e-05
-7.210463346161260481e-05
-1.405657779203902074e-04
-2.137692390096665159e-04
-2.861175162214070499e-04
-3.514277091849142662e-04
-4.034269735442705591e-04
-4.361821155412459153e-04
-4.446456101408628779e-04
-4.250669985820114448e-04
-3.754428411010561281e-04
-2.957611856595250967e-04
-1.882164180319453243e-04
-5.716916533410465728e-05
9.095907959161570887e-05
2.480541541148662075e-04
4.047300554533722638e-04
5.509691601384497043e-04
6.767520640315632290e-04
7.728186061582453283e-04
8.313202727579122606e-04
8.464936887302098277e-04
8.151211801014540724e-04
7.369138625880979109e-04
6.146065024367622972e-04
4.539213824028862998e-04
2.632263115243294212e-04
5.307426453900998103e-05
-1.645112220873476416e-04
-3.767897263341852751e-04
-5.712026141748273531e-04
-7.361888756280159834e-04
-8.620139897571829114e-04
-9.413929177199472243e-04
-9.700137654470356550e-04
-9.467702509050048790e-04
-8.738359984818035294e-04
-7.564287812659944597e-04
-6.024326512963817026e-04
-4.217667431103385225e-04
-2.256958607257325089e-04
-2.599813772785344870e-05
1.658056537200510079e-04
3.392398119220463282e-04
4.854858472633628397e-04
5.979118555506653760e-04
6.723552289250045184e-04
7.072779529492022668e-04
7.036659453546547120e-04
6.648186486239638553e-04
5.959304147458487164e-04
5.036278583163357383e-04
3.953829505391472880e-04
2.789698610473859575e-04
1.618880953356419746e-04
5.090906619985159344e-05
-4.834120408332076232e-05
-1.316265065560823482e-04
-1.962756404988544887e-04
-2.411755805034775297e-04
-2.667031608036684741e-04
-2.745032862662114166e-04
-2.672449484744101548e-04
-2.482757664783682462e-04
-2.213082219238903187e-04
-1.900618819352846173e-04
-1.579881254519213858e-04
-1.279976858908182639e-04
-1.023045337381673123e-04
-8.229740897680443688e-05
-6.853654660761444568e-05
-6.077706658914500972e-05
-5.810193896440756731e-05
-5.905921822132455360e-05
-6.187632520452425444e-05
-6.464471378391023276e-05
-6.554361554243441211e-05
-6.300082857952160414e-05
-5.586067960846806369e-05
-4.346630776306373875e-05
-2.573133398848454485e-05
-3.119531081925621021e-06
2.338634051460728390e-05
5.239666479661223448e-05
8.222240959844668553e-05
1.110397152240249894e-04
1.370253637347129325e-04
1.585212259623899759e-04
1.741454356106084914e-04
1.829090218395374281e-04
1.842635524490447295e-04
1.781421892038831953e-04
1.649293825990946782e-04
1.454259336911147102e-04
1.207538052437230879e-04
9.227017079178622707e-05
6.144150268953649143e-05
2.974640855836766846e-05
-1.439538548426558604e-06
-3.091306444355930812e-05
-5.771463442184350664e-05
-8.114596299515209579e-05
-1.007849809767035035e-04
-1.164506128844652497e-04
-1.281714364299360034e-04
-1.361173079087409012e-04
-1.405482080634452131e-04
-1.417430254308135165e-04
-1.399594002949792310e-04
-1.353877011645548262e-04
-1.281442508106454305e-04
-1.182650265182492598e-04
-1.057376331727515013e-04
-9.053051195875939168e-05
-7.265044814683389613e-05
-5.218660511742298459e-05
-2.936783181060820803e-05
-4.593707393790306923e-06
2.153511965545329700e-05
4.822175891807494033e-05
7.448638665202602087e-05
9.921576079358816703e-05
1.212201018610818741e-04
1.393180535214109733e-04
1.524192451896574148e-04
1.596194979764579253e-04
1.602786623714315471e-04
1.540932826275698156e-04
1.411378378995005976e-04
1.218872913775607042e-04
9.720140584035134922e-05
6.828620303552035214e-05
3.662079770766736917e-05
3.867736645517200107e-06
-2.823793863354795593e-05
-5.800170738631621280e-05
-8.388497403531274552e-05
-1.046056229765218693e-04
-1.192227253586957742e-04
-1.271931029048426062e-04
-1.284000877248696630e-04
-1.231492372500228734e-04
-1.121340117496764211e-04
-9.637362826015740628e-05
-7.712830220469278630e-05
-5.580039200124033410e-05
-3.382713266390285971e-05
-1.257753763435652909e-05
6.743006399346830863e-06
2.316677533136551445e-05
3.601819458456726304e-05
4.493697135859469238e-05
4.987915766664602997e-05
5.108707890507132020e-05
4.904458093387809009e-05
4.441001988127927738e-05
3.794856216964761494e-05
3.045505327028478191e-05
2.269123525751268617e-05
1.532454013621929799e-05
8.891934560874207829e-06
3.770114242879227304e-06
1.741062701970363120e-07
-1.840637983625111412e-06
-2.351361392157694003e-06
-1.545954970888924681e-06
3.168247191920014245e-07
2.932668306269004017e-06
5.988459295790331471e-06
9.177492747884391188e-06
1.222377665991496573e-05
1.488239736666227049e-05
1.695131635053427708e-05
1.826094050806379167e-05
1.868048967775556594e-05
1.810534750210000902e-05
1.646642457925750894e-05
1.372203228081551429e-05
9.874196362832702401e-06
4.965637843902483640e-06
-8.997013774286200144e-07
-7.560075629714399708e-06
-1.477854143029105130e-05
-2.225485364505031845e-05
-2.961879834115821293e-05
-3.645655735075475944e-05
-4.231821877296497117e-05
-4.675892776257076997e-05
-4.935747795629028385e-05
-4.976580526754541657e-05
-4.772919285764593987e-05
-4.313233012525506731e-05
-3.600811702084248390e-05
-2.656739874005061957e-05
-1.518492835260366219e-05
-2.403988217197828051e-06
1.110569134919552918e-05
2.456933706131828030e-05
3.717352017254345786e-05
4.810510585649569604e-05
5.662905916326624854e-05
6.212843707549481418e-05
6.417484316211957706e-05
6.255005895494936401e-05
5.729091104782691650e-05
4.867716805933547912e-05
3.723983013275721280e-05
2.370975382317664308e-05
8.989913884084325588e-06
-5.928499727352182360e-06
-2.001718619529744279e-05
-3.230938232240046216e-05
-4.195266444271963604e-05
-4.829852625912239096e-05
-5.093283842775052562e-05
-4.973411987313724304e-05
-4.486311341503775144e-05
-3.677668051713923032e-05
-2.617024419871819436e-05
-1.394870499840503134e-05
-1.130775304461053827e-06
1.120713232721110844e-05
2.204313136073085492e-05
3.046749778182262610e-05
3.578404191545973183e-05
3.754213425257127315e-05
3.560264677515733237e-05
3.012433072883877714e-05
2.158055398560897344e-05
1.069375790757559604e-05
-1.594943124407642563e-06
-1.423268600886262616e-05
-2.611389842652684092e-05
-3.620354399985172206e-05
-4.359518906391387616e-05
-4.761902160756738527e-05
-4.786825074042069166e-05
-4.426498173699349971e-05
-3.703440485576529108e-05
-2.671654708269089284e-05
-1.408609350588842507e-05
-1.180146917494240789e-07
1.412970234279662075e-05
2.757177925712505558e-05
3.922038955537039066e-05
4.823062670186351758e-05
5.400207328070252626e-05
5.618692821192624643e-05
5.474719752158365961e-05
4.991177539209276800e-05
4.218419189878602044e-05
3.225257540556206713e-05
2.096062325628748741e-05
9.190621518248254411e-06
-2.176548302242794715e-06
-1.237649750945608507e-05
-2.078317622607845247e-05
-2.699556004279584170e-05
-3.081986060845023754e-05
-3.231337963842199744e-05
-3.172084828204458447e-05
-2.947789875579732324e-05
-2.611213186229999620e-05
-2.222381672719963121e-05
-1.837437738682083985e-05
-1.506993454050036762e-05
-1.266317531598205050e-05
-1.136369480418627137e-05
-1.117288641309536569e-05
-1.193467876164632657e-05
-1.330956201248072536e-05
-1.486381581307347627e-05
-1.607283030108769183e-05
-1.643221951427042653e-05
-1.546875084022229744e-05
-1.284901654909918325e-05
-8.373387172662000933e-06
-2.059933567727655795e-06
5.896666728446142652e-06
1.507808463531738235e-05
2.492390344154500601e-05
3.471978078538815718e-05
4.371112638620229394e-05
5.111196486913415383e-05
5.623135613162438465e-05
5.848015863453565185e-05
5.748610024335716519e-05
5.307505995907945887e-05
4.535438372941653478e-05
3.465290834603169880e-05
2.156304079665229099e-05
6.837214133460922158e-06
-8.605745032169567017e-06
-2.381483851690411766e-05
-3.781685573122126704e-05
-4.975737932676959171e-05
-5.890073792163424710e-05
-6.475178032918732464e-05
-6.702243932897625721e-05
-6.571604952474475742e-05
-6.104899663956100226e-05
-5.349404999056041061e-05
-4.366154528995014371e-05
-3.231387561847177975e-05
-2.022451661159878737e-05
-8.186545367361541849e-06
3.125675925654234070e-06
1.312940374646499468e-05
2.144763151573514533e-05
2.784667772295406149e-05
3.231602163931223635e-05
3.496756069172475128e-05
3.608553863156531866e-05
3.599816396187452378e-05
3.511373676777996471e-05
3.378400965478741379e-05
3.234748645181272385e-05
3.100447924797054220e-05
2.988493745541039845e-05
2.894794957522792324e-05
2.808170628396364061e-05
2.702899459110532884e-05
2.551538517577240660e-05
2.319140555276216133e-05
1.977578396878043658e-05
1.499808174331400102e-05
8.739881472700246882e-06
9.608630997512500988e-07
-8.176866818263490061e-06
-1.841122431946461518e-05
-2.928012312107311816e-05
-4.025548068283067021e-05
-5.066522304761764470e-05
-5.985236278834917564e-05
-6.710820628284901960e-05
-7.184315244722928862e-05
-7.351546649916414395e-05
-7.179802455294228636e-05
-6.648696939595088150e-05
-5.765101410442886832e-05
-4.550888551413979639e-05
-3.055439361618395076e-05
-1.339953703560522704e-05
5.122687800564527019e-06
2.414398538900296105e-05
4.267030905817313354e-05
5.978444441596282702e-05
7.455345915301269180e-05
8.623384359363891289e-05
9.416188577301082892e-05
9.794849826371552950e-05
9.734067283696404098e-05
9.239797992917132580e-05
8.331925415688570217e-05
7.059971060801555206e-05
5.482414756104076771e-05
3.681075713032263159e-05
1.737842091493835303e-05
-2.511344313168070093e-06
-2.200178553920331432e-05
-4.018725453933866254e-05
-5.636398052812731575e-05
-6.985233297524472921e-05
-8.024252893232677929e-05
-8.718403891502193197e-05
-9.062260116568442657e-05
-9.055304157448723244e-05
-8.725006454843993681e-05
-8.098662763131671044e-05
-7.226733855281465275e-05
-6.151941697238155467e-05
-4.934184658962816077e-05
-3.617758474650937449e-05
-2.259230831383597204e-05
-8.934087942119337019e-06
4.347197911551166253e-06
1.705217572149219252e-05
2.886551677288247395e-05
3.972701721657649984e-05
4.941640403625193373e-05
5.795712775385647192e-05
6.515309727936660059e-05
7.104436263363524400e-05
7.539433874545276644e-05
7.821917480868845727e-05
7.921637339155032653e-05
7.839090962281737639e-05
7.540272288492898018e-05
7.031603944593676049e-05
6.282379688082826981e-05
5.315816258025053345e-05
4.112265474274928587e-05
2.722797060997254420e-05
1.143368759752273464e-05
-5.453452416969845672e-06
-1.124730246764334485e-05
-2.307790881491555510e-05
-1.570055961364594225e-05
-1.362688507333384987e-05
-7.835094734240424707e-06
-4.434508948035540143e-06
1.156483556837755950e-06
5.221752981361396066e-06
1.088074258449374753e-05
1.544424467613752188e-05
2.125341025388307876e-05
2.615103167266395664e-05
3.194896326254661084e-05
3.677708182010001544e-05
4.204246193801979264e-05
4.604261289697143968e-05
4.988116902473573505e-05
5.199307269888189613e-05
5.329357801899818392e-05
5.239032327145241798e-05
5.014043783588545135e-05
4.539357683200389892e-05
3.907205467011958151e-05
3.033098230985748522e-05
2.024079966279572739e-05
8.280171538069324382e-06
-4.319499300183473585e-06
-1.780906782637214504e-05
-3.086502550341751013e-05
-4.359287632625282718e-05
-5.471199776807077317e-05
-6.435161133842979728e-05
-7.143297851729842854e-05
-7.627132158520997444e-05
-7.811553993040547305e-05
-7.756530551017208565e-05
-7.423687286160444564e-05
-6.900712394432299737e-05
-6.178631914575543086e-05
-5.360812332235823118e-05
-4.450394732193660425e-05
-3.546626744511449848e-05
-2.643072299992450951e-05
-1.814497028144625761e-05
-1.027003888705969979e-05
-3.184989191894941836e-06
3.784168559853410785e-06
1.060385504124754209e-05
1.817942742268092440e-05
2.663476201703898988e-05
3.685295000859097162e-05
4.880992161794885391e-05
6.304242642429921592e-05
7.906220396418673648e-05
9.679086150291077103e-05
1.150831347257681757e-04
1.331626053416325975e-04
1.492714907206065390e-04
1.621229390100072327e-04
1.696726569012463684e-04
1.705772976384351827e-04
1.630568244529904346e-04
1.463227217812804138e-04
1.194788491486087654e-04
8.286764343083704415e-05
3.695049499854930126e-05
-1.647766498545662122e-05
-7.547456270904639455e-05
-1.368951189501230767e-04
-1.976592716354474109e-04
-2.538462579800104639e-04
-3.020184010613094147e-04
-3.384154917501004428e-04
-3.602719477280055100e-04
-3.650323772068618262e-04
-3.515803626927796097e-04
-3.193903042656841165e-04
-2.695940133059257591e-04
-2.040065038501896635e-04
-1.259920447960818923e-04
-3.934796362684369903e-05
5.101498971066394469e-05
1.402907770591275472e-04
2.232151829556488099e-04
2.952995894521623257e-04
3.522830616843199256e-04
3.912763981673665083e-04
4.101255849022506102e-04
4.083779485084169068e-04
3.864880748946879349e-04
3.465668652512501804e-04
2.914198832748713850e-04
2.251027893318291743e-04
1.518429987226645606e-04
7.647874192984195337e-05
3.357497791256770596e-06
-6.323633372304603975e-05
-1.201017754756566108e-04
-1.646064908974414326e-04
-1.955441873266144221e-04
-2.124712118163641641e-04
-2.163671350376071513e-04
-2.088159124542690961e-04
-1.924924309193302475e-04
-1.702355755909222275e-04
-1.454307381242878961e-04
-1.210587516462199208e-04
-1.000673860668441049e-04
-8.448851408471943667e-05
-7.588563691117905302e-05
-7.461250754366459056e-05
-8.039282293355831893e-05
-9.175345485296803509e-05
-1.067465779506003527e-04
-1.225426442884464942e-04
-1.362579490286065483e-04
-1.446490469587296331e-04
-1.449722888046210809e-04
-1.346949452877577462e-04
-1.122987250483934091e-04
-7.692114252439111069e-05
-2.902589542664709286e-05
3.008925614289571150e-05
9.779940435463574258e-05
1.708007396575536346e-04
2.447924352584344618e-04
3.152547619133817250e-04
3.772557345341036317e-04
4.262893988649673650e-04
4.581214001277837439e-04
4.695925748246628710e-04
4.584050093937554670e-04
4.237973541460335249e-04
3.661886003986378549e-04
2.876608439756197177e-04
1.914193081080569898e-04
8.206887415253799449e-05
-3.509465269354410246e-05
-1.539698235168935963e-04
-2.684569704601281982e-04
-3.724137312342630144e-04
-4.604563454251014293e-04
-5.278752289307622834e-04
-5.713250115216045484e-04
-5.886080802243114736e-04
-5.791822809474917507e-04
-5.437663766636693279e-04
-4.846479849826908388e-04
-4.051217411243204823e-04
-3.096352310748807461e-04
-2.031193790646708245e-04
-9.104836978306144368e-05
2.125266308377333330e-05
1.285452654581668245e-04
2.263077221570092951e-04
3.105941180035311829e-04
3.785410503608801049e-04
4.281054854166799098e-04
4.584267764100665604e-04
4.694428480531529662e-04
4.621272302471124481e-04
4.380200607324540702e-04
3.993898180920732455e-04
3.487361041438958621e-04
2.889350554232127154e-04
2.227687146583294552e-04
1.531006711579090693e-04
8.246658445115219449e-05
1.330157532687053420e-05
-5.240037920018634018e-05
-1.128120205796512271e-04
-1.665602594885600655e-04
-2.124279161784321964e-04
-2.496153418127011509e-04
-2.774451610297231632e-04
-2.956210752927671730e-04
-3.039515064928813314e-04
-3.026132776628174593e-04
-2.918930572731154955e-04
-2.724476257939140189e-04
-2.450494666954523078e-04
-2.108277865972756158e-04
-1.710027469630250843e-04
-1.270951495361181635e-04
-8.064228186633398893e-05
-3.337569757722667327e-05
1.307574569539157007e-05
5.702865864770382469e-05
9.703942460174058487e-05
1.317492570108253706e-04
1.601569426627981647e-04
1.814482219379457111e-04
1.952320366990366763e-04
2.013433550090102124e-04
2.000372454604896848e-04
1.917647499557670050e-04
1.773297706228575959e-04
1.576472057349461321e-04
1.338750408692440121e-04
1.071686725912297556e-04
7.880281550510781486e-05
4.993607098037364201e-05
2.173540279912784774e-05
-4.838617470564453213e-06
-2.889670482249991350e-05
-4.980951355792560679e-05
-6.705879855879021394e-05
-8.039924067133122625e-05
-8.969709517176331138e-05
-9.506825334172352710e-05
-9.670863742607125940e-05
-9.501379201588875214e-05
-9.040691232987552054e-05
-8.344643174417835918e-05
-7.465827334600617850e-05
-6.463805886223398904e-05
-5.389386070326136242e-05
-4.294889472016707137e-05
-3.219966612656666795e-05
-2.202293712733404288e-05
-1.265175981893257086e-05
-4.288097933042492774e-06
3.003285941765806976e-06
9.178017211621658562e-06
1.430335495370196129e-05
1.844127385971825353e-05
2.172974940540210183e-05
2.427089787534899792e-05
2.620751207839161742e-05
2.762120901448696751e-05
2.860887645980827532e-05
2.919479068617922865e-05
2.940989092698303908e-05
2.921918162381625987e-05
2.860340156648797863e-05
2.749946536316662040e-05
2.588077105929070232e-05
2.370558224770533552e-05
2.099003777373446175e-05
1.775832113506247968e-05
1.410288383995264486e-05
1.013211213644539864e-05
6.015125608165813423e-06
1.926096971386555549e-06
-1.925358215966676312e-06
-5.350535461584916536e-06
-8.161405337177810528e-06
-1.022200710474552628e-05
-1.143167208026693704e-05
-1.176443591768068174e-05
-1.124924419784199811e-05
-9.992385989863737422e-06
-8.151746315384489220e-06
-5.941640057994904505e-06
-3.602709017320824984e-06
-1.392793907278026764e-06
4.421805379612852994e-07
1.684711666028439671e-06
2.166639723349720771e-06
1.785805837136517161e-06
5.121467396140253731e-07
-1.600870722109977156e-06
-4.428517086356044764e-06
-7.770030909251515776e-06
-1.137867260733210156e-05
-1.496118252392556246e-05
-1.822153988017011109e-05
-2.085918786105490301e-05
-2.262005149178745431e-05
-2.328654182371252447e-05
-2.272889408744467496e-05
-2.088058958973702440e-05
-1.778473970088488576e-05
-1.355102780189887464e-05
-8.394859879960762919e-06
-2.575275018224812228e-06
3.571721190754027498e-06
9.710831001913599957e-06
1.547454721306233303e-05
2.054956223673915945e-05
2.463652699804357162e-05
2.753730527546212629e-05
2.909995043657037870e-05
2.930046506569628130e-05
2.816819731530508479e-05
2.585934161726956187e-05
2.256226769838098472e-05
1.856480558443156714e-05
1.414382231673481978e-05
9.632509209400001512e-06
5.301583261469015206e-06
1.434518635008273747e-06
-1.791969665626884559e-06
-4.217930471121025747e-06
-5.815055656953812989e-06
-6.578220792195863670e-06
-6.633950690893551140e-06
-6.113511277572465664e-06
-5.256855930406112941e-06
-4.270782360601851011e-06
-3.433370764467664530e-06
-2.943104436625240581e-06
-3.030173710502335794e-06
-3.802717921134209541e-06
-5.370755284791852453e-06
-7.694578387360747563e-06
-1.072568681702757558e-05
-1.426068609989879362e-05
-1.810142693359741763e-05
-2.191495677418508044e-05
-2.541173406659380383e-05
-2.820852540604311677e-05
-3.001984542777366450e-05
-3.051718168988423356e-05
-2.952587601604300969e-05
-2.687208995183430738e-05
-2.257672284316645568e-05
-1.668251037903599086e-05
-9.439164677216396442e-06
-1.106862925217273079e-06
7.868556843076340301e-06
1.707452630943971788e-05
2.596278088270726462e-05
3.408489611679029049e-05
4.092159719790768599e-05
4.612544838153826804e-05
4.933776894432991391e-05
5.042770509969650162e-05
4.928658736387533321e-05
4.605513823990659467e-05
4.088949080328751199e-05
3.417420504186755367e-05
2.626119684035804739e-05
1.767387674374038759e-05
8.827785247195846672e-06
2.377960109866677618e-07
-7.765900739528443399e-06
-1.481321531163817163e-05
-2.076975691009113009e-05
-2.548417798914442460e-05
-2.904863199377989745e-05
-3.151556957891301155e-05
-3.314535441848319073e-05
-3.409888559574963783e-05
-3.468264475508704578e-05
-3.502995981718677528e-05
-3.535803823329781699e-05
-3.565228179249041430e-05
-3.594861225417172047e-05
-3.603131455825383519e-05
-3.574773444235619701e-05
-3.472207174705532236e-05
-3.270034986661837849e-05
-2.927313374873239483e-05
-2.423991395137930569e-05
-1.732652341068084852e-05
-8.553189740829977261e-06
2.069784331808770864e-06
1.418556062840276002e-05
2.743033451869867750e-05
4.109857903931461655e-05
5.452419115914832680e-05
6.676849984111929534e-05
7.703882295069060173e-05
8.438905169200794127e-05
8.816048819658252127e-05
8.767523685719866625e-05
8.267707391697999401e-05
7.299404183197550505e-05
5.895713441512709819e-05
4.101252487216080280e-05
2.010370725078788309e-05
-2.775055556072534867e-06
-2.623368086716220535e-05
-4.898447336776504064e-05
-6.951859359206453385e-05
-8.663353770886820355e-05
-9.910254826279561063e-05
-1.061995761650686489e-04
-1.073283317136873745e-04
-1.025138153761528123e-04
-9.196458336257467962e-05
-7.651262999138137063e-05
-5.709995766724560432e-05
-3.516944623546003633e-05
-1.208907781415917634e-05
1.048194282909514785e-05
3.119918344039369104e-05
4.865336329191582033e-05
6.196680152442872003e-05
7.036155998153893515e-05
7.371350283802114388e-05
7.204318961333278093e-05
6.601396670961535886e-05
5.634343117588399077e-05
4.425622878620884775e-05
3.083724491485553652e-05
1.747017725234306963e-05
5.169213274588888719e-06
-4.956084341703171731e-06
-1.235158690034923502e-05
-1.649209561588619457e-05
-1.748799454449533958e-05
-1.548003061939711808e-05
-1.119745565022515131e-05
-5.281084142177612223e-06
1.187823547064825609e-06
7.408584946999372583e-06
1.232649864646389794e-05
1.536112826311709459e-05
1.582906539455514818e-05
1.364803965667215737e-05
8.691946261638180612e-06
1.456347849967516363e-06
-7.659098591409425807e-06
-1.771665584246786610e-05
-2.801502485987001712e-05
-3.746214278938302079e-05
-4.537799335913328153e-05
-5.084202310827516625e-05
-5.349440361506220261e-05
-5.283070552642451476e-05
-4.898200744130897541e-05
-4.194367362983758807e-05
-3.233150301977599187e-05
-2.054898075492027373e-05
-7.533430857980382369e-06
6.119730989369807499e-06
1.939654051697358532e-05
3.175942950040304901e-05
4.234814553081427574e-05
5.087540053144129601e-05
5.677435684721679005e-05
6.008906020980335689e-05
6.056731812211580611e-05
5.855329659993333441e-05
5.403572685842717972e-05
4.755815172919158310e-05
3.923648172575113527e-05
2.970267941224135578e-05
1.910210096355910509e-05
8.080026960261426662e-06
-3.239373246537668137e-06
-1.422333114170102568e-05
-2.477676670343198904e-05
-3.427576169362982699e-05
-4.265042813674541647e-05
-4.928913287971606214e-05
-5.416772995746263746e-05
-5.672737737708525007e-05
-5.705325460233931717e-05
-5.472031886931036891e-05
-5.001614356112207306e-05
-4.274091663813815592e-05
-3.346360954371375621e-05
-2.225983482126767839e-05
-9.992145036298390976e-06
3.025893820024249004e-06
1.572602544584668455e-05
2.769662417551960664e-05
3.784458989653506048e-05
4.587272690895187211e-05
5.088586409006446608e-05
5.291811485821871770e-05
5.145774073978344107e-05
4.700917654567091488e-05
3.951563838080850545e-05
2.995057468284194257e-05
1.862889140199649625e-05
6.837676743725014256e-06
-4.958863339368857614e-06
-1.542485951239791405e-05
-2.423853343506253088e-05
-3.030059194890528940e-05
-3.369290816496243708e-05
-3.375712548592893502e-05
-3.111628126826849415e-05
-2.560022403018537935e-05
-1.833573271821118474e-05
-9.509486547656141131e-06
-5.504775450680169887e-07
8.265555569463898961e-06
1.550233286042617783e-05
2.110679471915055851e-05
2.391747452750711328e-05
2.435050082382786307e-05
2.168592954070130112e-05
1.690507456803252290e-05
9.719533618555798929e-06
1.590815278680794496e-06
-7.523241352655110846e-06
-1.591191461821973681e-05
-2.366863665749802334e-05
-2.912213838275838070e-05
-3.272500917923171817e-05
-3.308156008336569665e-05
-3.121887305573135238e-05
-2.610750896895342520e-05
-1.940621520845631773e-05
-1.035339652937198750e-05
-1.135680869951371251e-06
9.009858407347893708e-06
1.756882071614071717e-05
2.567826966778515257e-05
3.067548677758283516e-05
3.447120860211624178e-05
3.426318524476398673e-05
3.314434295977301424e-05
2.780478829043271931e-05
2.314680943095539614e-05
1.403038466683781259e-05
9.589985801018658583e-06
-7.423155018662155744e-06
-3.123281580515996285e-06
-4.063618962714269328e-06
-3.085606142284311891e-06
-3.191004498171827447e-06
-2.316626064065117857e-06
-2.067662054455972143e-06
-1.157100021771515594e-06
-6.999323602641638801e-07
2.380639116451009294e-07
7.979040094499466035e-07
1.711979707267416617e-06
2.281372630515504580e-06
3.109528168342211631e-06
3.609081719379396814e-06
4.295190109049590802e-06
4.663365456971277595e-06
5.164502559194051782e-06
5.357518574440547542e-06
5.643442143682013274e-06
5.630141594531796507e-06
5.677788029241939469e-06
5.432557065106936940e-06
5.220533340054725589e-06
4.719414354684119981e-06
4.227981178964727457e-06
3.452638891414792808e-06
2.672708687624792794e-06
1.623812502394815454e-06
5.743155767025158018e-07
-7.088545895584571022e-07
-1.960836619764698266e-06
-3.382314821307397655e-06
-4.707911384549833716e-06
-6.108485994620204996e-06
-7.319580249374293706e-06
-8.490082031163762778e-06
-9.363943872199032568e-06
-1.008096755927682421e-05
-1.040555321104900991e-05
-1.048384944632595639e-05
-1.011372104941304445e-05
-9.461432104767722865e-06
-8.367609006516267425e-06
-7.026098440703882482e-06
-5.321600401317181736e-06
-3.473372585600032674e-06
-1.401398619929158094e-06
6.619621131660914827e-07
2.779112971556006759e-06
4.723998048892253193e-06
6.563300486504685713e-06
8.097747194542841690e-06
9.417546298113755742e-06
1.036458251878708350e-05
1.106239993673357028e-05
1.139655485914203145e-05
1.152023701922942477e-05
1.135143140757003408e-05
1.105642461999023846e-05
1.056390463752974581e-05
1.002964345121344197e-05
9.368730381847635786e-06
8.705155519429505211e-06
7.923593074518183319e-06
7.107099229832374787e-06
6.109059234887399804e-06
4.980754620415146887e-06
3.562457763076762338e-06
1.900601476248358444e-06
-1.448938865612064805e-07
-2.496016212161396467e-06
-5.237423973710234230e-06
-8.227593616192501298e-06
-1.147221615177063891e-05
-1.475387369139977823e-05
-1.800131785238233954e-05
-2.093854553768419155e-05
-2.345060755101895190e-05
-2.525006224600254230e-05
-2.623684430387841592e-05
-2.617719917923902714e-05
-2.505263895953572975e-05
-2.274477319625364664e-05
-1.936758764394633066e-05
-1.495199703785570519e-05
-9.757217696781066203e-06
-3.951611569609767511e-06
2.097413584092562665e-06
8.145272357824231838e-06
1.379762883139568881e-05
1.882930743475794789e-05
2.292083073200538299e-05
2.596557991544926557e-05
2.780553236316593606e-05
2.851780929739389922e-05
2.814149215179228820e-05
2.693824609560315679e-05
2.510729409709216758e-05
2.302121372576885228e-05
2.093332177151428056e-05
1.919698042899841119e-05
1.797632060856357798e-05
1.746274467565699779e-05
1.760337285483645338e-05
1.832943148889465662e-05
1.931510049514607988e-05
2.022793285068410051e-05
2.052364211698638277e-05
1.971936964699384646e-05
1.721918126536922287e-05
1.259964146352939452e-05
5.449918061454447881e-06
-4.350232309775858115e-06
-1.679863553819366343e-05
-3.152359158523499182e-05
-4.798256240132551793e-05
-6.526430793734416629e-05
-8.233119837543631189e-05
-9.787615389597004666e-05
-1.106060578267053428e-04
-1.191418532526360028e-04
-1.223231767906850383e-04
-1.191240648525858598e-04
-1.089460141149034837e-04
-9.151324564077447472e-05
-6.711836180585174793e-05
-3.646423084351008744e-05
-8.357820888249460743e-07
3.812921327517840878e-05
7.834863915227657186e-05
1.175906981590578188e-04
1.534442956253513233e-04
1.836493844420860515e-04
2.060897878369744355e-04
2.191135028554856863e-04
2.214991562203972697e-04
2.127186941809276711e-04
1.928347781960883700e-04
1.626721780511690950e-04
1.236241540685541055e-04
7.772480980807597371e-05
2.737152684189368484e-05
-2.467987761398441303e-05
-7.564202713560632145e-05
-1.227330510145696900e-04
-1.635014419067948809e-04
-1.958415570462985577e-04
-2.182648401234319998e-04
-2.298480515601527120e-04
-2.304148139753456966e-04
-2.203925994124444573e-04
-2.008947006969541990e-04
-1.734905290575142092e-04
-1.402067772507892350e-04
-1.032421482435701821e-04
-6.492888189049903489e-05
-2.743955042437634138e-05
7.240544202115243497e-06
3.756531444524021507e-05
6.240023440802554104e-05
8.119692259713367263e-05
9.388475213392318810e-05
1.009551299406818428e-04
1.032725183497207273e-04
1.020816727944199486e-04
9.876314847968754591e-05
9.479864499297121941e-05
9.151337402951882638e-05
9.004611640066930702e-05
9.112563280886130717e-05
9.508990938357176563e-05
1.017349566900317725e-04
1.104127908581982649e-04
1.199709480459830994e-04
1.289349754222135773e-04
1.355310544171131908e-04
1.379323956216197539e-04
1.343323409732948470e-04
1.232121708140461881e-04
1.034149495903942823e-04
7.438129781470417703e-05
3.617048092499700458e-05
-1.038529928234521342e-05
-6.375424547939462390e-05
-1.216624451575947343e-04
-1.812778628752889404e-04
-2.392796897897312856e-04
-2.921362615584267961e-04
-3.362530128526845818e-04
-3.682963339519012874e-04
-3.853602429897299100e-04
-3.852685488307491563e-04
-3.666896084555490865e-04
-3.293485953635155185e-04
-2.740298503971697985e-04
-2.026516104559463805e-04
-1.181252667972288253e-04
-2.428190794286098420e-05
7.440077661452987941e-05
1.729881716413163447e-04
2.664430763958907495e-04
3.498648865119441723e-04
4.188479811696803573e-04
4.696886339472512543e-04
4.996675744638016947e-04
5.071527652077975970e-04
4.917478417156310663e-04
4.542503105228784164e-04
3.966461806786400284e-04
3.219255350292665827e-04
2.339460986454613056e-04
1.371470719904713167e-04
3.633681270544278455e-05
-6.363051203052802918e-05
-1.580743100914013054e-04
-2.427801140849240738e-04
-3.141633551219444450e-04
-3.694775099414837334e-04
-4.068804039833479481e-04
-4.255296239581466094e-04
-4.255371575715710545e-04
-4.079517177527022006e-04
-3.746140243371639590e-04
-3.280495175832868473e-04
-2.712571225375992709e-04
-2.075525924921100152e-04
-1.403360175043131771e-04
-7.293351146359176298e-05
-8.390711493508626404e-06
5.064344449328362036e-05
1.020599486374383982e-04
1.443352226508081023e-04
1.765923613627794545e-04
1.985675011307011972e-04
2.105909537541171886e-04
2.134861115065038548e-04
2.084909635991845801e-04
1.971171573188084964e-04
1.810444432536369977e-04
1.619748410504350845e-04
1.415348556218594866e-04
1.211569626304047944e-04
1.020169873111669793e-04
8.496383054863195080e-05
7.050559415043102017e-05
5.879364067816110164e-05
4.965658370386835506e-05
4.263166333926838718e-05
3.703450124864314909e-05
3.202184203827066345e-05
2.667871918038356167e-05
2.009316425463561468e-05
1.144147134834854336e-05
5.649426573494449958e-08
-1.450580912803563570e-05
-3.241936204221076821e-05
-5.355286924653742525e-05
-7.745459763717929503e-05
-1.033569378570397548e-04
-1.301986547578642896e-04
-1.566717548628321452e-04
-1.812802196559249043e-04
-2.024240890883093600e-04
-2.184852762854445072e-04
-2.279352203603937426e-04
-2.294302329277325800e-04
-2.219219043363303810e-04
-2.047387172098124718e-04
-1.776745458147101404e-04
-1.410317585970888852e-04
-9.566440917276912361e-05
-4.296243184822854983e-05
1.516614885563518855e-05
7.637932207448463085e-05
1.379816837197005857e-04
1.970703338458512546e-04
2.506632896374992418e-04
2.958842002001521392e-04
3.301084715161436392e-04
3.511508475466740622e-04
3.573891798133427126e-04
3.479130560493905937e-04
3.225844384618933663e-04
2.821106637860579876e-04
2.280122289307052964e-04
1.625999151627790607e-04
8.884087541792220393e-05
1.024376925788456481e-05
-6.935982297496128847e-05
-1.459924874544580719e-04
-2.157930521006269392e-04
-2.752054872529842086e-04
-3.212281152575925409e-04
-3.515559718577338064e-04
-3.647611761190773429e-04
-3.603393751659722294e-04
-3.387823735061514462e-04
-3.015032367944165434e-04
-2.507912969085275405e-04
-1.896223708719539105e-04
-1.215187062711787185e-04
-5.028152616823377484e-05
2.019467608785234229e-05
8.620925886128578757e-05
1.444244150633380137e-04
1.921098290815412269e-04
2.272373518159870483e-04
2.486342569308471135e-04
2.559667973033480674e-04
2.497801904402043613e-04
2.313656018457621426e-04
2.026980481787432652e-04
1.662134339468650300e-04
1.246842802406839445e-04
8.095665450351208572e-05
3.781949074243502241e-05
-2.241419395407419028e-06
-3.712615210458991978e-05
-6.530199487804525221e-05
-8.580053672470196690e-05
-9.830916458014497350e-05
-1.030713144930177312e-04
-1.008915052329566067e-04
-9.295597091370393409e-05
-8.078066852347924620e-05
-6.599119266395285142e-05
-5.025877675947564786e-05
-3.508649996147896453e-05
-2.177823334032275888e-05
-1.127017026445756955e-05
-4.163074262771643650e-06
-6.188584036817365864e-07
-4.645296425344934760e-07
-3.150836777940345774e-06
-7.914518117840945916e-06
-1.377661893767838353e-05
-1.973400772509871262e-05
-2.476437393445084611e-05
-2.801327164195262904e-05
-2.877399671576154463e-05
-2.664274976736495399e-05
-2.145199661436633537e-05
-1.337977826622945861e-05
-2.830519111965590264e-06
9.499488543742175251e-06
2.278463284023770629e-05
3.603305823960406963e-05
4.827295313142082253e-05
5.852169460698367721e-05
6.597235882072010986e-05
6.994585950994530840e-05
7.005674103656150812e-05
6.613054533679235778e-05
5.833538683409663885e-05
4.705576309616836317e-05
3.298650139910046713e-05
1.696498042618671415e-05
3.488286560638085694e-08
-1.675093804505945223e-05
-3.228041729443100719e-05
-4.558926956731656853e-05
-5.580303525511505134e-05
-6.233161599801181896e-05
-6.478162532455224588e-05
-6.311923066248285115e-05
-5.753766574386878692e-05
-4.857900165287096575e-05
-3.695379208933791674e-05
-2.362571897318259650e-05
-9.594012000998464944e-06
4.041891684633562127e-06
1.631493516666741807e-05
2.631992634905659531e-05
3.343407917364374116e-05
3.721436609247930890e-05
3.758314843998965238e-05
3.467571449973109792e-05
2.898043304352837076e-05
2.113377744279652364e-05
1.202104197757620760e-05
2.533061101368486618e-06
-6.350908778401059001e-06
-1.381807971578870721e-05
-1.912736144381569191e-05
-2.184616508127209156e-05
-2.171635796092397075e-05
-1.885077522419764489e-05
-1.354452177778211316e-05
-6.424531200828472505e-06
1.791458249984666884e-06
1.018066223437776717e-05
1.788901341242768060e-05
2.402588270982596350e-05
2.794030615526070272e-05
2.909285351249036821e-05
2.730449574454174604e-05
2.258013022012140942e-05
1.531187305357140617e-05
6.044482079186140787e-06
-4.366783629404830999e-06
-1.503940757087057675e-05
-2.493281224541010605e-05
-3.315529589237694230e-05
-3.883042638180412393e-05
-4.139628034054383053e-05
-4.043832229326649845e-05
-3.595437030151189481e-05
-2.813325807724573435e-05
-1.757323576578824270e-05
-5.002796648607078149e-06
8.541561522409956810e-06
2.203834932983436142e-05
3.432247445935189415e-05
4.442587975259141658e-05
5.140862222329284814e-05
5.468783250403206047e-05
5.383095924884947206e-05
4.885054292992975532e-05
3.994299585633974539e-05
2.774061177748956370e-05
1.299486190021317209e-05
-3.206859093583070696e-06
-1.979923547139542179e-05
-3.553694938216628611e-05
-4.937008082085774755e-05
-6.023051512786742264e-05
-6.739975118126603055e-05
-7.026067767894047871e-05
-6.863944849227175422e-05
-6.250881104242154149e-05
-5.229685164809848768e-05
-3.854003189962357473e-05
-2.216363538930357768e-05
-4.093844729765955408e-06
1.447554884554647579e-05
3.249516110146517567e-05
4.878748633044263167e-05
6.246402124815640916e-05
7.262793253355862737e-05
7.878051353697329573e-05
8.048540469579510391e-05
7.775569682059905541e-05
7.067406446522643223e-05
5.976031375341938766e-05
4.555003350505430412e-05
2.895010502287604195e-05
1.078497971209503050e-05
-7.847238486731371521e-06
-2.604863709906164276e-05
-4.275088990346770406e-05
-5.719760510644154459e-05
-6.854729616446313155e-05
-7.635599270909783668e-05
-8.014581408523842906e-05
-7.988401412947226010e-05
-7.551338475808491019e-05
-6.742803125424058847e-05
-5.596526585055949294e-05
-4.188150969569592196e-05
-2.580770064079958135e-05
-8.731079347811309202e-06
8.581830190396865613e-06
2.508935088399140431e-05
4.007784281290912648e-05
5.264108387261620187e-05
6.230165864136056621e-05
6.845345012262854544e-05
7.099320787465629326e-05
6.971476398541672208e-05
6.494557564549161032e-05
5.688510866235557055e-05
4.624705166422985993e-05
3.354058490315618306e-05
1.972655966819645486e-05
5.447123841046979298e-06
-8.288848807689604110e-06
-2.091769241108916818e-05
-3.158720101133518884e-05
-3.999978907146257669e-05
-4.561215894258271086e-05
-4.850396775991990293e-05
-4.849745875545796514e-05
-4.605406325430496148e-05
-4.130749319242160424e-05
-3.500056951436134690e-05
-2.743229914709026523e-05
-1.945659196295724088e-05
-1.134810879803262069e-05
-3.890651791887710017e-06
2.834889324312707602e-06
8.243776847456887172e-06
1.254255118234654927e-05
1.537869050126074722e-05
1.723818749343791670e-05
1.793091967951112133e-05
1.812715012948138459e-05
1.765830684257552080e-05
1.724591861889310636e-05
1.658807324416085280e-05
1.635078859477918659e-05
1.598636920586301132e-05
1.607853873908696605e-05
1.579480988575967772e-05
1.571647424291455137e-05
1.474907378793190125e-05
1.365784958992140087e-05
1.110492405313060240e-05
8.339832967749611470e-06
3.631951364937009325e-06
-6.837742754538060382e-07
-7.801933094333723129e-06
