-5.233216980880111604e-06
-4.306502265284488972e-06
7.298957831053603573e-06
1.679297647266126187e-05
2.823449605897821076e-05
3.802767989594642100e-05
4.786976430274855754e-05
5.533920693700380782e-05
6.146837040707132265e-05
6.451683679015552222e-05
6.539030609899225887e-05
6.295307657217974094e-05
5.824086186288104889e-05
5.067641922489811679e-05
4.149652545527420531e-05
3.055834458970662368e-05
1.921299190857951239e-05
7.534687337179077331e-06
-3.206736991230270748e-06
-1.298535775323753320e-05
-2.083578907033030220e-05
-2.701149190805906481e-05
-3.100617567335796191e-05
-3.346294469659522166e-05
-3.434199596696347879e-05
-3.461107742066844574e-05
-3.452799355411680386e-05
-3.515090084473894064e-05
-3.672961778679726443e-05
-4.008405539133487461e-05
-4.511694237754568134e-05
-5.211246720906640264e-05
-6.038953120488719351e-05
-6.956512734177217972e-05
-7.835925874577674374e-05
-8.584776945261576549e-05
-9.040992039212615550e-05
-9.096762600563980698e-05
-8.604144880724641097e-05
-7.494604735696190905e-05
-5.690005568121387215e-05
-3.213107289956371968e-05
-9.791299636087848452e-07
3.513348391962310008e-05
7.465133262209177646e-05
1.150734988614049854e-04
1.539690638064743211e-04
1.883074161637175530e-04
2.155124415425326316e-04
2.328809206974549685e-04
2.386115623164493545e-04
2.312299489242608693e-04
2.105122674313900143e-04
1.768337454082545091e-04
1.319199472681837422e-04
7.806446718390240721e-05
1.868246051214182568e-05
-4.260367316445839189e-05
-1.015750353481553134e-04
-1.544033130271038634e-04
-1.973367101545677696e-04
-2.276546614619997968e-04
-2.433095819641725016e-04
-2.437326826943712259e-04
-2.293228198658751795e-04
-2.020194786554370685e-04
-1.645835766019461410e-04
-1.209239073637123580e-04
-7.519644004961049608e-05
-3.195600825968846913e-05
4.817641732258462385e-06
3.160200109706068149e-05
4.622155306623923975e-05
4.760035353274358523e-05
3.641828829561457697e-05
1.461103745005404712e-05
-1.428666317174734338e-05
-4.592311685343967873e-05
-7.507042377517667746e-05
-9.660438287582196100e-05
-1.055918425420598417e-04
-9.829126517470924225e-05
-7.218255978897806483e-05
-2.677863122797797876e-05
3.660024915889707530e-05
1.143679031034854250e-04
2.012679481726830646e-04
2.903177676725116649e-04
3.737534111889287154e-04
4.432814212708619580e-04
4.912119924352594848e-04
5.108020003274880158e-04
4.973245180077175013e-04
4.482363332189636209e-04
3.639283577464426205e-04
2.474960910578360659e-04
1.050073221162010147e-04
-5.521379376923126072e-05
-2.228041125709586344e-04
-3.864778195998302577e-04
-5.345582975533197390e-04
-6.562541577881601373e-04
-7.422136946829411934e-04
-7.856444456906606488e-04
-7.825772619135505388e-04
-7.325505822412820955e-04
-6.383653800273835898e-04
-5.061981478406663796e-04
-3.448069767246620516e-04
-1.651379600678663405e-04
2.085286650065423797e-05
2.008479985547638425e-04
3.634153798444396638e-04
4.985686256597998082e-04
5.987604161650118958e-04
6.590855581261381973e-04
6.778193526033720337e-04
6.561357192773209371e-04
5.981429234576642528e-04
5.101514519074556043e-04
4.003244000331411859e-04
2.776831773926585365e-04
1.516091986673318579e-04
3.084580436889335135e-05
-7.689047057428371318e-05
-1.656759338243749794e-04
-2.314668116777750641e-04
-2.725009612502340972e-04
-2.890155801705211595e-04
-2.832819331354095730e-04
-2.590119035811541985e-04
-2.211380880894792426e-04
-1.750642502516754236e-04
-1.263745997499888282e-04
-8.012128439937613391e-05
-4.064530731314131224e-05
-1.105524068573767563e-05
6.725829631603739316e-06
1.222402401696879823e-05
6.124863248208428647e-06
-9.691055635766441528e-06
-3.261237276955252922e-05
-5.939155645845192266e-05
-8.666940588586017962e-05
-1.110812472398480633e-04
-1.297300900065864325e-04
-1.402092121476481888e-04
-1.409525375054734408e-04
-1.311277216782976676e-04
-1.108426362511236255e-04
-8.091061522177164875e-05
-4.293550907153130942e-05
1.011815925412300333e-06
4.837913554501216374e-05
9.648969819397602691e-05
1.425436877715302326e-04
1.839582832598001265e-04
2.183428517712718460e-04
2.437908714725044526e-04
2.588077525168117261e-04
2.625421156039608062e-04
2.546594628360120452e-04
2.355099795010960205e-04
2.059475362578606797e-04
1.674350497276898058e-04
1.218113124776990333e-04
7.134036512083300038e-05
1.843874278299488650e-05
-3.431145257803162120e-05
-8.444964378539058830e-05
-1.296308873217962433e-04
-1.678960742993975872e-04
-1.976407609343176297e-04
-2.178362370081942453e-04
-2.279432739873443238e-04
-2.280601938845858308e-04
-2.187657248704334223e-04
-2.011880631632145529e-04
-1.767818245662095965e-04
-1.473355501236401483e-04
-1.147125958103715213e-04
-8.083680918857573405e-05
-4.744151584823863164e-05
-1.607698732355674316e-05
1.209271819963104369e-05
3.622649869376351863e-05
5.593661036186067749e-05
7.115743178970603748e-05
8.220538750543509177e-05
8.959474772904290414e-05
9.405237087964576101e-05
9.631344642118781503e-05
9.712876455954042975e-05
9.707926726309199818e-05
9.661237902157820436e-05
9.590616106788557756e-05
9.495735297500778943e-05
9.350717097461224618e-05
9.118058433669485317e-05
8.746015463643858870e-05
8.185195360646503257e-05
7.387562073187462625e-05
6.322246147609941150e-05
4.972857480838806422e-05
3.349664177486666097e-05
1.483052811897786424e-05
-5.692253844068826061e-06
-2.732842602134238617e-05
-4.914088806154485447e-05
-7.013624239000786650e-05
-8.926178840343315332e-05
-1.055490439096569183e-04
-1.181103340705245996e-04
-1.262644255732232098e-04
-1.295136099664927253e-04
-1.276387931944380962e-04
-1.206500951249857610e-04
-1.088485339552917506e-04
-9.275014255639445530e-05
-7.311692764119150502e-05
-5.085954209922595047e-05
-2.704414073656897187e-05
-2.781129161603218481e-06
2.078341464398119937e-05
4.258271032354729596e-05
6.164084550711228043e-05
7.717646867088231663e-05
8.860066650172015990e-05
9.559311174111792282e-05
9.807230693318144546e-05
9.623411196742423794e-05
9.048920733548620294e-05
8.146454400973028023e-05
6.991439972258903495e-05
5.669652964793156567e-05
4.267274798568392366e-05
2.867855214593383148e-05
1.543371421591253627e-05
3.526309762422079124e-06
-6.647388982266998478e-06
-1.486918488801628008e-05
-2.112042143679144100e-05
-2.553612343830558818e-05
-2.839229552270521305e-05
-3.003856016169505032e-05
-3.086724349640081183e-05
-3.124456684380850558e-05
-3.148360679787654990e-05
-3.179523154621570962e-05
-3.228241136229459700e-05
-3.292283427865127702e-05
-3.359028541099597976e-05
-3.406827126138523422e-05
-3.409165009375040022e-05
-3.337909346658254363e-05
-3.167885929269363801e-05
-2.880188407926320094e-05
-2.465345676419722465e-05
-1.925077163404881938e-05
-1.272844922975128067e-05
-5.333970054018828790e-06
2.593886702136038252e-06
1.064770528883078288e-05
1.839202867069192880e-05
2.539274954586614332e-05
3.126284579835722114e-05
3.568359262422144188e-05
3.844152892366764100e-05
3.943017231985567091e-05
3.867032401681748041e-05
3.628806692359759305e-05
3.251786779925947473e-05
2.765987472843748732e-05
2.207235205863017488e-05
1.611797915698652474e-05
1.015740149689984192e-05
4.496668900988926978e-06
-6.070979527625422171e-07
-4.988153735100332262e-06
-8.547825664911701854e-06
-1.128327908732434340e-05
-1.324424331998183092e-05
-1.455097462190698620e-05
-1.533774744539700071e-05
-1.576803723545092744e-05
-1.597417629988902459e-05
-1.607970042271636077e-05
-1.614469673170586462e-05
-1.620339420834261880e-05
-1.622060667962961606e-05
-1.614632217754612383e-05
-1.588092065319305249e-05
-1.534097225739860926e-05
-1.442505525015229933e-05
-1.308158121980894441e-05
-1.126621904242034270e-05
-9.004061308252491781e-06
-6.333112709981472133e-06
-3.358201186278822655e-06
-1.811734634927918465e-07
3.049696491420162939e-06
6.216817099126362714e-06
9.181164238266047490e-06
1.185944155639162387e-05
1.416290438008757872e-05
1.606993770882921653e-05
1.755308616233965609e-05
1.864623705300765287e-05
1.936073819287463312e-05
1.974984109062230406e-05
1.981824988346569453e-05
1.958989283225389780e-05
1.901842062128109470e-05
1.806664424692961077e-05
1.662553989738326090e-05
1.461053972912315577e-05
1.189039916877224762e-05
8.397365672865125832e-06
4.058865930240139010e-06
-1.088309417105181572e-06
-6.974972288299025906e-06
-1.339300907506977553e-05
-2.009163483677012892e-05
-2.668656239987766005e-05
-3.278005961609556292e-05
-3.788626028824999505e-05
-4.157157312288655711e-05
-4.338876801725378957e-05
-4.302683720921653555e-05
-4.023992294451599142e-05
-3.499104332431069602e-05
-2.736005384561764729e-05
-1.766697287060808882e-05
-6.347561242233816479e-06
5.950856552420598449e-06
1.852811651608296506e-05
3.055875527206904243e-05
4.127488407256150066e-05
4.990146340365523355e-05
5.584394994738589715e-05
5.861015847499875174e-05
5.798236964134252674e-05
5.390807453720720970e-05
4.664287270506814871e-05
3.660102222011414662e-05
2.446546032060165074e-05
1.100010129806092389e-05
-2.865203493705287038e-06
-1.624753732233899566e-05
-2.823318148387669944e-05
-3.809455684586723927e-05
-4.519695973871295326e-05
-4.919749940793615139e-05
-4.991657350017904916e-05
-4.750334295184468683e-05
-4.226201608539872234e-05
-3.478093813624653870e-05
-2.571794669791192177e-05
-1.590436114769567443e-05
-6.106444041320572834e-06
2.873968136288855983e-06
1.043752326399254708e-05
1.606500788202473075e-05
1.953184772505090936e-05
2.074473887986933351e-05
1.991922369975612377e-05
1.736933599953149424e-05
1.365120204290231820e-05
9.316881480177418093e-06
5.042097988021722457e-06
1.366819484870812485e-06
-1.167765291097117673e-06
-2.267079258482451548e-06
-1.714504910998116815e-06
4.097369197006525337e-07
3.939974533784129125e-06
8.438616912202826615e-06
1.344657460717346900e-05
1.831876308573759341e-05
2.249826602139054455e-05
2.535500001872777006e-05
2.646365591432395066e-05
2.542558371868602866e-05
2.213247300823332432e-05
1.655622185881632067e-05
8.987658937751270746e-06
-2.117701772153917202e-07
-1.039747421550480468e-05
-2.092540525292659094e-05
-3.095853751776560573e-05
-3.977498817291043104e-05
-4.657835370423097748e-05
-5.081235437845756911e-05
-5.195542875011630875e-05
-4.982325638756285319e-05
-4.433096493192600560e-05
-3.577076305935770258e-05
-2.453288100021123127e-05
-1.135440856473605577e-05
3.000408412770210998e-06
1.751421708259032594e-05
3.126699691509264058e-05
4.321897018026697349e-05
5.257486155751458243e-05
5.855558949169589245e-05
6.075525797820352069e-05
5.888048019196878761e-05
5.308155621741301837e-05
4.364409341477343203e-05
3.128460748796833656e-05
1.679038290322476583e-05
1.282654223162048289e-06
-1.418611225894215708e-05
-2.838567215369026755e-05
-4.033279366293111747e-05
-4.903621502838967556e-05
-5.391663220973487056e-05
-5.451533451379013753e-05
-5.088405991986887409e-05
-4.323554379638163125e-05
-3.228868750359596370e-05
-1.885423237463605288e-05
-4.138669500606251736e-06
1.072293739822534019e-05
2.438330262401635807e-05
3.577619342053557389e-05
4.382098123598372546e-05
4.790871621271814335e-05
4.756127772495375984e-05
4.288085725962934779e-05
3.413925226746584779e-05
2.217535916657177583e-05
7.908117532561709267e-06
-7.312300753193462262e-06
-2.225193683990378060e-05
-3.546070786724886913e-05
-4.584566829349022768e-05
-5.231658337641601397e-05
-5.434404420890523381e-05
-5.154350638592177192e-05
-4.418675922249565643e-05
-3.270123680030497513e-05
-1.812499672489557267e-05
-1.522768780512812478e-06
1.559995634665055050e-05
3.193903370370001457e-05
4.598280191084931650e-05
5.667271194487728776e-05
6.295586369196352569e-05
6.442370149446343210e-05
6.078870557031289745e-05
5.247491370276655001e-05
4.000177583754217217e-05
2.452478003236899953e-05
7.135425447941002774e-06
-1.062426644674869805e-05
-2.751458465579663013e-05
-4.206913372596307599e-05
-5.336028893200226982e-05
-6.041383979326363544e-05
-6.295359594129599080e-05
-6.073060121071846692e-05
-5.423151341898383733e-05
-4.391417297594465724e-05
-3.088704550672640250e-05
-1.606472086656056026e-05
-8.456993507116791804e-07
1.378335748613911518e-05
2.653395492820275042e-05
3.673055256717292844e-05
4.352557724659003330e-05
4.680962210514234888e-05
4.633242390305205400e-05
4.260235812562581016e-05
3.590940639339609911e-05
2.722781416963874972e-05
1.715413935949862368e-05
6.842293202894935435e-06
-3.120434477814283938e-06
-1.171036715383070586e-05
-1.863157498241362539e-05
-2.321381306487350479e-05
-2.560643799546648649e-05
-2.555888322315797589e-05
-2.365175391399079082e-05
-1.995675291216965599e-05
-1.533027036206745120e-05
-9.960719905911289587e-06
-4.761210418709615123e-06
1.870217329807535615e-07
4.104509426000693231e-06
7.175115279062721278e-06
8.845242404064701999e-06
9.608811738001336861e-06
9.109552428810751781e-06
8.088020889407621233e-06
6.262925989018441536e-06
4.498090677529261900e-06
2.430679035331890112e-06
9.337308045624183250e-07
-5.642257240302601105e-07
-1.225541967457746388e-06
-1.891086763595989890e-06
-1.705701378402738706e-06
-1.783239949767623925e-06
-1.107523009554683248e-06
-1.072543912989614371e-06
-2.822873425179335041e-07
-5.413942565149344494e-07
2.881693776066837309e-07
-5.683617025822703749e-07
9.714956090103325220e-07
-1.339959625305629239e-06
-1.970744604853496711e-06
-3.752671353748467360e-07
4.231957269316045666e-07
1.285956879602536268e-06
1.325859632171907432e-06
9.419782780942744712e-07
-3.847417017354765035e-07
-2.306328880868672515e-06
-5.079757340389197973e-06
-8.294055671979501862e-06
-1.199030042842929119e-05
-1.567940515668604992e-05
-1.925545857264093435e-05
-2.220196649018796041e-05
-2.436672917203530300e-05
-2.529661790701649430e-05
-2.490791421600492539e-05
-2.290866933785863199e-05
-1.938164576709133362e-05
-1.426467372857815968e-05
-7.856184633175289134e-06
-3.334589452066527530e-07
7.810248163390876589e-06
1.622033798148713455e-05
2.430053323151871498e-05
3.164232496709288721e-05
3.768615664164281739e-05
4.212074954344824688e-05
4.456835649329673988e-05
4.494578807050217720e-05
4.315751655808956343e-05
3.941164951653307276e-05
3.391003282038826530e-05
2.711823775741515233e-05
1.945045776912730055e-05
1.150098814465285558e-05
3.731274223261250318e-06
-3.321626097869909827e-06
-9.341215993190221068e-06
-1.402632478501176898e-05
-1.735387327467839146e-05
-1.935892256358145091e-05
-2.035218947599038965e-05
-2.067590124039800549e-05
-2.087502176911968207e-05
-2.143250818825891409e-05
-2.290681184033762857e-05
-2.566363927870498276e-05
-3.000383548315060315e-05
-3.591757681253645727e-05
-4.323129533570448015e-05
-5.141012960497946268e-05
-5.974699518932680744e-05
-6.722852091201046742e-05
-7.277395161793254175e-05
-7.516089811365484884e-05
-7.330057144919706401e-05
-6.619825777738201937e-05
-5.323148624376672610e-05
-3.410398717019651394e-05
-9.082616205273595343e-06
2.110018461885942664e-05
5.509080531169051120e-05
9.109612538496447904e-05
1.268293263293142803e-04
1.597816025694574727e-04
1.872581238695785637e-04
2.067121800408922244e-04
2.158272239591090761e-04
2.128566525921654292e-04
1.966853520154493060e-04
1.671049047213806079e-04
1.247857066153448011e-04
7.142701353308663086e-05
9.592353526315108991e-06
-5.729368581794402893e-05
-1.252528114563252425e-04
-1.898908427740976740e-04
-2.468053605091073818e-04
-2.917934215855363272e-04
-3.212776398275362971e-04
-3.324902750427086162e-04
-3.238205027092370849e-04
-2.948811805640210218e-04
-2.466958238749809417e-04
-1.815857114572417294e-04
-1.031597393131166059e-04
-1.601364957884028245e-05
7.445521148635969285e-05
1.624867887772244064e-04
2.422455363027770179e-04
3.083074459558556458e-04
3.559480191658340414e-04
3.815717700212496537e-04
3.828975574598482922e-04
3.592370019231021293e-04
3.114991976884320512e-04
2.422608991110395012e-04
1.555579209989891654e-04
5.674194205256794334e-05
-4.791872477849822210e-05
-1.515462952125119496e-04
-2.471703310794174150e-04
-3.281060368670947100e-04
-3.884823711703654916e-04
-4.235785624617605192e-04
-4.302505914889672572e-04
-4.071181450294220528e-04
-3.547930758276757928e-04
-2.758384084590058058e-04
-1.747443270617234947e-04
-5.763123744637539171e-05
6.802604217374880267e-05
1.939189312422542714e-04
3.113666343287972119e-04
4.119625001204668875e-04
4.880963032508307885e-04
5.335811746736765504e-04
5.440786244726659917e-04
5.175448637907816224e-04
4.544057409834038235e-04
3.576906123451133895e-04
2.328579258206237479e-04
8.756045259971632661e-05
-6.888376739853391696e-05
-2.260445508371739757e-04
-3.731575596169914104e-04
-4.998391221715932321e-04
-5.969147980378434202e-04
-6.570691984979205001e-04
-6.754874624503153522e-04
-6.502109573847798763e-04
-5.823915996370736389e-04
-4.762013884701637957e-04
-3.386112086966841213e-04
-1.788393621452491727e-04
-7.718177841315145007e-06
1.631772049044155647e-04
3.223615440548386279e-04
4.593613666151404626e-04
5.654452762149687894e-04
6.342938213977700797e-04
6.623615369243110928e-04
6.490999682706440977e-04
5.968459303274202803e-04
5.105814985333891271e-04
3.974098799276411568e-04
2.659784349299214984e-04
1.257218858168436754e-04
-1.383098490509396051e-05
-1.438042384525814454e-04
-2.565435927473474890e-04
-3.461368915329892867e-04
-4.086838489950395440e-04
-4.424708096446333845e-04
-4.478850859833125096e-04
-4.272511548096690642e-04
-3.844537213104163849e-04
-3.245462839158389651e-04
-2.532282698885879139e-04
-1.763912282606852817e-04
-9.961966146741485495e-05
-2.783443168036842417e-05
3.504586703660730613e-05
8.625999914260281602e-05
1.243163754490263001e-04
1.489213490781056068e-04
1.608802956219562133e-04
1.618514192490872351e-04
1.541174877191148792e-04
1.402658394402236442e-04
1.229394967464172441e-04
1.045511744022039642e-04
8.711254184412820227e-05
7.206260674327824838e-05
6.022974267389532530e-05
5.180103132785398781e-05
4.641742458354383959e-05
4.326102519211676899e-05
4.123949639751115897e-05
3.913023637339533726e-05
3.578264281379931155e-05
3.024538708491904883e-05
2.191729784270901634e-05
1.059851119472707105e-05
-3.454245211349553659e-06
-1.957756036366573642e-05
-3.674516177308538036e-05
-5.370179738436534349e-05
-6.907153090073579803e-05
-8.152794622259956227e-05
-8.991132424337723800e-05
-9.337723721978934133e-05
-9.146758785698877871e-05
-8.418948367756084257e-05
-7.200263198437916910e-05
-5.580646488166953048e-05
-3.684126575855002894e-05
-1.660003496893473399e-05
3.325743445514824220e-06
2.136884754365907089e-05
3.614748903444084312e-05
4.656880900737489737e-05
5.194418079936156208e-05
5.202973557592909188e-05
4.706540371005951353e-05
3.773484653098615977e-05
2.512197995465596445e-05
1.059608471975960582e-05
-4.294510316262032892e-06
-1.797882464834532027e-05
-2.898899469989935684e-05
-3.610967292042197664e-05
-3.847404847260474603e-05
-3.566052426955198005e-05
-2.772080608493070311e-05
-1.519641728104783301e-05
9.359573100356839703e-07
1.932934997351046236e-05
3.839154080328948521e-05
5.640609526945300668e-05
7.169127376103493420e-05
8.273242799998772564e-05
8.832596636927024210e-05
8.767471128347940933e-05
8.047308298496351909e-05
6.692991354931892493e-05
4.777089418044408323e-05
2.417852754550982078e-05
-2.284510415972452782e-06
-2.980200124376612418e-05
-5.643273083710629846e-05
-8.026761280354064115e-05
-9.956810287540340625e-05
-1.129091341494420559e-04
-1.192828328281184136e-04
-1.181857495355720307e-04
-1.096528325953363301e-04
-9.426344744774599815e-05
-7.309177065067395409e-05
-4.763079365009876848e-05
-1.967169376039224854e-05
8.829098747550373735e-06
3.590569135787072177e-05
5.972864254569549181e-05
7.874768403353846723e-05
9.180249851546930164e-05
9.820854226146583836e-05
9.779672749780219027e-05
9.091738113588778065e-05
7.839709246209481286e-05
6.146279062778287657e-05
4.163059687706216586e-05
2.057670776123848589e-05
-4.597359660972674309e-09
-1.853867984926693070e-05
-3.369604402506447499e-05
-4.449333235389354063e-05
-5.036265084844804253e-05
-5.118451086716920906e-05
-4.728019233432886436e-05
-3.936812311004074337e-05
-2.848418912496236823e-05
-1.587987800338800645e-05
-2.900531606413592737e-06
9.136322828337821618e-06
1.906174550931632761e-05
2.595324295728487226e-05
2.921438291169910513e-05
2.861540272604608411e-05
2.430730685850037399e-05
1.679185634966812355e-05
6.869410008037220874e-06
-4.449292980411044188e-06
-1.603729681454135172e-05
-2.676478283627858570e-05
-3.559719345438594511e-05
-4.169446202909094819e-05
-4.447592577354903139e-05
-4.367331869268615299e-05
-3.933822882862807207e-05
-3.183506335130812948e-05
-2.178924082889216877e-05
-1.003024145461706005e-05
2.498951828920707748e-06
1.482043244565014975e-05
2.601795443554375339e-05
3.530343061686291812e-05
4.208824451940224482e-05
4.601181578651816219e-05
4.696933546029011779e-05
4.509258149256938173e-05
4.073306533178919101e-05
3.440270606433126961e-05
2.672770021027305086e-05
1.837025664038019704e-05
9.977945102763329286e-06
2.112365855414233212e-06
-4.781368520531619712e-06
-1.041811313574612352e-05
-1.466822844078279424e-05
-1.756587282575683900e-05
-1.926993640630573153e-05
-2.004453673911085594e-05
-2.019843104853928173e-05
-2.005505015986120952e-05
-1.989046588699280361e-05
-1.991394799179447726e-05
-2.022397636300793898e-05
-2.081485561354636695e-05
-2.156053267208263443e-05
-2.225064045858921396e-05
-2.259923639764522499e-05
-2.230167685055852331e-05
-2.105494273849522842e-05
-1.861885574936342037e-05
-1.483025253601078347e-05
-9.651709277546656368e-06
-3.165556461125045097e-06
4.399722210698149419e-06
1.270086158678489378e-05
2.127657801142085901e-05
2.960144690203680710e-05
3.709985768439281209e-05
4.321383490547531616e-05
4.742345478025700156e-05
4.931629561379368429e-05
4.860092369365222157e-05
4.516405898770836403e-05
3.906330955210069692e-05
3.055944960843008645e-05
2.007853710730361319e-05
8.213914737054137926e-06
-4.341840414710288735e-06
-1.681833448402262989e-05
-2.845300173303579687e-05
-3.851914747689101859e-05
-4.641008112609280016e-05
-5.165412523587413799e-05
-5.397884552216191919e-05
-5.329764036819612726e-05
-4.974322666621509555e-05
-4.362040904980071728e-05
-3.540927498844058022e-05
-2.569022102785415421e-05
-1.512797598381969121e-05
-4.384063261220087655e-06
5.900241079119991854e-06
1.518459605123189097e-05
2.302891644976544136e-05
2.915142584082016234e-05
3.339953315835334608e-05
3.578068536726982009e-05
3.640608339847480897e-05
3.550070373707570943e-05
3.333034973902779214e-05
3.020454329483806706e-05
2.640250659615581155e-05
2.218488230463739076e-05
1.773311363169994027e-05
1.318148988736177219e-05
8.577377327524879900e-06
3.936458944437087278e-06
-7.785802535249134036e-07
-5.587511574960516015e-06
-1.050817860912487579e-05
-1.548643859758111268e-05
-2.042277618102129636e-05
-2.511807959746175547e-05
-2.932345813237653481e-05
-3.270934185416990545e-05
-3.494040433467035365e-05
-3.566389325646668562e-05
-3.459998574819421734e-05
-3.153487733634447663e-05
-2.640879478589086386e-05
-1.929451201783018160e-05
-1.046433288064063449e-05
-3.378952728133709876e-07
1.048359140116328882e-05
2.130605289633579884e-05
3.133951170646746761e-05
3.981402049585201330e-05
4.599141150973125959e-05
4.928694435632030406e-05
4.927168872136503694e-05
4.577588865204024069e-05
3.886033760921340314e-05
2.888408216141371643e-05
1.643267275402253560e-05
2.344129106569950736e-06
-1.240568368246309787e-05
-2.671175683294150751e-05
-3.948371256816367569e-05
-4.966938923928217848e-05
-5.640361077929988701e-05
-5.901996764931471230e-05
-5.717766645362319596e-05
-5.083622437920089422e-05
-4.033884116665180071e-05
-2.633371967507652802e-05
-9.804441028422228833e-06
8.064087545220090960e-06
2.590173059929155663e-05
4.232724484487449446e-05
5.598693236994611047e-05
6.573802925415331234e-05
7.067451416104184839e-05
7.028307122642828370e-05
6.442113096533761307e-05
5.341573124814667296e-05
3.797201050763927534e-05
1.920367760440862745e-05
-1.527649493342281208e-06
-2.263771005003604797e-05
-4.252555401677986403e-05
-5.962093995018559911e-05
-7.259526634054115288e-05
-8.038735394283592461e-05
-8.237658925927310218e-05
-7.834904702485488085e-05
-6.860334410510833330e-05
-5.383842132410351683e-05
-3.518623366107474001e-05
-1.402822892512818785e-05
8.025418235275461504e-06
2.936021416828195213e-05
4.839254759673000504e-05
6.379123163466882932e-05
7.448231726480552834e-05
7.982657651735068193e-05
7.955975616203998096e-05
7.390244297401295129e-05
6.342434691387541495e-05
4.908862532551315358e-05
3.205477039438684258e-05
1.368330906090868188e-05
-4.688831418288373367e-06
-2.174432529175144175e-05
-3.639818238872554807e-05
-4.775770317318504761e-05
-5.529312833249296207e-05
-5.873959379017616223e-05
-5.821428581493784052e-05
-5.405935378900628867e-05
-4.691517707345037200e-05
-3.752212725189789318e-05
-2.677479719279299462e-05
-1.551081550083978204e-05
-4.575603419073730497e-06
5.374657333387258057e-06
1.377445947482756914e-05
2.031544577922401784e-05
2.480467001238435129e-05
2.729974679335973693e-05
2.792986541724032468e-05
2.701227425537029063e-05
2.485233465725666442e-05
2.186076228147422056e-05
1.835158285370762417e-05
1.467797876086648838e-05
1.104153233676016258e-05
7.656329873475643005e-06
4.572893494409476257e-06
1.869548593241063711e-06
-5.160555779409402340e-07
-2.577938128488214703e-06
-4.415520683468774369e-06
-6.018655825782432946e-06
-7.458273080419654841e-06
-8.672910094736447701e-06
-9.682009469849532700e-06
-1.037431417058671630e-05
-1.074247441204556359e-05
-1.066693835592237547e-05
-1.016557499315940392e-05
-9.163445789881514162e-06
-7.750328474157157534e-06
-5.927495670562274197e-06
-3.869143919607579815e-06
-1.641866376130157737e-06
5.274586799093048627e-07
2.557411567670152981e-06
4.228821492589620161e-06
5.509854114406889808e-06
6.246328972885349627e-06
6.501546589369860161e-06
6.211506192077662085e-06
5.540250808454103245e-06
4.495831789959014325e-06
3.308057259187220328e-06
2.004842163899490554e-06
8.247038092930382144e-07
-2.454747389161866976e-07
-1.008163054635606281e-06
-1.558440341876154883e-06
-1.757533352644583575e-06
-1.787229018571415237e-06
-1.545976446295804660e-06
-1.274818170265253988e-06
-8.611853720372330186e-07
-5.682741010000967663e-07
-2.219669092673384799e-07
-8.938078390453776763e-08
9.858940490327559745e-08
4.847681953572792080e-08
1.420900083613550282e-07
-1.573903055771025818e-08
1.165724833516137641e-07
-1.278127019105112193e-07
2.427284848522537508e-07
2.987534079782277323e-07
6.486326312759269319e-07
5.688581115183142336e-07
6.001292575584367710e-07
5.339663998580382047e-07
5.116899133131471807e-07
4.265349561133126531e-07
3.669154185183559018e-07
2.611240236581568094e-07
1.745757905739352515e-07
5.383709406160194458e-08
-4.864546645506808644e-08
-1.751122316946259426e-07
-2.815921087550346268e-07
-4.029062853003122720e-07
-5.012278579367265407e-07
-6.062555247053871675e-07
-6.849654824177925898e-07
-7.634406245391242413e-07
-8.126171001072709478e-07
-8.559980724543055219e-07
-8.679135279988901028e-07
-8.700342785128390325e-07
-8.396983109444404580e-07
-7.973203548637062704e-07
-7.229961561588301467e-07
-6.363601277372178250e-07
-5.201145721507327207e-07
-3.935120022213630519e-07
-2.417551930551362285e-07
-8.401246860410653349e-08
9.215178090595011021e-08
2.675138639052325564e-07
4.524087182525461232e-07
6.276413307117451967e-07
8.019023894179584398e-07
9.563722128593706808e-07
1.098774321066582390e-06
1.211254380580660623e-06
1.301419348059040135e-06
1.353119720602876732e-06
1.374746820239832671e-06
1.352584925200932551e-06
1.296584676994272793e-06
1.195991776547836864e-06
1.062782482494759987e-06
8.893226733072420180e-07
6.896405274334358441e-07
4.589235282501812616e-07
2.128075573053588879e-07
-5.142590804354476325e-08
-3.173559296508778847e-07
-5.866160805208967967e-07
-8.430046631397702754e-07
-1.088132250575454596e-06
-1.306957326563455144e-06
-1.501943478907381641e-06
-1.659872627212292397e-06
-1.784582714356915551e-06
-1.864955292490653748e-06
-1.906331453948513769e-06
-1.899617601171627502e-06
-1.851502339542716340e-06
-1.754659327944069105e-06
-1.616896476325805990e-06
-1.432445760926039116e-06
-1.210159132767849402e-06
-9.458576871851057640e-07
-6.496467409022855717e-07
-3.192572116387604718e-07
3.350302098080282117e-08
4.085276883443109490e-07
7.918563301875743604e-07
1.180713788979392029e-06
1.558903173354829710e-06
1.921240963102372365e-06
2.249931616206173500e-06
2.538483844928733270e-06
2.769037937643859342e-06
2.935765479767824932e-06
3.023034504601742706e-06
3.028202344775069138e-06
2.940424459442413081e-06
2.762682396266963102e-06
2.491004220906453169e-06
2.135558383002017477e-06
1.700082489645653766e-06
1.201935169463350607e-06
6.516297222653214933e-07
7.186076043464304580e-08
-5.228126643932797100e-07
-1.107796204728946603e-06
-1.668432235867633344e-06
-2.182386772421550444e-06
-2.638982482823109601e-06
-3.021795409112135081e-06
-3.327058078855287341e-06
-3.546184440677088406e-06
-3.683074684925084925e-06
-3.736462726889717297e-06
-3.716165572018979614e-06
-3.625380454267929738e-06
-3.476150064620329214e-06
-3.271942623844124336e-06
-3.022763291679625802e-06
-2.728448646647374644e-06
-2.393875726791008388e-06
-2.013343425610601208e-06
-1.586188041750234530e-06
-1.102408403723156615e-06
-5.587195047815549350e-07
5.473649748279482790e-08
7.381963028406247312e-07
1.494949347444676458e-06
2.315571169115055272e-06
3.190649143696733794e-06
4.096112058787570345e-06
5.006661659094558314e-06
5.882734728195370056e-06
6.685042175312199980e-06
7.363342532050074891e-06
7.872048064081874254e-06
8.160495541670314632e-06
8.189072355599013084e-06
7.920195578001568542e-06
7.334009530383867762e-06
6.418997961985873918e-06
5.186165040454579526e-06
3.658236878679846137e-06
1.881448000705792268e-06
-8.732605258179639918e-08
-2.171514400361149881e-06
-4.289781019613998791e-06
-6.349297502941789645e-06
-8.261962967862931619e-06
-9.938872826726081870e-06
-1.130643600927807111e-05
-1.230046040697418525e-05
-1.288054909135466715e-05
-1.302225750798028980e-05
-1.272846033237901577e-05
-1.201861451570364365e-05
-1.093660285941751601e-05
-9.537131904405950103e-06
-7.890656108526511578e-06
-6.068049100287181427e-06
-4.144231562867768308e-06
-2.183082800167828756e-06
-2.419400843110771858e-07
1.641093452788181325e-06
3.439822481257376255e-06
5.148722203154047878e-06
6.771835131931171874e-06
8.327389785348288716e-06
9.833497296253380053e-06
1.131001210203744414e-05
1.276313022862478908e-05
1.418717258251149540e-05
1.555110783036470093e-05
1.680336705848346995e-05
1.786316943182560650e-05
1.863072706564578682e-05
1.898492159365388233e-05
1.879942925890927885e-05
1.794610494016639341e-05
1.631518226249542228e-05
1.382137365545230307e-05
1.042420213955233187e-05
6.132194540742861890e-06
1.018425673440194892e-06
-4.781994995533783085e-06
-1.106538471714652686e-05
-1.757192367927328108e-05
-2.398995407785769966e-05
-2.997852656816286582e-05
-3.518092751603523404e-05
-3.925395140011973621e-05
-4.188565957686017318e-05
-4.282510894389490480e-05
-4.189725360009517659e-05
-3.902579651954124869e-05
-3.423826490175387976e-05
-2.767600729547919672e-05
-1.958500778697175069e-05
-1.031059243065309954e-05
-2.738198208240749481e-07
1.004689595538757702e-05
2.014936309393715937e-05
2.953265969443515457e-05
3.773280084183515225e-05
4.434575966020314693e-05
4.905648061331825335e-05
5.165185083543548985e-05
5.203643700914912466e-05
5.023069736292560329e-05
4.637100914838793950e-05
4.069310355223720421e-05
3.351871784237358295e-05
2.522867329369164979e-05
1.624222119027215772e-05
6.986887223631406201e-06
-2.121970159652583018e-06
-1.070727418199421445e-05
-1.844396669352453121e-05
-2.507588115066262407e-05
-3.041924665770728798e-05
-3.436861197856840732e-05
-3.689015665782438184e-05
-3.801827264024217068e-05
-3.784162166739709102e-05
-3.649434705355109916e-05
-3.413941464684453549e-05
-3.095904442956239820e-05
-2.713959665011259574e-05
-2.286491992213257620e-05
-1.830567876288463503e-05
-1.361749214158394857e-05
-8.935432487086591156e-06
-4.376609560674346334e-06
-3.856291374112375389e-08
3.995759878968994119e-06
7.658247168579664251e-06
1.089085280069568095e-05
1.364685685274456771e-05
1.588825168523482205e-05
1.758929288373157389e-05
1.873638977365439049e-05
1.933331218287521244e-05
1.940208793374169368e-05
1.898763959501436808e-05
1.815696508432725959e-05
1.700041622703466016e-05
1.562674627901681666e-05
1.415931334072425532e-05
1.272623930839235338e-05
1.145194932897427148e-05
1.044407902966940562e-05
9.783158374212799850e-06
9.510114515507105115e-06
9.618695732863039429e-06
1.004845876926197401e-05
1.068463714379217984e-05
1.136064705720111531e-05
1.186826621741185293e-05
1.197091484908242731e-05
1.142349112648811309e-05
9.993733177285324840e-06
7.487025996507482343e-06
3.769407373333065453e-06
-1.210414375642916469e-06
-7.404902521434742380e-06
-1.465694667565579771e-05
-2.269824903322649671e-05
-3.115601664387073448e-05
-3.956979853017861270e-05
-4.741663388762717025e-05
-5.414410527612720041e-05
-5.920841025466619628e-05
-6.211503884009036166e-05
-6.245865642503011319e-05
-5.995865435571878414e-05
-5.448758838968972878e-05
-4.608908155568136925e-05
-3.498424946439829887e-05
-2.156443790985016181e-05
-6.372042306843479732e-06
9.931104060996311062e-06
2.660326834196989352e-05
4.286946748959323924e-05
5.796872050377928370e-05
7.120088652374683736e-05
8.196601670614270252e-05
8.979657961398113835e-05
9.437644430311410823e-05
9.554966241245414240e-05
9.331482821422657859e-05
8.781114028607243493e-05
7.929363049209845924e-05
6.810609379791655177e-05
5.464987210699267205e-05
3.935807605461854062e-05
2.267227963668544955e-05
5.030245797509331640e-06
-1.314124575614927349e-05
-3.142202980196067514e-05
-4.939177100780359697e-05
-6.661598727356935986e-05
-8.263616877770189699e-05
-9.695932308154184395e-05
-1.090586832395817310e-04
-1.183794422859755840e-04
-1.243601248604536908e-04
-1.264604023593618714e-04
-1.242036987089965611e-04
-1.172218810539457510e-04
-1.053082110624310437e-04
-8.846289505814807592e-05
-6.693642673973694210e-05
-4.125408747673916518e-05
-1.222835868057487589e-05
1.905598547509077917e-05
5.127390840469003375e-05
8.292138998683483246e-05
1.123907861433627554e-04
1.380685501779733905e-04
1.584355569120659256e-04
1.721758689405286592e-04
1.782716846134669924e-04
1.760903860552466115e-04
1.654418211562190620e-04
1.466149572756344555e-04
1.203752125512671264e-04
8.793678597187180759e-05
5.089569358040940705e-05
1.114362269794356758e-05
-2.924763204613267556e-05
-6.814663235598080533e-05
-1.034959137372816772e-04
-1.334323492823424212e-04
-1.564034130269536214e-04
-1.712539548770380168e-04
-1.772961662635039323e-04
-1.743403554266381142e-04
-1.627040087645116649e-04
-1.431804116383078530e-04
-1.169889989048887623e-04
-8.569155625660451574e-05
-5.110016797550527920e-05
-1.516273154986324483e-05
2.014609244867731787e-05
5.294320454370365480e-05
8.153677096302059714e-05
1.045238134539811648e-04
1.208584112602664431e-04
1.299092799813146007e-04
1.314807369596960760e-04
1.258190874815765035e-04
1.135807594900500541e-04
9.578819608505532285e-05
7.375219137115929745e-05
4.899006026077653593e-05
2.311979241042048019e-05
-2.237999900537018952e-06
-2.556980883948097659e-05
-4.555755495527626998e-05
-6.116590724779746510e-05
-7.169573840573373108e-05
-7.682685132422292177e-05
-7.661931573620350518e-05
-7.150100181458860524e-05
-6.221397760270181592e-05
-4.975247375606705810e-05
-3.526852012458209131e-05
-1.998239527393849175e-05
-5.075763660315869239e-06
8.393402658275749966e-06
1.957746183131345587e-05
2.788922016474425781e-05
3.304281166051177072e-05
3.505054275361068245e-05
3.420863711904589078e-05
3.104127093007475808e-05
2.624153696983332540e-05
2.058197430457004513e-05
1.483711136615667202e-05
9.691369248831275082e-06
5.675870923306653695e-06
3.105305009202564123e-06
2.056556277283344837e-06
2.355448608909544050e-06
3.609546753784551985e-06
5.247211891754176501e-06
6.596560831147653493e-06
6.958998538683668437e-06
5.708466875359781343e-06
2.367901845558240919e-06
-3.305896167405736983e-06
-1.127794132655540060e-05
-2.119676933099086209e-05
-3.240827677011834450e-05
-4.398111998716395377e-05
-5.478504943802364638e-05
-6.357444747390124688e-05
-6.911354212272214812e-05
-7.028927711739468224e-05
-6.624556442254089122e-05
-5.648181080094508421e-05
-4.095063192644715009e-05
-2.009850255389834385e-05
5.110839766498271249e-06
3.324220505624279659e-05
6.245599067243137498e-05
9.064150651591605797e-05
1.155591015740671193e-04
1.350296916298556523e-04
1.471068294519607396e-04
1.502672593559927806e-04
1.435523421914915838e-04
1.266985424650120772e-04
1.001914458431415431e-04
6.528877111797938191e-05
2.395367431649379257e-05
-2.124531147158911513e-05
-6.731749276966055863e-05
-1.110481877862132402e-04
-1.492535538870625063e-04
-1.790150567670139746e-04
-1.979322190161756127e-04
-2.043137871651210023e-04
-1.973495919211945787e-04
-1.771871797977044580e-04
-1.449652881708811652e-04
-1.027371554715375291e-04
-5.334971725479333303e-05
-2.233355822783041905e-07
5.288742491128455372e-05
1.021979887394523567e-04
1.441725063121846709e-04
1.758205374183483016e-04
1.949190438658970209e-04
2.002084110518570536e-04
1.914757493929746554e-04
1.695878044375780612e-04
1.363991281650331312e-04
9.461523382413238015e-05
4.754960635401094150e-05
-1.130191485493555217e-06
-4.772028811992179811e-05
-8.875858458493673887e-05
-1.213166741423301367e-04
-1.432029349955687232e-04
-1.531399954498952824e-04
-1.508224505018265988e-04
-1.369337428067751261e-04
-1.130401833455105286e-04
-8.145752468655067960e-05
-4.501802182637820374e-05
-6.846005864374032241e-06
2.992623527426014471e-05
6.238894742567891165e-05
8.810407566388647434e-05
1.052616643450207348e-04
1.128260560478740854e-04
1.105668841656134706e-04
9.907133815798228871e-05
7.964082971680157491e-05
5.418273287191260174e-05
2.500665355864343343e-05
-5.353239882463515367e-06
-3.437909937364034272e-05
-5.974665696092436854e-05
-7.953317181112931459e-05
-9.232944597966342656e-05
-9.736074754791860305e-05
-9.449437830522669718e-05
-8.425217702244109090e-05
-6.771063116321705540e-05
-4.641990762621214063e-05
-2.222704300548061158e-05
2.855234224448451272e-06
2.685037357281568583e-05
4.794308276767926449e-05
6.465095674738015915e-05
7.589367208991808851e-05
8.109425813510434927e-05
8.016417614591005983e-05
7.352032436195235087e-05
6.198682359634835972e-05
4.674294401890361682e-05
2.916845468431439900e-05
1.075867090644058602e-05
-7.045088373894926484e-06
-2.292942147563193601e-05
-3.585121716494983385e-05
-4.506272990827608975e-05
-5.019694114928225818e-05
-5.122403570954160235e-05
-4.847327446898910987e-05
-4.252722800296874031e-05
-3.419894153487307726e-05
-2.439094255847659338e-05
-1.406065094842024550e-05
-4.078307610929508394e-06
4.785761195806643810e-06
1.197581348030392935e-05
1.711888398060655651e-05
2.009883980160743911e-05
2.097493360357753305e-05
2.002044119964413536e-05
1.760328229874691665e-05
1.420855934445541374e-05
1.030260846417055055e-05
6.364288930382462128e-06
2.754539781295435186e-06
-2.216227783083532528e-07
-2.426161043152839882e-06
-3.785360659610238022e-06
-4.383341852847103902e-06
-4.323103030784015746e-06
-3.817752126947794590e-06
-3.027876777079343893e-06
-2.172640580145513899e-06
-1.355688682988525799e-06
-7.171634172393547339e-07
-2.493750495661789113e-07
-3.816577977778226132e-09
1.209395266199687431e-07
1.059937473573554297e-07
9.339284442914566713e-08
1.645617834603199974e-08
3.768518859836668244e-08
-5.156080787418827657e-08
2.973921863138733646e-06
1.724381772320005308e-05
2.931556682309403568e-05
3.867207595318714492e-05
4.428716987691574817e-05
4.642482447434512043e-05
4.478604499582535838e-05
4.007215058695912666e-05
3.255988888011080384e-05
2.323290563647703927e-05
1.264002854275082915e-05
1.774117807573445957e-06
-8.862295912314299451e-06
-1.851651686678871861e-05
-2.694615898068227264e-05
-3.375021873808515394e-05
-3.898333480317554259e-05
-4.253128209909559876e-05
-4.461632917449410079e-05
-4.522081241768224479e-05
-4.452991488304224938e-05
-4.242313702826947219e-05
-3.889861694618946771e-05
-3.365024629464975276e-05
-2.650086286052819978e-05
-1.706487583026181838e-05
-5.190701638616897833e-06
9.316222031549575974e-06
2.626826830261654356e-05
4.535719518112295892e-05
6.578772739145480699e-05
8.657241850385740702e-05
1.062602728523896512e-04
1.232962118480820251e-04
1.358551369841700935e-04
1.422627251347672152e-04
1.409072253306571665e-04
1.306787511015144380e-04
1.108959278564853170e-04
8.169284860708815382e-05
4.388182761536505642e-05
-7.848368239164175934e-07
-4.988038686177203820e-05
-1.002100200386596196e-04
-1.482245081676459794e-04
-1.900824662342988629e-04
-2.221698161310399532e-04
-2.412430579076440466e-04
-2.449550679038006262e-04
-2.319592827551742885e-04
-2.023142822599998661e-04
-1.574227486685461012e-04
-1.002054459474357377e-04
-3.479194358253307135e-05
3.357962172802567564e-05
9.911875623922169793e-05
1.558046754762562288e-04
1.980884812922411599e-04
2.212908915857570639e-04
2.222708554530528752e-04
1.996984856762167710e-04
1.544876227781645690e-04
8.975689667335827080e-05
1.087507651032091113e-05
-7.498919166956677048e-05
-1.592421096618469362e-04
-2.326853847824178142e-04
-2.861927443878455805e-04
-3.117109650756087107e-04
-3.029870362908543865e-04
-2.564568999934786265e-04
-1.717119693637597904e-04
-5.197380980511277673e-05
9.596505764090163448e-05
2.618817495282236077e-04
4.328237201587011593e-04
5.938773014233810800e-04
7.294109363269504331e-04
8.242603694194432229e-04
8.652016403810503919e-04
8.421580489495066350e-04
7.494554980251996387e-04
5.865864832941523627e-04
3.588064710299413763e-04
7.707769092083492960e-05
-2.422676239642929433e-04
-5.785436636520189125e-04
-9.079647027214277424e-04
-1.205440771992240213e-03
-1.446407228300050120e-03
-1.608919121189026800e-03
-1.675470216632098412e-03
-1.634739889672460990e-03
-1.482749107254082571e-03
-1.223659120275597846e-03
-8.697713483370258679e-04
-4.410421321119696895e-04
3.621494825600905652e-05
5.310234716024960291e-04
1.010045144038742952e-03
1.439985106144990330e-03
1.790229875097809923e-03
2.035181647547950213e-03
2.156401315584774089e-03
2.144062815783490204e-03
1.997889833841008916e-03
1.727182486081611660e-03
1.350218154619673436e-03
8.927784945432963928e-04
3.862173367546838229e-04
-1.350478775425498126e-04
-6.361201793888858003e-04
-1.084338151132745870e-03
-1.451618093769436449e-03
-1.716505219887673721e-03
-1.865506721482829491e-03
-1.893880058980476665e-03
-1.805574286745859156e-03
-1.612617062194592141e-03
-1.333772373238562882e-03
-9.928587918425235172e-04
-6.166376569349971354e-04
-2.327026161938986631e-04
1.326967161192082762e-04
4.564845710086322525e-04
7.203453145160459677e-04
9.117251661979640853e-04
1.024427620184192910e-03
1.058557283057292783e-03
1.020076305462268079e-03
9.198188858916599240e-04
7.722932714355356830e-04
5.941736500492906864e-04
4.028348328710814816e-04
2.148427038238646144e-04
4.473059210636881161e-05
-9.605712607516229192e-05
-1.997816068819036756e-04
-2.627624174830515361e-04
-2.852657019982957976e-04
-2.711623782650089730e-04
-2.272157160181664554e-04
-1.622717767895686411e-04
-8.624618819047661690e-05
-9.188855612218685000e-06
5.967824724175358018e-05
1.126901796706014831e-04
1.443632975102000966e-04
1.516963531910058395e-04
1.343149853021964287e-04
9.429052159485657369e-05
3.583756497099560795e-05
-3.523819003159828304e-05
-1.121149806304113777e-04
-1.876606711248134129e-04
-2.550413826974694308e-04
-3.083426914204887037e-04
-3.429957272239976193e-04
-3.561368002107569305e-04
-3.467251612147143058e-04
-3.155734547057593010e-04
-2.651487216665263319e-04
-1.993202913456362379e-04
-1.229372759155103749e-04
-4.142262602856225243e-05
3.972190976277123578e-05
1.153163421157648270e-04
1.809162659003043659e-04
2.330719495182120545e-04
2.695525274187535788e-04
2.893895259184511262e-04
2.928755694583612206e-04
2.813964685112330111e-04
2.572473428377169274e-04
2.233293312925365380e-04
1.828833831739388712e-04
1.391652979808118053e-04
9.521267925400679676e-05
5.360325309628225578e-05
1.633884822258097139e-05
-1.525693161223521374e-05
-4.051238143159875015e-05
-5.937638894631403483e-05
-7.228324334548750412e-05
-8.004228923993489040e-05
-8.366118581407579332e-05
-8.422797481379581095e-05
-8.276017163391205284e-05
-8.013580260163615714e-05
-7.700924941620167523e-05
-7.381395297846460725e-05
-7.074893141301596305e-05
-6.783988295693233969e-05
-6.496927551871248025e-05
-6.195979549052747499e-05
-5.860882370309946076e-05
-5.475788924856022890e-05
-5.030254624480604795e-05
-4.522856103408037326e-05
-3.958831674789646066e-05
-3.350504809014110720e-05
-2.712588101123388827e-05
-2.061066920807280755e-05
-1.408198353268288135e-05
-7.620113158783868622e-06
-1.230294230130338603e-06
5.139676764899423725e-06
1.160485963023027940e-05
1.830068623217617353e-05
2.536679588245376323e-05
3.289243641589783461e-05
4.089661633475669188e-05
4.928190856521377794e-05
5.783136752818516130e-05
6.618879965103122024e-05
7.388634092335573909e-05
8.035906665590439584e-05
8.500336188156197429e-05
8.721767458393438232e-05
8.647633157072796286e-05
8.237595704658534277e-05
7.470104888227853011e-05
6.345112639255350018e-05
4.887460414568749737e-05
3.145778669658314892e-05
1.191522498797704401e-05
-8.863029759061022531e-06
-2.985975137511156385e-05
-5.001201843343292973e-05
-6.827792858544922609e-05
-8.372140985753677824e-05
-9.556994493644020380e-05
-1.032765908509889494e-04
-1.065463733653692810e-04
-1.053585454187482955e-04
-9.995100130450802105e-05
-9.079926322071693362e-05
-7.856311332501586151e-05
-6.403405591095028481e-05
-4.806236869950698907e-05
-3.149600798316573504e-05
-1.511357185295372054e-05
4.201836006732549041e-07
1.459372336234886362e-05
2.706077361680275448e-05
3.764354289998076119e-05
4.631145829581652997e-05
5.315442997195942413e-05
5.834043114727828684e-05
6.207540257721198167e-05
6.455885202701552449e-05
6.595023130467996258e-05
6.634117653585499283e-05
6.574392252840555216e-05
6.409105249190576712e-05
6.125094649808816925e-05
5.705359817483979072e-05
5.132532487827449748e-05
4.392742623383228139e-05
3.479328611345853129e-05
2.396174835233662838e-05
1.159937799558211595e-05
-1.986258779815466164e-06
-1.635038653194397559e-05
-3.092445487275805542e-05
-4.504752980540085565e-05
-5.800314153116994904e-05
-6.907070083101129456e-05
-7.757437974069158234e-05
-8.293990855049671799e-05
-8.473860950510334446e-05
-8.273197574888319929e-05
-7.689423376053011077e-05
-6.743051208825891923e-05
-5.476714680444123585e-05
-3.953691442967770573e-05
-2.253571813619664442e-05
-4.679297044720985236e-06
1.306361613696199378e-05
2.972822346591419347e-05
4.442588645211740102e-05
5.639505393878442644e-05
6.505939241496822456e-05
7.005474093777348766e-05
7.125790477373799897e-05
6.877837147138663484e-05
6.295174686816253128e-05
5.429648522245789257e-05
4.347893310512233005e-05
3.124819609803120143e-05
1.839050390867875601e-05
5.662142323740028830e-06
-6.247236858214509995e-06
-1.676634087860218213e-05
-2.545630214620303429e-05
-3.203773246375289755e-05
-3.637764805340841577e-05
-3.849240383084833551e-05
-3.851290344070703106e-05
-3.667288944898845765e-05
-3.326452806616081144e-05
-2.862517143244092691e-05
-2.309584742162799868e-05
-1.701701100271111187e-05
-1.069736163687477287e-05
-4.422425423894792691e-06
1.566019686038569820e-06
7.051386778615515177e-06
1.185760545595835909e-05
1.582740105688927690e-05
1.883933759068638338e-05
2.078882673124338518e-05
2.161088403977339388e-05
2.126543552562238599e-05
1.976482208560936018e-05
1.716010862124878381e-05
1.356818746377847655e-05
9.152742297562853460e-06
4.144493122733464589e-06
-1.188573354473650711e-06
-6.531217463037352211e-06
-1.156238052473472539e-05
-1.595347435438817800e-05
-1.941635561995357125e-05
-2.170198922120322998e-05
-2.264555519037114861e-05
-2.215606544217705036e-05
-2.025046785270624356e-05
-1.702828418410311980e-05
-1.269166206095668727e-05
-7.504960946172415814e-06
-1.803238800902401883e-06
4.058869337725067249e-06
9.704380486105135785e-06
1.478872480474999108e-05
1.899482907414137237e-05
2.208358924829543975e-05
2.387952805242567845e-05
2.431114395181967710e-05
2.338328159595111599e-05
2.120558603967745331e-05
1.795144116476210224e-05
1.387566332658395143e-05
9.262296638164671791e-06
4.435204674644171228e-06
-3.001127756998981493e-07
-4.646356404063821320e-06
-8.370860969409862253e-06
-1.128767841411089968e-05
-1.330450853774220182e-05
-1.439062560639611395e-05
-1.461026384397199564e-05
-1.407521422899125797e-05
-1.296648068068585155e-05
-1.147606211068294837e-05
-9.823797895126276051e-06
-8.196931356985373817e-06
-6.771355015178726555e-06
-5.657337203925715941e-06
-4.931632722020274835e-06
-4.593242615785251659e-06
-4.607758499509301929e-06
-4.872397908643920974e-06
-5.270285560996084799e-06
-5.641175864162451594e-06
-5.841063092883691071e-06
-5.713130090344723009e-06
-5.146910205708473046e-06
-4.043948156638801893e-06
-2.371967636051015343e-06
-1.219582792023060296e-07
2.644366588954160981e-06
5.846161525742325394e-06
9.341080009479079324e-06
1.298252869955042300e-05
1.657845074089054100e-05
1.995028593076299776e-05
2.288969181880668639e-05
2.521755157222060534e-05
2.673859154945555194e-05
2.730159032191130283e-05
2.675325776777138438e-05
2.500072816324180839e-05
2.196518810481613767e-05
1.764653008302151412e-05
1.207559064159893391e-05
5.378798843677851881e-06
-2.274090267449771867e-06
-1.060894509610649182e-05
-1.930808482770372510e-05
-2.795714163963372413e-05
-3.611880134084573940e-05
-4.329102568803534014e-05
-4.899547403535107348e-05
-5.274622557015875614e-05
-5.414900160558133572e-05
-5.287316830644513588e-05
-4.875175510594217146e-05
-4.174458550218056478e-05
-3.202600171093457056e-05
-1.992601252337376186e-05
-5.993969334476627614e-06
9.091398754599516613e-06
2.448706518661860284e-05
3.930606942422031888e-05
5.260452498839905975e-05
6.351992489279764318e-05
7.126279893825783257e-05
7.525273212492961398e-05
7.509314973557586117e-05
7.068438694327022060e-05
6.216346528866395591e-05
4.998063027655528411e-05
3.479615936900166203e-05
1.751911755281278978e-05
-8.333529258845991269e-07
-1.912303959981967620e-05
-3.625170732859065982e-05
-5.115282892148340197e-05
-6.295024915292089546e-05
-7.093173513096311784e-05
-7.468416722993148659e-05
-7.403081895843488850e-05
-6.912972534967215304e-05
-6.036677735531268600e-05
-4.841583985723804580e-05
-3.409260371075664313e-05
-1.838792270436969255e-05
-2.299008153904837613e-06
1.314349619310550694e-05
2.704490379168678524e-05
3.860350404953553867e-05
4.726059923502064491e-05
5.262509187961447689e-05
5.459295640261768078e-05
5.323378808433491566e-05
4.888042299638881057e-05
4.198330308937322781e-05
3.318063746784536691e-05
2.313342132529771307e-05
1.259082774514190763e-05
2.220817927849888191e-06
-7.314155272944541426e-06
-1.551748853823082221e-05
-2.196094936030761822e-05
-2.642816234520424057e-05
-2.879064753130113530e-05
-2.913357949779314269e-05
-2.760705322356532394e-05
-2.453895321628536851e-05
-2.026786360596063654e-05
-1.525145084737277126e-05
-9.889642121740244908e-06
-4.637972119927870889e-06
1.703369431658949532e-07
4.197324248115854948e-06
7.272157393088007084e-06
9.243829246419430295e-06
1.014296190325423492e-05
1.001154759904649381e-05
9.055168947842932717e-06
7.451936623106887235e-06
5.500940029612128234e-06
3.417743725514567873e-06
1.489411738190991847e-06
-1.333036223238217999e-07
-1.263354383154859498e-06
-1.880383182488628117e-06
-1.933830173846145354e-06
-1.539385984680678230e-06
-7.583611877961600827e-07
2.068166404097188721e-07
1.250645949212126340e-06
2.160388331231771738e-06
2.863526090039132681e-06
3.205348171601229467e-06
3.200070219780391506e-06
2.784131118397242533e-06
2.070243231657430878e-06
1.075233021068464324e-06
-1.880195713896302566e-08
-1.159824748657861781e-06
-2.150401900332456934e-06
-2.962392301210198983e-06
-3.438268244101793216e-06
-3.621261575270148041e-06
-3.424852879965293868e-06
-2.977697336348672179e-06
-2.256234495461774385e-06
-1.449817760605542500e-06
-5.559949483423223768e-07
2.228921844531764315e-07
9.203288252973793536e-07
1.363819845298191450e-06
1.653185340808213089e-06
1.661020199119157591e-06
1.557534870827924925e-06
1.242367811655805704e-06
9.334566300626033051e-07
5.181382293554968038e-07
2.323171252321497925e-07
-8.883176393062920782e-08
-2.054806731153894625e-07
-3.597744959838227845e-07
-2.919099843258388770e-07
-3.336135323387714974e-07
-1.549955840269217710e-07
-2.017763920523260548e-07
2.186066518903435331e-08
-1.512961511706573912e-07
1.952850376794198110e-07
-4.330209948313039705e-07
9.267599554392069555e-08
4.420946383841506699e-07
7.858738159412841600e-07
1.161582292044753362e-06
1.526863765089690308e-06
1.885255649039616076e-06
2.201789775201008226e-06
2.471779313572401590e-06
2.666250554372237721e-06
2.781120791796782792e-06
2.796665028218264752e-06
2.715561490936180363e-06
2.530144618448578477e-06
2.252866360017163012e-06
1.888225041722048444e-06
1.457614399520125303e-06
9.743753672199139426e-07
4.645135084279993309e-07
-5.572744221930681768e-08
-5.619428268471104463e-07
-1.041517956017608566e-06
-1.477304783505171627e-06
-1.864954612920891714e-06
-2.197298570618404159e-06
-2.479058617660164169e-06
-2.711508420149054768e-06
-2.904915837169340185e-06
-3.063601460645447986e-06
-3.196860904992156688e-06
-3.304974744674237787e-06
-3.389593558086580157e-06
-3.441416894183986432e-06
-3.450949979142818647e-06
-3.398372130301475815e-06
-3.265157420652324856e-06
-3.026137036052283756e-06
-2.661825430470277562e-06
-2.152023987043743938e-06
-1.488035485416616817e-06
-6.666199093548298411e-07
2.991180183757615017e-07
1.386773085323593152e-06
2.556224913072465188e-06
3.758685009544727997e-06
4.931314639984923099e-06
6.008465280978162534e-06
6.918939263161899934e-06
7.598588174068982426e-06
7.988841536873001674e-06
8.048966651330779684e-06
7.753867221920917929e-06
7.103988309936349105e-06
6.120442113072062672e-06
4.850984095367831069e-06
3.361352923774797688e-06
1.736899280300653687e-06
7.043088006744386548e-08
-1.539400220252915976e-06
-3.001943575455302018e-06
-4.236955418676636287e-06
-5.187296460234804043e-06
-5.819087118771362383e-06
-6.130354253487130939e-06
-6.146414507164611042e-06
-5.922660390106867343e-06
-5.534258955241981194e-06
-5.073269509442846214e-06
-4.633976881049309503e-06
-4.306787767412645851e-06
-4.162577251752589967e-06
-4.247450339287177996e-06
-4.570506364481127752e-06
-5.103808829677873586e-06
-5.777373835662921871e-06
-6.487223626565048329e-06
-7.099145214484990143e-06
-7.464807177105686176e-06
-7.432540659917480456e-06
-6.868099017079158272e-06
-5.667539500143605204e-06
-3.776590795335236731e-06
-1.198968821824967481e-06
1.992311586364186752e-06
5.657205396891983616e-06
9.590076186427049976e-06
1.353535665926729019e-05
1.720219070549315770e-05
2.029134904623680865e-05
2.251831018606236908e-05
2.364429426278905489e-05
2.349874889043806014e-05
2.200430901392649898e-05
1.918822159528153599e-05
1.519151318271331176e-05
1.026138995730528636e-05
4.739358554495081544e-06
-9.671999549946484201e-07
-6.415804042218274986e-06
-1.117188759983477229e-05
-1.484837810568806317e-05
-1.715000939864075387e-05
-1.790620620708258904e-05
-1.710031654599360583e-05
-1.488005207828704768e-05
-1.155811929706430795e-05
-7.590433182950700122e-06
-3.543406435832495720e-06
-4.115034306646563117e-08
2.292968477504454500e-06
2.906289043691926162e-06
1.381686977265706532e-06
-2.498782798685437879e-06
-8.708426516241731736e-06
-1.694437001539343251e-05
-2.662483722460017870e-05
-3.690821769951938794e-05
-4.674455070316704683e-05
-5.494790438117581107e-05
-6.029496624220728051e-05
-6.163360873660808843e-05
-5.800213941783931141e-05
-4.873989943947928515e-05
-3.358778782738793060e-05
-1.275942122117249908e-05
1.301702175651319247e-05
4.250177800201295690e-05
7.398621718019195452e-05
1.053840034643817281e-04
1.343584131654604796e-04
1.584866678327700150e-04
1.754419773217889302e-04
1.831877998526980919e-04
1.801608824912573532e-04
1.654354444864492382e-04
1.388459048965616971e-04
1.010634205772073426e-04
5.360918611163479198e-05
-1.192913780869336867e-06
-6.033193123187485828e-05
-1.202812547047725820e-04
-1.772230345293855972e-04
-2.273038107429040610e-04
-2.669105187768534837e-04
-2.929397025938579118e-04
-3.030462413972123984e-04
-2.958449435363326918e-04
-2.710546443249563556e-04
-2.295647950230696210e-04
-1.734228814480817411e-04
-1.057335272493289122e-04
-3.047942295572692058e-05
4.773239750942397379e-05
1.239768290476892844e-04
1.933550264047834513e-04
2.513461605811556881e-04
2.941462100950851676e-04
3.189613380728849919e-04
3.242374785440876634e-04
3.098000499921091345e-04
2.768951894059203480e-04
2.281196365523864740e-04
1.672459399779295606e-04
9.894704995954279594e-05
2.844370567320247457e-05
-3.890553954842201418e-05
-9.803533155993496295e-05
-1.445963300921177116e-04
-1.753292346768803604e-04
-1.883618130837416194e-04
-1.833954964691323134e-04
-1.617657525970863156e-04
-1.263603186169442462e-04
-8.140046901598841386e-05
-3.209286079193709583e-05
1.581933922263373954e-05
5.657638541283805284e-05
8.494600254865041443e-05
9.674891217721757911e-05
8.931336831084748173e-05
6.181845096574158007e-05
1.548465248466116275e-05
-4.640991629800427133e-05
-1.187036116581505798e-04
-1.947070629758273434e-04
-2.667236152847215699e-04
-3.266934632208654443e-04
-3.669151040364214520e-04
-3.807802262229116022e-04
-3.634609720560232592e-04
-3.124815881824171923e-04
-2.281204121235215390e-04
-1.135928524662392603e-04
2.500994238763039215e-05
1.790388307561901202e-04
3.378438240791324047e-04
4.895383327227120947e-04
6.219113907324739935e-04
7.234193670908253956e-04
7.841718685778828598e-04
7.968295098348332972e-04
7.573290930518373392e-04
6.653695791036727493e-04
5.246047106326329462e-04
3.425180103100398119e-04
1.299772737304716991e-04
-9.950066957372126269e-05
-3.307234890665516859e-04
-5.479559714870784262e-04
-7.361218717054443268e-04
-8.819720740013911337e-04
-9.751225527290772761e-04
-1.008870876213280570e-03
-9.807234216642677065e-04
-8.925857637560836522e-04
-7.506026939650312264e-04
-5.646605247832909647e-04
-3.475983013238528201e-04
-1.141954263245697901e-04
1.199740216699857930e-04
3.397239719375114305e-04
5.313743837948988955e-04
6.837146119170028338e-04
7.887346401985097927e-04
8.420737527468442809e-04
8.431598535026538698e-04
7.950446561737670821e-04
7.039636962578233641e-04
5.786759234389905965e-04
4.296500365738273081e-04
2.681755918053609555e-04
1.054745412434083683e-04
-4.811354579497855355e-05
-1.838129023695482187e-04
-2.949130470529717080e-04
-3.770656965469645796e-04
-4.283702729431848925e-04
-4.492620703365964334e-04
-4.422303043221306458e-04
-4.114071806881975583e-04
-3.620736832483256750e-04
-3.001312304808600138e-04
-2.315839643388111651e-04
-1.620722354307505269e-04
-9.648779334484921925e-05
-3.869276679389624309e-05
8.647767249543629681e-06
4.411892367081348033e-05
6.750444149159749469e-05
7.964604152987466194e-05
8.223525717911624763e-05
7.756079904834727360e-05
6.823599812575095497e-05
5.692903245682937562e-05
4.611657288275858958e-05
3.787693271070202949e-05
3.373455115245691113e-05
3.456259677354430349e-05
4.054633312383138405e-05
5.120558893808218942e-05
6.547083301177503221e-05
8.180424465571817477e-05
9.835486452910504349e-05
1.131356035415203703e-04
1.242081411059130333e-04
1.298615058576371598e-04
1.287700821728391732e-04
1.201192100136007682e-04
1.036884092251163050e-04
7.988642305487436300e-05
4.973516952929642784e-05
1.480465395447210773e-05
-2.289675182344677614e-05
-6.106769055720934604e-05
-9.728422136645581810e-05
-1.291808622061362466e-04
-1.546287967303467878e-04
-1.718967349722538428e-04
-1.797832644504423756e-04
-1.777100407530521689e-04
-1.657699570192436560e-04
-1.447253583745740564e-04
-1.159569847667976878e-04
-8.136586703628311988e-05
-4.323660087991897978e-05
-4.071153375219801705e-06
3.359264171336125452e-05
6.736522981134897661e-05
9.517674461623416198e-05
1.154243909149710865e-04
1.270835108092499631e-04
1.297757389478510122e-04
1.237872224980376664e-04
1.100364887662735495e-04
8.999217123805334747e-05
6.554877155547009758e-05
3.886862522313585194e-05
1.220454531851409655e-05
-1.228464670721855674e-05
-3.270890592899372703e-05
-4.759949619281614704e-05
-5.602371866588263177e-05
-5.765358076669578721e-05
-5.278024469892225718e-05
-4.227552400955295720e-05
-2.750176048512702992e-05
-1.018056981989200477e-05
7.770031568458269698e-06
2.441296459530366923e-05
3.797035299841990710e-05
4.698389376831149075e-05
5.044534354372156253e-05
4.788289620133214653e-05
3.939892212221309171e-05
2.565388679486551297e-05
7.802196502953090618e-06
-1.261551442975971941e-05
-3.380970938224154795e-05
-5.389897382100287900e-05
-7.107012227979191902e-05
-8.373160748548212661e-05
-9.064519456233110042e-05
-9.102909544442414557e-05
-8.462161744203252191e-05
-7.170445956176107213e-05
-5.308123054996642209e-05
-3.001688370500819270e-05
-4.139455215440057959e-06
2.268493337569101531e-05
4.849812267343887347e-05
7.140200602689300623e-05
8.970819179669446849e-05
1.020692382037944592e-04
1.075847089028748567e-04
1.058696163655948469e-04
9.708395498778460355e-05
8.191721841113785779e-05
6.153336878897678241e-05
3.747628028797269365e-05
1.154740503425502470e-05
-1.433853330168064223e-05
-3.830342847893432909e-05
-5.865347862318842772e-05
-7.400836739325904472e-05
-8.340616740338788508e-05
-8.637077977996896361e-05
-8.294111086406458276e-05
-7.365512967751213533e-05
-5.949562942264741719e-05
-4.179809532244664752e-05
-2.213407292234226251e-05
-2.175359209916801894e-06
1.644421381080505987e-05
3.226299656938653315e-05
4.410529014783249631e-05
5.117066128820476397e-05
5.308659137365158605e-05
4.992665202337476146e-05
4.218865883200956083e-05
3.074180308100454498e-05
1.674291234513765686e-05
1.535655949538135434e-06
-1.346440312592489773e-05
-2.688404507373350506e-05
-3.750364139489774097e-05
-4.435149686252435269e-05
-4.678080419634642018e-05
-4.451760667090241228e-05
-3.768281844685437976e-05
-2.678051112984964149e-05
-1.265992824073800082e-05
3.552372713407260303e-06
2.053837050002971633e-05
3.689253969799554821e-05
5.122924377438065963e-05
6.229245467758849999e-05
6.905274403752136145e-05
7.079148036519142479e-05
6.715898163290664341e-05
5.820961359682437627e-05
4.440370535039520598e-05
2.658309765748739201e-05
5.914039543937054358e-06
-1.619118720987160258e-05
-3.817599741152052895e-05
-5.844941299880382552e-05
-7.550418314592723058e-05
-8.802665292233901185e-05
-9.499838512902429436e-05
-9.577368156329929419e-05
-9.013530105634420494e-05
-7.831554875778691711e-05
-6.098921616394887077e-05
-3.922974479661426841e-05
-1.444000781503208465e-05
1.174636960805423612e-05
3.757712673589953529e-05
6.130773201828244390e-05
8.132343821695596161e-05
9.625701949854127389e-05
1.050838537768092708e-04
1.071966744340901539e-04
1.024449580802434470e-04
9.114606199152078757e-05
7.405779647792113220e-05
5.232477073146750781e-05
2.739268542959516674e-05
9.074264937816826121e-07
-2.540365490879220269e-05
-4.984883599681145763e-05
-7.088949281034711441e-05
-8.723879217305610927e-05
-9.794578481109759093e-05
-1.024484316740862256e-04
-1.006037086248820793e-04
-9.268218289255910724e-05
-7.933992806233556596e-05
-6.155918693157370664e-05
-4.057479083401725859e-05
-1.778048298942248338e-05
5.365500881503007805e-06
2.744105273008924000e-05
4.714785916171935636e-05
6.339329056071010295e-05
7.534880060402941260e-05
8.249440071317320079e-05
8.463365593551194831e-05
8.189237256625927792e-05
7.468875003732463431e-05
6.369213777934737875e-05
4.976065974323526728e-05
3.387707601821849518e-05
1.707366371364947065e-05
3.662187729333168041e-07
-1.531280541846012790e-05
-2.916277185781973434e-05
-4.055760938730623260e-05
-4.906581653328257625e-05
-5.446340807993770396e-05
-5.672450305989799277e-05
-5.600757904832999044e-05
-5.262309006539495543e-05
-4.700218916766565072e-05
-3.965259999677870706e-05
-3.112227420318248295e-05
-2.195613094275985076e-05
-1.266649341525995115e-05
-3.701104860355196353e-06
4.571109924442179313e-06
1.187469692163762454e-05
1.802374640736003920e-05
2.292008899111060358e-05
2.653557498041256516e-05
2.890096978452361842e-05
3.008329981657341314e-05
3.017494195345835469e-05
2.927498041446568810e-05
2.748588105112435259e-05
2.490389625092517202e-05
2.162563958914585360e-05
1.774691789193124758e-05
1.337584457968347421e-05
8.634371366331162323e-06
3.670596019990570003e-06
-1.345002321458046925e-06
-6.215214198527509522e-06
-1.073018109538026604e-05
-1.467296185206550705e-05
-1.784257968265936332e-05
-2.006487574160741488e-05
-2.121731301891073885e-05
-2.123622486361225590e-05
-2.013416726237849869e-05
-1.799526008591189645e-05
-1.497910874955068381e-05
-1.130142720422467540e-05
-7.225392997159207679e-06
-3.031727852158044007e-06
9.954708261245355334e-07
4.600554549887499764e-06
7.566970474814972724e-06
9.742875137558986950e-06
1.104134615341417337e-05
1.145453013197835218e-05
1.103989213504976310e-05
9.921822561884530693e-06
8.265245588394030265e-06
6.268916546810396138e-06
4.132917373774885307e-06
2.052029619957494070e-06
1.856234310900671530e-07
-1.340772793190364542e-06
-2.457044819767507136e-06
-3.134625050551344382e-06
-3.398490368259217438e-06
-3.301955612866800393e-06
-2.932902123581896054e-06
-2.382267483957781167e-06
-1.751372404001675779e-06
-1.120168936532925452e-06
-5.619179953977638377e-07
-1.146023618642380082e-07
1.940440746616490573e-07
3.727403605627760720e-07
4.312752498135016183e-07
4.085104704769244495e-07
3.277557363982728888e-07
2.334752968522747110e-07
1.370539994253954845e-07
7.178922142278711485e-08
2.139372970775578875e-08
1.200286385331647524e-08
-1.258172410021146657e-08
2.650344909620662989e-06
6.298559579984726778e-06
6.647577739432243801e-06
8.047344258526759885e-06
8.694595646570544694e-06
9.672194566382185814e-06
9.984338059739638859e-06
1.025980851208121518e-05
9.795419433428632482e-06
9.049844609740390316e-06
7.513164241824629459e-06
5.595426487112148730e-06
2.954577101254404966e-06
1.427001999564194219e-08
-3.417935041028667701e-06
-6.886318393711555691e-06
-1.046924530853386803e-05
-1.369957985291961886e-05
-1.660000114626714997e-05
-1.874181621195169012e-05
-2.016442172508204651e-05
-2.053818649194710772e-05
-1.998651559459211797e-05
-1.832633850059412891e-05
-1.580470033615882292e-05
-1.239733440812566175e-05
-8.469734309316490718e-06
-4.121446541452986651e-06
2.173356047880565587e-07
4.401041665222040931e-06
8.023277771713483648e-06
1.099112434854857868e-05
1.301602927618541412e-05
1.414347732909850529e-05
1.426640109676600330e-05
1.360708387653173942e-05
1.224342882587423056e-05
1.054399940987432525e-05
8.704226974460224596e-06
7.141665864673335716e-06
6.046686157947081652e-06
5.750933956507646543e-06
6.302692002764564359e-06
7.824544596551787537e-06
1.012504298899860708e-05
1.305976560659280686e-05
1.618703856841817966e-05
1.913964756180396105e-05
2.132384969391741168e-05
2.229862696325834751e-05
2.150672722529670233e-05
1.864792446398409655e-05
1.342222122520543113e-05
5.877114470840785442e-06
-3.859810349181890200e-06
-1.527892250754018760e-05
-2.778428745169712633e-05
-4.044752151470093856e-05
-5.233708745465335920e-05
-6.232354556874422668e-05
-6.943112938531916987e-05
-7.267369840928270463e-05
-7.140248630001557459e-05
-6.514050264026789814e-05
-5.389314067553884526e-05
-3.794722318459670682e-05
-1.811561183633708945e-05
4.522152355410954708e-06
2.845376941636131908e-05
5.205398931224548560e-05
7.348570600452092305e-05
9.105732634412601779e-05
1.031561224597254652e-04
1.086002285575707208e-04
1.065550841376059795e-04
9.683026581014832614e-05
7.973167257708313807e-05
5.626419709019703615e-05
2.789179183660404202e-05
-3.366200439912316382e-06
-3.526275153515443000e-05
-6.531051719637421171e-05
-9.115855048757121406e-05
-1.106100825399834741e-04
-1.219856408515240337e-04
-1.241036731703860799e-04
-1.165646034361343035e-04
-9.963624960072311229e-05
-7.441492095494302642e-05
-4.258993934768863775e-05
-6.478377012710064894e-06
3.131228664002598598e-05
6.793478400627743746e-05
1.006823222955382488e-04
1.270522473558297505e-04
1.450910189948556258e-04
1.533936908966421295e-04
1.513458071095219524e-04
1.390070257085690008e-04
1.172209096451072780e-04
8.737915263375837973e-05
5.142200705503485015e-05
1.152871234989056711e-05
-2.992791535718053567e-05
-7.069153321363736515e-05
-1.086387736024001694e-04
-1.420228954544286003e-04
-1.694093190599909151e-04
-1.898215756315505746e-04
-2.025882699039068880e-04
-2.074085951316179404e-04
-2.041499373058217298e-04
-1.928890851281367879e-04
-1.737253814576789014e-04
-1.468625352464635969e-04
-1.124926054396500538e-04
-7.095616973323768111e-05
-2.271041481095823102e-05
3.144698659211834179e-05
9.036862031676752907e-05
1.523366765143227921e-04
2.150962618656249300e-04
2.757281540341346092e-04
3.308100843088182400e-04
3.764512297037765393e-04
4.086219805220540837e-04
4.233539901718075130e-04
4.172009096637209805e-04
3.875244890119281037e-04
3.329694395209210856e-04
2.536898979005790060e-04
1.516769337495826485e-04
3.076448754573683395e-05
-1.033320241378251134e-04
-2.433352650862239547e-04
-3.807097892739250426e-04
-5.062986357169055188e-04
-6.108936251906845350e-04
-6.860474193794407474e-04
-7.247119294014505017e-04
-7.219867741681028697e-04
-6.755672467866250626e-04
-5.861760889443528525e-04
-4.575990072763754055e-04
-2.966337216472405853e-04
-1.126235131192654702e-04
8.307569744592211455e-05
2.779691545662326779e-04
4.592582799812427118e-04
6.148760640343753359e-04
7.343346522499041591e-04
8.096119813059773516e-04
8.357047242209072503e-04
8.110882441723727071e-04
7.377561866802903687e-04
6.211212643541354564e-04
4.695069316393004418e-04
2.935518824214944584e-04
1.053078458284285781e-04
-8.262110436559900182e-05
-2.580903911390544040e-04
-4.102317526212318800e-04
-5.302700308203629753e-04
-6.120217375594537521e-04
-6.522936999914764281e-04
-6.509092880522568229e-04
-6.106180535290650245e-04
-5.366662106418124654e-04
-4.363132458994153267e-04
-3.181069191198023687e-04
-1.912153688276066715e-04
-6.464479199657821010e-05
5.336682694259444186e-05
1.559572816447426006e-04
2.379862077390588462e-04
2.963187127755640532e-04
3.298221443241850502e-04
3.393015209091486298e-04
3.271852762506237411e-04
2.972046642175943604e-04
2.539020754725588897e-04
2.022159476386100805e-04
1.469856257502450802e-04
9.261106138122978185e-05
4.270222579474166735e-05
-7.262281592190214161e-08
-3.412071402914538566e-05
-5.885888797297218869e-05
-7.464371884106395434e-05
-8.253975525982178206e-05
-8.412879821904572998e-05
-8.121501163622132490e-05
-7.562425289217777284e-05
-6.895405939175605734e-05
-6.245792318143871284e-05
-5.691269956426777451e-05
-5.263195934016677964e-05
-4.946448662934491960e-05
-4.692159333966789851e-05
-4.426730558976941290e-05
-4.070219063279587599e-05
-3.547643115489884918e-05
-2.805729573597849432e-05
-1.819555551338520496e-05
-6.017981442232424189e-06
7.994114362211314015e-06
2.300809273494030917e-05
3.794958019066117224e-05
5.158179448951763149e-05
6.266596277654007570e-05
7.006681199630311206e-05
7.290813789870673634e-05
7.064897466638140884e-05
6.318319016939549781e-05
5.084318096528897882e-05
3.441249464863685832e-05
1.504202410893106448e-05
-5.820944559558401386e-06
-2.658213633590222072e-05
-4.561719673344150912e-05
-6.143846792952867872e-05
-7.280454894427317860e-05
-7.885096633291558809e-05
-7.914321568185925162e-05
-7.373144331543431856e-05
-6.312092437704980438e-05
-4.824097820131123152e-05
-3.033931817338488834e-05
-1.088631103405406639e-05
8.573657420508522036e-06
2.654065652896935606e-05
4.170362846125669226e-05
5.303304513906377716e-05
5.987601099551150880e-05
6.198602659764665098e-05
5.954308534201225444e-05
5.310817851696772880e-05
4.356976052911002139e-05
3.203741249215491310e-05
1.974086866080771070e-05
7.898323832074318133e-06
-2.390502786415845710e-06
-1.025732413846476711e-05
-1.513526069214054128e-05
-1.681540907707797168e-05
-1.545094957203681839e-05
-1.154011928077906735e-05
-5.861042225468644321e-06
6.083921874916831468e-07
6.802213671088989285e-06
1.167670770248654137e-05
1.432834551485739749e-05
1.409050692592178069e-05
1.061444026373715627e-05
3.913235462302746691e-06
-5.625846471476006369e-06
-1.727046155342336554e-05
-3.000532798490718962e-05
-4.262485271168953821e-05
-5.384627205911464269e-05
-6.243117652765004064e-05
-6.730730165129439509e-05
-6.767307635953452734e-05
-6.308338856391161576e-05
-5.349815290794787480e-05
-3.930229773470204994e-05
-2.128023210461446181e-05
-5.647773044934855440e-07
2.145462798520600999e-05
4.323393025723805980e-05
6.320243473305807381e-05
7.987907856842064839e-05
9.199691650134315219e-05
9.859418197969133763e-05
9.909893568276529642e-05
9.336454425522920501e-05
8.169258909443431521e-05
6.480099329775270041e-05
4.378402298725293595e-05
2.002170333462890048e-05
-4.906028510586860418e-06
-2.934469543247872944e-05
-5.166794018879783992e-05
-7.040574420872551618e-05
-8.433143788020693661e-05
-9.256198404809592192e-05
-9.460198190134119778e-05
-9.039351522795138121e-05
-8.030089009963157435e-05
-6.510150502636214581e-05
-4.591120245721166851e-05
-2.412406858625265569e-05
-1.293528561720273763e-06
2.095725899550956114e-05
4.107156267428629443e-05
5.764757566351490247e-05
6.955991838244770218e-05
7.601578212272991288e-05
7.663352213683520217e-05
7.144362069291515635e-05
6.090909963609190741e-05
4.586482973554218242e-05
2.748233056746309059e-05
7.158244606514885653e-06
-1.355874165761230414e-05
-3.310735496738186344e-05
-4.999806664998803721e-05
-6.295108444758992653e-05
-7.096096476138238028e-05
-7.340280488361316852e-05
-7.004980191778654866e-05
-6.112535527135590815e-05
-4.725794630261152552e-05
-2.947160882828837858e-05
-9.079504322600686399e-06
1.237689608513766754e-05
3.327704367495769343e-05
5.200772695145647469e-05
6.712346179525791805e-05
7.742260992425809062e-05
8.208138802850886272e-05
8.068363320819223292e-05
7.329716675191209647e-05
6.043346156047142497e-05
4.305235704007074048e-05
2.244880271873201606e-05
1.949182051167993596e-07
-2.202589218796752765e-05
-4.250925426966419810e-05
-5.971026278601974030e-05
-7.232322088946342329e-05
-7.943258254752730112e-05
-8.054076876267137158e-05
-7.565464467256407491e-05
-6.523584449352864945e-05
-5.020906718607769185e-05
-3.183451061976550557e-05
-1.165129155200976587e-05
8.702264226188731781e-06
2.757420945218512940e-05
4.348803724706255201e-05
5.521115332761144834e-05
6.190802397150489331e-05
6.315119810292855768e-05
5.900677827602587784e-05
4.996711217738237793e-05
3.695999423507494180e-05
2.120713269009988339e-05
4.173647028569589072e-06
-1.261986053323665418e-05
-2.767028546574049750e-05
-3.968284723293904868e-05
-4.762051292973638569e-05
-5.085344542583326437e-05
-4.914631059879804437e-05
-4.273708005266303999e-05
-3.224485986764809075e-05
-1.867453427720084446e-05
-3.255866949354763545e-06
1.260196304394619984e-05
2.750533547551716946e-05
4.013003951601125548e-05
4.940577973621352925e-05
5.453489721576075587e-05
5.512765197042465823e-05
5.115500954217347564e-05
4.301491384140276940e-05
3.141223496518788061e-05
1.736274887028563840e-05
2.019593929819822020e-06
-1.335502105831852926e-05
-2.757950087661137077e-05
-3.957267925265036236e-05
-4.852005706895449132e-05
-5.385037844326457426e-05
-5.535152741474560405e-05
-5.308672623726921468e-05
-4.745416082393425817e-05
-3.904821888501722416e-05
-2.867884276296005051e-05
-1.720198761403247606e-05
-5.528329980856384177e-06
5.545285159424893043e-06
1.530677740549456794e-05
2.326931535365759596e-05
2.910109793040234133e-05
3.272537085925166319e-05
3.420566945248770281e-05
3.381093529054252040e-05
3.186938447786904615e-05
2.881801016852476537e-05
2.504805585233577518e-05
2.096318832980908651e-05
1.683906979694798527e-05
1.290867404777956270e-05
9.248282812402909800e-06
5.895212071132477820e-06
2.757878740318131022e-06
-2.429405918514583801e-07
-3.254054152181155385e-06
-6.342045161381426809e-06
-9.581349925414011715e-06
-1.291686523100495570e-05
-1.627447489201798650e-05
-1.944386753464179735e-05
-2.221619452746377018e-05
-2.428598600345757081e-05
-2.540958535100608308e-05
-2.531483422446994481e-05
-2.386546843387880323e-05
-2.096138629213306506e-05
-1.669166078154257090e-05
-1.120936453085380801e-05
-4.860908621714720633e-06
1.971693394730234805e-06
8.765380912720116254e-06
1.503997756679183619e-05
2.026400652783505668e-05
2.404785239267593554e-05
2.604089268211377719e-05
2.611371377295728608e-05
2.422780500640793879e-05
2.059200222328427576e-05
1.549484299865162560e-05
9.432139009578849000e-06
2.905703241644693912e-06
-3.467023551196579826e-06
-9.171503759423319923e-06
-1.368365508859967612e-05
-1.668349934662904433e-05
-1.791817718571181553e-05
-1.739259682373368908e-05
-1.519448594567774760e-05
-1.165537800547195149e-05
-7.137595889907288203e-06
-2.173124425413176720e-06
2.773712477359803991e-06
7.170015241332002696e-06
1.065404857378718233e-05
1.287899288262394996e-05
1.373551794326815751e-05
1.316024751579672036e-05
1.133298385238674935e-05
8.448298279139629434e-06
4.893563461301185806e-06
9.952659870063292343e-07
-2.805421334682945254e-06
-6.213399400364500332e-06
-8.887728469998739390e-06
-1.069383807116579372e-05
-1.148286781965484968e-05
-1.132879488718979599e-05
-1.027677008058279541e-05
-8.568841595894033351e-06
-6.368367078203806388e-06
-3.985900163170120730e-06
-1.592062342449336952e-06
5.425822761678796831e-07
2.334840582939170764e-06
3.624760133156155732e-06
4.457564478959598965e-06
4.792302517854834514e-06
4.781186426345537514e-06
4.455808168269271515e-06
4.012868375172557017e-06
3.486327274439987899e-06
3.049798188057873312e-06
2.681829195099955835e-06
2.492438462114257574e-06
2.384127182311803730e-06
2.404688123086210420e-06
2.400681873053666253e-06
2.393811905057447622e-06
2.219628443725474661e-06
1.922738380040972807e-06
1.372638681801962133e-06
6.740720231211971599e-07
-2.465847933518695542e-07
-1.216661230670142086e-06
-2.263973621938858699e-06
-3.174285386902373814e-06
-3.970740960224262436e-06
-4.444879927539078159e-06
-4.665454190450723704e-06
-4.472353247675363160e-06
-4.012835995815410834e-06
-3.189526837903022210e-06
-2.227135911645649342e-06
-1.069505982107051395e-06
1.423306942610329698e-08
1.085998070607839152e-06
1.879578902515195390e-06
2.512704971349974135e-06
2.758593184807647176e-06
2.820053756085854276e-06
2.515524520538554877e-06
2.129608636426911697e-06
1.497515574165404164e-06
9.564154577528781628e-07
3.088085004822444265e-07
-8.976204245298672203e-08
-5.180581045160047680e-07
-6.155896606916993398e-07
-7.719402338363152414e-07
-5.957761084253287225e-07
-5.987305758480383057e-07
-2.885779390801432883e-07
-3.227854281277347710e-07
1.232394882402559185e-08
-2.047056421224088127e-07
2.317769856339795938e-07
-4.483938142290301106e-07
2.340330051448259913e-07
1.345280275846661502e-06
2.379412574515538255e-06
3.322627949864863645e-06
4.076005840708778991e-06
4.638359218656988830e-06
4.948948084430201787e-06
5.023149584646131665e-06
4.838458219756854095e-06
4.433303250807416485e-06
3.817542728988452158e-06
3.048697238296840647e-06
2.157728365092966509e-06
1.210673697306850700e-06
2.454249887625118955e-07
-6.761695997143290634e-07
-1.522652749628404703e-06
-2.247030014152019619e-06
-2.833545349788577220e-06
-3.255828302671450839e-06
-3.517232458400981770e-06
-3.611955882523449576e-06
-3.560154192078591190e-06
-3.371657777951369923e-06
-3.077135153816532222e-06
-2.694447312030267962e-06
-2.257055504353729335e-06
-1.783171207359402204e-06
-1.302355083902045647e-06
-8.275131498742174814e-07
-3.802817995248437716e-07
3.429867158612253924e-08
4.033752905559979492e-07
7.293138489742303956e-07
1.006300514734813962e-06
1.241583499800458064e-06
1.433255065656318241e-06
1.590208589673481151e-06
1.711270955139476912e-06
1.804274166035066867e-06
1.866611779779601400e-06
1.903660436041039733e-06
1.910699534982021180e-06
1.890753126837239100e-06
1.837694391487099088e-06
1.753456930926582960e-06
1.632079867757667935e-06
1.476180951041028777e-06
1.281694639975634867e-06
1.053505949608969292e-06
7.906828475311414736e-07
5.012216469550783784e-07
1.876546108501523677e-07
-1.390695588364001678e-07
-4.736354868992620924e-07
-8.032506756035691121e-07
-1.121310985269130002e-06
-1.414912325204694537e-06
-1.678042471197098082e-06
-1.899544859526513958e-06
-2.075736174856890739e-06
-2.198667926876018125e-06
-2.268097297935589159e-06
-2.279944250405283009e-06
-2.237604024946296485e-06
-2.140574525798925406e-06
-1.995175534519805010e-06
-1.803401020164685078e-06
-1.573176994427804800e-06
-1.307549640447956812e-06
-1.014645427079838074e-06
-6.973167475024159567e-07
-3.629482074644264826e-07
-1.363836830636923054e-08
3.440742596868895375e-07
7.085010881421006833e-07
1.073184843272951626e-06
1.435769012262326224e-06
1.788608821557250096e-06
2.127403427198857497e-06
2.442209999173445295e-06
2.726038121207135062e-06
2.966421891549602397e-06
3.154117558906706377e-06
3.275296847719094448e-06
3.320366771539118113e-06
3.276708002384500358e-06
3.137487708383569039e-06
2.894726295910915525e-06
2.547851857450832387e-06
2.096790264607023014e-06
1.549963490058390743e-06
9.171040076359631398e-07
2.164587274484036336e-07
-5.328571074723653493e-07
-1.304528049311820739e-06
-2.073131750747797404e-06
-2.808538411425919064e-06
-3.484215669365141517e-06
-4.072014575077610424e-06
-4.550283196282020366e-06
-4.898583935748731228e-06
-5.105172185922491782e-06
-5.161229001251370880e-06
-5.067380568660829476e-06
-4.827225416554979377e-06
-4.452826270815546786e-06
-3.957608107640649871e-06
-3.361064885451697988e-06
-2.681401117200337259e-06
-1.939946274236883127e-06
-1.154090020836607559e-06
-3.419780468400130573e-07
4.837377828124990602e-07
1.310492417060189218e-06
2.130972216103354981e-06
2.936907063589480396e-06
3.723278415799597984e-06
4.481642460446102473e-06
5.203911592467862851e-06
5.875879398850458300e-06
6.481341555505882980e-06
6.996595228555909534e-06
7.395611097342117339e-06
7.646062723849359675e-06
7.715889030751017861e-06
7.570906319138543631e-06
7.182505623013481393e-06
6.526265264877872443e-06
5.589912119951949058e-06
4.371820406000281981e-06
2.887976902954227073e-06
1.169058441129443440e-06
-7.348192815472638553e-07
-2.759461785437199210e-06
-4.824745930473549976e-06
-6.842678032089826653e-06
-8.718204989906087250e-06
-1.035921889681949061e-05
-1.167877722430970263e-05
-1.260538308234397403e-05
-1.308463503442949131e-05
-1.308766296386518367e-05
-1.261012531924794923e-05
-1.167696403549632007e-05
-1.033734358466735251e-05
-8.664926866843313289e-06
-6.748682987207299965e-06
-4.689410091387108265e-06
-2.587925251586782119e-06
-5.400620985909152446e-07
1.374977311318439212e-06
3.098032896312791617e-06
4.598297757241082410e-06
5.872198906295383605e-06
6.945982069522793114e-06
7.868493181300817679e-06
8.707516314933149679e-06
9.537119860895640111e-06
1.042964126522730651e-05
1.144063996313536053e-05
1.260053202887834821e-05
1.390180571544050553e-05
1.529522726742173815e-05
1.668404681548015073e-05
1.792883880342181692e-05
1.885163692877530554e-05
1.925083871350311186e-05
1.891490373214257294e-05
1.764502917584942422e-05
1.527421864404950028e-05
1.169185462244187142e-05
6.860967688814404110e-06
8.367885517932332811e-07
-6.225790395474803216e-06
-1.406705280114667027e-05
-2.233081189909617953e-05
-3.057661706698380706e-05
-3.830534591104182822e-05
-4.498730252700710230e-05
-5.010056922593635666e-05
-5.316767001015356060e-05
-5.379693693348379803e-05
-5.171624436046054073e-05
-4.680502511980221740e-05
-3.911284871122679342e-05
-2.887106655201667662e-05
-1.648744009858755741e-05
-2.531737989231317811e-06
1.229548967538469291e-05
2.720113398080947501e-05
4.135024417612123948e-05
5.391791788243263683e-05
6.414625931086877654e-05
7.139459357737467217e-05
7.518649590271352762e-05
7.524271903847494264e-05
7.150456937587244409e-05
6.413884467777976252e-05
5.353075725240792550e-05
4.025852821508456650e-05
2.505812212696018962e-05
8.774178835883453861e-06
-7.692863936497199985e-06
-2.344586129101479654e-05
-3.764584995626510860e-05
-4.956487236948357156e-05
-5.862720796935183592e-05
-6.444213136738253871e-05
-6.682061688433769346e-05
-6.578083142706034792e-05
-6.153715691014907598e-05
-5.447937452325861581e-05
-4.513884262037974154e-05
-3.414958585058831190e-05
-2.220248005363783104e-05
-1.000081769268329411e-05
1.784264352649636235e-06
1.255094082221342820e-05
2.179867459588490425e-05
2.914901807611509977e-05
3.435878555030471491e-05
3.732145146012047152e-05
3.806162182291488252e-05
3.672003549669736557e-05
3.353479804865046630e-05
2.881728015995546494e-05
2.292848510349226231e-05
1.625446317124526463e-05
9.185862670649900334e-06
2.099599330301970302e-06
-4.653595266885432538e-06
-1.075874060892871989e-05
-1.594093278879713091e-05
-1.996819276855138172e-05
-2.265143932726754522e-05
-2.384550228305144765e-05
-2.344998324508182174e-05
-2.141323019239497788e-05
-1.773766862018569303e-05
-1.248842546371306990e-05
-5.802429403652796179e-06
2.101627331563086393e-06
1.091621289222379156e-05
2.024138842062550906e-05
2.958851960974423449e-05
3.839175481621319414e-05
4.602979355667770860e-05
5.185702919900312107e-05
5.524430136422956632e-05
5.562629474362795442e-05
5.255330151815759920e-05
4.574248903457413777e-05
3.512446525865293165e-05
2.087952809065356447e-05
3.459118861393038711e-06
-1.641188268609629285e-05
-3.775461352976187778e-05
-5.937851233033368141e-05
-7.994549287870797503e-05
-9.805270680312426392e-05
-1.123289884220299463e-04
-1.215376500795811477e-04
-1.246779596998216864e-04
-1.210759640032911354e-04
-1.104569174287191492e-04
-9.299105843118979581e-05
-6.930811398756577283e-05
-4.047639153572043412e-05
-7.947538316676162903e-06
2.653129528463174495e-05
6.103044078373628972e-05
9.356876741343512214e-05
1.222506801061269504e-04
1.453993287990747944e-04
1.616727930151016580e-04
1.701551286193369824e-04
1.704123914679732659e-04
1.625111626192724348e-04
1.469962241428667427e-04
1.248326350450788195e-04
9.731612705724634437e-05
6.596396410898126698e-05
3.239496399737059175e-05
-1.786188686925805933e-06
-3.509184815113108755e-05
-6.622909472872534435e-05
-9.414944769556392583e-05
-1.180651602353579839e-04
-1.374375721173409890e-04
-1.519396347431160020e-04
-1.614049020153867015e-04
-1.657694959555108360e-04
-1.650217273678020885e-04
-1.591649301532209893e-04
-1.482047981161924719e-04
-1.321604657737161814e-04
-1.111031527812590761e-04
-8.521298650091888699e-05
-5.485004469699257220e-05
-2.062337490309100596e-05
1.655007546918881974e-05
5.541434016688314795e-05
9.437659885567885125e-05
1.315548188118757865e-04
1.648675070443429464e-04
1.921675632568948795e-04
2.114054975424470067e-04
2.208136643165524665e-04
2.190877276371236209e-04
2.055515706957661954e-04
1.802801464231547986e-04
1.441697896280126970e-04
9.893753088692738731e-05
4.705018375426017199e-05
-8.421791314592598680e-06
-6.400971544458248705e-05
-1.161022857723946743e-04
-1.612228838512093257e-04
-1.963109763155450609e-04
-2.189745662806737549e-04
-2.276969239300402463e-04
-2.219700013758257678e-04
-2.023484075594833217e-04
-1.704100073984530963e-04
-1.286332375299680116e-04
-8.019340306353160306e-05
-2.870387884210524624e-05
2.208271622282058700e-05
6.857808719073831905e-05
1.076475899697837413e-04
1.368508036447559052e-04
1.546208653612926674e-04
1.603586594464091665e-04
1.544440230203488113e-04
1.381560886717842266e-04
1.135219179564179092e-04
8.310073687419492275e-05
4.973573418004821525e-05
1.628853490390275085e-05
-1.460839197119005340e-05
-4.076863921271344057e-05
-6.060925181811339441e-05
-7.324672910224453110e-05
-7.851591276238839361e-05
-7.692487105187531993e-05
-6.954390660187572001e-05
-5.785425955852746798e-05
-4.356347791920808359e-05
-2.841872542821518346e-05
-1.402587735854055532e-05
-1.703197156552093439e-06
7.628983725318048456e-06
1.350233450326028284e-05
1.590818758879806923e-05
1.524991850506375785e-05
1.226114101311775942e-05
7.889187596652518712e-06
3.170792256640182483e-06
-8.984771819473946790e-07
-3.474284283334690436e-06
-3.955436626521701936e-06
-2.036728078865309288e-06
2.267100620937346132e-06
8.639914939678959742e-06
1.650711453256143682e-05
2.510993812683362479e-05
3.358733372409722096e-05
4.106958305517305373e-05
4.675866673986996786e-05
5.000170116010355418e-05
5.033637878420911110e-05
4.752100856621759462e-05
4.153385933115447647e-05
3.256044382841873937e-05
2.095776908867633972e-05
7.218102684136647137e-06
-8.077303061599925199e-06
-2.429199201544252732e-05
-4.076806429969407529e-05
-5.684086705555446809e-05
-7.185211661867210557e-05
-8.514675375463698142e-05
-9.607546923508284125e-05
-1.039902699972336894e-04
-1.082564096314014054e-04
-1.082669380741263222e-04
-1.034811765250034574e-04
-9.346877337274620793e-05
-7.797571267846382167e-05
-5.698745894137645395e-05
-3.080034786738134080e-05
-7.168840710769053192e-08
3.414164102873778556e-05
7.038538360391534052e-05
1.068374536887354046e-04
1.413891347890321333e-04
1.717563971944809054e-04
1.956370501763198292e-04
2.108819666112470199e-04
2.156877193590766434e-04
2.087716427723641810e-04
1.895334147630663428e-04
1.581632921649682270e-04
1.157054616518614641e-04
6.404368592532880744e-05
5.828733739997505260e-06
-5.567339773818245734e-05
-1.167793196255116872e-04
-1.736417466289854575e-04
-2.225155081532346395e-04
-2.600401901942271318e-04
-2.834921151535646782e-04
-2.910096213959962414e-04
-2.817466492819808098e-04
-2.559663658974987098e-04
-2.150397639669872319e-04
-1.613742466417880921e-04
-9.824965828056700639e-05
-2.960101861563538004e-05
4.026258395063567804e-05
1.069530459084950408e-04
1.663178139316968897e-04
2.147216971397415165e-04
2.493042337178662379e-04
2.681642376372037409e-04
2.704878295416867804e-04
2.565805236686265417e-04
2.278326326427978458e-04
1.865908409833216515e-04
1.359786476059125586e-04
7.964833134448980317e-05
2.151649408055170164e-05
-3.452934068125117532e-05
-8.489744166195166430e-05
-1.265462473564140831e-04
-1.571737116073322583e-04
-1.753637372877178788e-04
-1.806447657374014523e-04
-1.734941068402150090e-04
-1.552532639692792682e-04
-1.280001534257107425e-04
-9.435211617450219523e-05
-5.725447041129948369e-05
-1.973239585026714672e-05
1.533481081014079821e-05
4.543983594588119816e-05
6.861546829033292262e-05
8.357400703272600112e-05
8.976586164238721955e-05
8.739743289542366712e-05
7.736497383075862700e-05
6.115643359903883043e-05
4.068577966144039019e-05
1.812136733824270770e-05
-4.323108398665828383e-06
-2.456888428984915944e-05
-4.085711893090903106e-05
-5.187351209917388036e-05
-5.685366207949456746e-05
-5.561020725977043334e-05
-4.853456248791845250e-05
-3.652171904736176421e-05
-2.088173941404334558e-05
-3.191100266514394790e-06
1.484468474654563054e-05
3.156307042694947852e-05
4.547588246227456018e-05
5.541000737001270803e-05
6.058301749794356363e-05
6.067246943743114543e-05
5.580871195775046346e-05
4.656104076048637975e-05
3.385115434406170632e-05
1.887389890286967104e-05
2.960800354261655998e-06
-1.252618041311496738e-05
-2.633747938938783132e-05
-3.742336368825329107e-05
-4.503909747868971184e-05
-4.877506052419730055e-05
-4.859627892997654192e-05
-4.480064735161287117e-05
-3.799337026731524209e-05
-2.898695258714741391e-05
-1.873562191509372315e-05
-8.209955840751887498e-06
1.670113715725620086e-06
1.014638578274740604e-05
1.665333149889866213e-05
2.088507233290504047e-05
2.276961986382956821e-05
2.248381312748825908e-05
2.037456403531273368e-05
1.693842102847501941e-05
1.271445538146283132e-05
8.260097731161966506e-06
4.046877997896040445e-06
4.633697526017520579e-07
-2.263632448893332814e-06
-4.021697079909904880e-06
-4.861817602874965432e-06
-4.907109828838858725e-06
-4.387037981224755232e-06
-3.517114153879558327e-06
-2.547371076347727842e-06
-1.630468701468658209e-06
-9.170977558829961486e-07
-4.131700241818891760e-07
-1.558332913393398348e-07
-1.488967209235131997e-08
-3.586852837849617968e-08
