-3.435737662765259138e-05
-7.812264762838829022e-05
-7.189574563157285787e-05
-7.764338901503527450e-05
-7.108429830491273934e-05
-6.838284717312217791e-05
-5.719499732121030507e-05
-4.783413849155671320e-05
-3.225745165955594667e-05
-1.836605561330165981e-05
-4.246284161771275951e-07
1.502917973503032368e-05
3.239016163483038438e-05
4.614684833721079723e-05
5.998519699578500958e-05
6.934393965597240633e-05
7.763550257955857496e-05
8.122255115278592924e-05
8.348822132513141023e-05
8.162190699500616929e-05
7.902083319078944594e-05
7.348414140596136565e-05
6.829084576804056201e-05
6.153557386670614835e-05
5.614702810083610740e-05
5.018589065925451408e-05
4.601256862854289205e-05
4.142044032124540061e-05
3.811507206167705686e-05
3.358155012488469498e-05
2.899210298038517469e-05
2.171224868205244365e-05
1.270978802851729746e-05
-3.996137914710384138e-07
-1.640670908102077622e-05
-3.702656571609125536e-05
-6.040496660631479849e-05
-8.729627075081042894e-05
-1.150161669384706540e-04
-1.433544916915501291e-04
-1.689546276138851472e-04
-1.910010887018939708e-04
-2.059784287772869224e-04
-2.131325526027181877e-04
-2.095324900016324893e-04
-1.952702938444787165e-04
-1.687310659214938575e-04
-1.314814738128660006e-04
-8.365802371232593042e-05
-2.850623632535839264e-05
3.217187489798052717e-05
9.382837981683932649e-05
1.536706122575024120e-04
2.067700643798398117e-04
2.504639884401737627e-04
2.806635762195589987e-04
2.960666866285325085e-04
2.945427883511601364e-04
2.770591158516251865e-04
2.440341727948660503e-04
1.989118435435958347e-04
1.444285771182727608e-04
8.583645388421791249e-05
2.710769410785888336e-05
-2.611219530759894088e-05
-7.026105274513059357e-05
-1.010310347286155069e-04
-1.169373363411288529e-04
-1.164458872983872444e-04
-1.012105764381059087e-04
-7.302686625172465030e-05
-3.665792363968424511e-05
3.427144676651599196e-06
4.061179832081395668e-05
6.953489602334703308e-05
8.389461316579380787e-05
7.981726957772504992e-05
5.369073940836223169e-05
5.278638853469224879e-06
-6.463948644714238932e-05
-1.515957542170050948e-04
-2.501351652874112159e-04
-3.516623268508462831e-04
-4.474941858258903150e-04
-5.271492676023897686e-04
-5.816043746491766963e-04
-6.018037969368433783e-04
-5.818514516666753976e-04
-5.174350950408920487e-04
-4.086503183270357234e-04
-2.580538356635646638e-04
-7.288939646829813265e-05
1.373905702775706742e-04
3.595600484665456434e-04
5.795940523059765065e-04
7.816199457770815415e-04
9.511517648065044919e-04
1.074238014141965956e-03
1.140587181586689893e-03
1.142517797400943247e-03
1.077598100134281216e-03
9.470652672467124713e-04
7.577291782152025326e-04
5.197112870362158256e-04
2.475867028499621476e-04
-4.246095867160095571e-05
-3.320398329695603622e-04
-6.036602672093951310e-04
-8.402802502137239789e-04
-1.028247614750868845e-03
-1.156556157508331455e-03
-1.219232710210221360e-03
-1.213997155710684660e-03
-1.143902176832014986e-03
-1.015330326690733328e-03
-8.389506797154610901e-04
-6.272285867228501741e-04
-3.949661818338372253e-04
-1.566479490162103901e-04
7.308290193652080646e-05
2.818974301763456369e-04
4.590526494192470521e-04
5.974240374653174606e-04
6.923360367874009181e-04
7.430485568455729665e-04
7.511230667709715893e-04
7.214218968176341288e-04
6.601372928302605674e-04
5.754890396859098237e-04
4.756387812478026856e-04
3.693284103216146696e-04
2.639179996418679949e-04
1.661829534924771012e-04
8.065332614071048223e-05
1.069813060220899940e-05
-4.276539743050953088e-05
-7.989050025313223558e-05
-1.028700555536617915e-04
-1.143537799153253770e-04
-1.182294841986184246e-04
-1.179938607193846477e-04
-1.175102240761692997e-04
-1.194895440747732247e-04
-1.263629230640465385e-04
-1.389794473923753021e-04
-1.576639940597132042e-04
-1.811614795292288750e-04
-2.078715807185607656e-04
-2.349942360576174976e-04
-2.598677352563198012e-04
-2.792193604082166556e-04
-2.904996707395246839e-04
-2.911280042441108493e-04
-2.797214194837259406e-04
-2.552488791025803562e-04
-2.180925430873051872e-04
-1.690740291032537029e-04
-1.103397668360351161e-04
-4.427569972290391876e-05
2.574421549696637420e-05
9.649982652185291106e-05
1.642462827821149435e-04
2.258415580449924670e-04
2.780673865555270143e-04
3.186789254622993789e-04
3.456713064747184106e-04
3.582122145246966773e-04
3.558298310452593532e-04
3.392209619838130780e-04
3.093675601072790873e-04
2.682416852916370310e-04
2.178817513102162260e-04
1.610330520329693110e-04
1.002248133329534984e-04
3.838738832725548035e-05
-2.203295314159227250e-05
-7.844821687296058097e-05
-1.289517167367316573e-04
-1.716662915322174810e-04
-2.054963779418683386e-04
-2.294486393944969731e-04
-2.433186896735420345e-04
-2.469941425872660508e-04
-2.410895483902365365e-04
-2.262461953133995023e-04
-2.037297472365281743e-04
-1.747387707566080799e-04
-1.409742144890754900e-04
-1.039616296009284970e-04
-6.559484167380871561e-05
-2.747194521632025135e-05
8.586443840461102149e-06
4.118575932054309408e-05
6.885930255030895612e-05
9.069235766224630112e-05
1.058305692633867767e-04
1.140631536805749750e-04
1.153189954494042717e-04
1.101903416818234195e-04
9.939972981896436489e-05
8.425219762722848489e-05
6.606770086823786586e-05
4.656588913541872572e-05
2.727793373176110636e-05
9.888169225190668072e-06
-4.342218669850465519e-06
-1.423817707038554859e-05
-1.923483683355967802e-05
-1.900621575328452186e-05
-1.390427073512362980e-05
-4.529807115191937559e-06
7.924554582042846423e-06
2.215911890735982492e-05
3.650413719745506524e-05
4.943161172299816511e-05
5.933288512176058098e-05
6.501116848287130895e-05
6.545030646624291838e-05
6.024074753839826069e-05
4.929830620662741100e-05
3.319279403538781206e-05
1.279891287902839868e-05
-1.047519398541088190e-05
-3.509252747748999957e-05
-5.923193327297074796e-05
-8.120988962450493697e-05
-9.935221287644363888e-05
-1.123838062513828745e-04
-1.192795982836571887e-04
-1.195806952354072389e-04
-1.131923829137287973e-04
-1.006066124351948484e-04
-8.264002134885667795e-05
-6.056902222548999189e-05
-3.582598300926950746e-05
-1.007515208462716346e-05
1.509764397986250280e-05
3.812872895177431368e-05
5.775340155457414556e-05
7.293196287559601131e-05
8.306136090665359865e-05
8.785957565640702355e-05
8.749779202471616305e-05
8.243917541237725177e-05
7.349805683192010396e-05
6.164900314721349309e-05
4.803694224377121926e-05
3.378618940044903743e-05
1.999435721903151754e-05
7.574147078295121451e-06
-2.739230524233264979e-06
-1.048972168909034700e-05
-1.546355337955978378e-05
-1.772729691906290916e-05
-1.756318183212172117e-05
-1.545293581712048166e-05
-1.200068399610300948e-05
-7.882074821104927400e-06
-3.776380024082075294e-06
-3.027508526365905775e-07
2.018206656027674271e-06
2.823837651380637828e-06
1.905262833412712524e-06
-7.460705353259205879e-07
-4.988979272552329210e-06
-1.049807631031139404e-05
-1.685581277404001342e-05
-2.352143312989920596e-05
-2.995298497603434963e-05
-3.556636651675539306e-05
-3.987335320177253986e-05
-4.241716227956842208e-05
-4.291438595303706326e-05
-4.115715215827604962e-05
-3.715197314232519669e-05
-3.098461114426544357e-05
-2.295515712060060431e-05
-1.340764985217776528e-05
-2.865846758219469779e-06
8.166279128881899946e-06
1.906068286008400319e-05
2.928590581614100237e-05
3.824682194003698046e-05
4.551844887757336297e-05
5.066179180869716990e-05
5.346436563214371771e-05
5.372671993960448052e-05
5.150566540186449693e-05
4.686870233026160153e-05
4.013879842805824109e-05
3.161703356821318344e-05
2.183109826500671531e-05
1.122984264645349588e-05
4.408806285300055777e-07
-1.005651760909557413e-05
-1.965732509046788998e-05
-2.797207543919404146e-05
-3.452893903133662836e-05
-3.912295438854537549e-05
-4.148905990991816074e-05
-4.165583056907237432e-05
-3.958767209365664696e-05
-3.554341979702739621e-05
-2.968964972465641395e-05
-2.246781549156540278e-05
-1.418310965713743150e-05
-5.385288498596985771e-06
3.562076698167197657e-06
1.208256811677419077e-05
1.983405634146471393e-05
2.628922634297486532e-05
3.119832740282203195e-05
3.414902066561076435e-05
3.504510659050250450e-05
3.364550003549206453e-05
3.005831840069432190e-05
2.425700749795536973e-05
1.658697680193699440e-05
7.254633722829771369e-06
-3.158130493561887206e-06
-1.423723775926794458e-05
-2.521827867325636093e-05
-3.556497169688597256e-05
-4.444712517090809267e-05
-5.135105208334001117e-05
-5.554646488814361246e-05
-5.671874957257373717e-05
-5.441170611733614964e-05
-4.866759944073553398e-05
-3.943123466056055738e-05
-2.718514492646373159e-05
-1.230466387463421861e-05
4.317761364223717082e-06
2.196828003862648761e-05
3.949438154430266772e-05
5.604298625044756474e-05
7.043682126506699433e-05
8.193847453246615132e-05
8.960139429172298117e-05
9.304103558656665832e-05
9.174240283426422695e-05
8.582368612479942681e-05
7.528939657040390637e-05
6.078118658917433423e-05
4.277608423141144916e-05
2.232983957694169698e-05
2.295761597052919476e-07
-2.225683172760998366e-05
-4.425856826511700536e-05
-6.452985306233578213e-05
-8.234284655421011978e-05
-9.667876292938776804e-05
-1.071251402869359055e-04
-1.130220342111776493e-04
-1.143599740005316843e-04
-1.108803889828119935e-04
-1.029773601102494408e-04
-9.075714770185779599e-05
-7.495114460837294581e-05
-5.594203986944002555e-05
-3.469647866127774990e-05
-1.176482753327278381e-05
1.176006463886501134e-05
3.526593070502544706e-05
5.763385595815142604e-05
7.828466719057614086e-05
9.616423960067413618e-05
1.108159673019990676e-04
1.213404417095518157e-04
1.274962295055219821e-04
1.286338233256352753e-04
1.248237953210006880e-04
1.157607203449582869e-04
1.019131548020188986e-04
8.338879438863518981e-05
6.109735245648664586e-05
3.556659896685639008e-05
8.110125779783285344e-06
-2.041245264206340864e-05
-4.842457633892388764e-05
-7.492689336683158209e-05
-9.831550707229444160e-05
-1.177194440642756012e-04
-1.317915545174288541e-04
-1.400712740507713554e-04
-1.417272762764019501e-04
-1.369263980265636633e-04
-1.255093497669412068e-04
-1.083522473341088369e-04
-8.596515013927385118e-05
-5.984358451786438399e-05
-3.099211527491510586e-05
-1.276330803790575444e-06
2.811388774198144753e-05
5.529057303041636526e-05
7.924198184223983101e-05
9.841102918602855684e-05
1.122839162643166257e-04
1.198981849137004910e-04
1.214294782360248836e-04
1.166165080303828948e-04
1.063418197771878954e-04
9.097388117466196256e-05
7.195056225515770250e-05
5.004998750659440834e-05
2.699490040126442818e-05
3.670585817606392754e-06
-1.822789969270731459e-05
-3.801185096485986954e-05
-5.428902742270273448e-05
-6.679979302917343883e-05
-7.463145053774309680e-05
-7.806855814593077151e-05
-7.672702352635653474e-05
-7.142152605582102124e-05
-6.222278863828382934e-05
-5.035191041298456305e-05
-3.616938848430050000e-05
-2.110987138920963004e-05
-5.613306682126316750e-06
8.885961555903827894e-06
2.207677797577827457e-05
3.271583878347185918e-05
4.078779935639367295e-05
4.537482196308556369e-05
4.685648332623009913e-05
4.469858853757410826e-05
3.969367525717466697e-05
3.166657803687315261e-05
2.175973538227724831e-05
1.005615081019423443e-05
-2.082631187046852277e-06
-1.447229229514007555e-05
-2.570393885708875328e-05
-3.567246832444823215e-05
-4.309793576572952951e-05
-4.812008169286745020e-05
-4.973029876279203265e-05
-4.842806427545329797e-05
-4.355362982897011386e-05
-3.600614322523506465e-05
-2.547114280257032338e-05
-1.320502057821719502e-05
8.443704267432797690e-07
1.517761536169555835e-05
2.972840887346227940e-05
4.291527632885812257e-05
5.472842112370065109e-05
6.367920207269462123e-05
6.998613583839168625e-05
7.240769719297370888e-05
7.152563222907965326e-05
6.644727627456412144e-05
5.818678900253844921e-05
4.622510661407431133e-05
3.199375045911666710e-05
1.528392032405960903e-05
-2.156922283556880637e-06
-2.037101752307996712e-05
-3.746469622950896047e-05
-5.350981706074059072e-05
-6.666794150510647974e-05
-7.724605606767234061e-05
-8.364680866787397489e-05
-8.657876566495260645e-05
-8.480935474410376915e-05
-7.953480137333112569e-05
-6.991568120221419496e-05
-5.761948374578304652e-05
-4.212354628134512742e-05
-2.545226363894976179e-05
-7.236566426022195929e-06
1.032395605254206974e-05
2.765408523897195769e-05
4.257983821113687963e-05
5.578523272283455602e-05
6.528929839349419009e-05
7.218443806650078390e-05
7.477474678110337209e-05
7.462437026186048759e-05
7.031953648876956256e-05
6.386826477402118179e-05
5.404845183426175236e-05
4.321346811423768154e-05
3.018434265924234105e-05
1.752775500189919562e-05
3.940089336564520400e-06
-7.924348172279658438e-06
-1.964616891742278194e-05
-2.857158707937176148e-05
-3.667337973120462336e-05
-4.133133204915084456e-05
-4.498141244525737890e-05
-4.500950846258354931e-05
-4.434678986829915638e-05
-4.029928970094322883e-05
-3.629991944564473486e-05
-2.943492801974161897e-05
-2.364034628878241263e-05
-1.559177247084461110e-05
-9.753404042873023013e-06
-2.145211009945508823e-06
2.148076600594116589e-06
8.080781697628878536e-06
9.713965252071397497e-06
1.343361500672467822e-05
1.192258452703730956e-05
1.379925025227854988e-05
9.155526705177386955e-06
1.073666215868350921e-05
2.467904191832484494e-06
8.953301031480046112e-06
-3.392431281847091759e-05
-1.223802278342568087e-04
-9.743125530995332335e-05
-1.029169670052148910e-04
-8.268905960236550381e-05
-7.516553358193897106e-05
-5.168161278551640305e-05
-3.649255296344676918e-05
-1.047429280403978977e-05
8.323299242466009577e-06
3.413166466493903621e-05
5.253991991469858779e-05
7.494991796831090641e-05
8.951811332181474712e-05
1.059597510831019560e-04
1.144534141200291452e-04
1.236866378227362447e-04
1.254758648002350587e-04
1.278051670691433372e-04
1.237542532255984571e-04
1.206827402900872276e-04
1.125350687219371502e-04
1.059781151927669673e-04
9.544115057952963597e-05
8.679856578198151854e-05
7.468374924131226521e-05
6.415980530496029647e-05
4.995801013737527870e-05
3.646701787192358114e-05
1.861350453928683438e-05
4.110655817312362892e-07
-2.275906694284089541e-05
-4.686783484403275496e-05
-7.577090559092528868e-05
-1.050741125428294705e-04
-1.376634928432817016e-04
-1.686189804066855137e-04
-1.998897861572828782e-04
-2.261632204464417910e-04
-2.487891496094535890e-04
-2.624998887954236746e-04
-2.686413356411204386e-04
-2.626244185191077009e-04
-2.464822977904458558e-04
-2.169262783403222970e-04
-1.772284859239815313e-04
-1.257655140250829823e-04
-6.723046457620512060e-05
-1.579592073141667558e-06
6.539476900533741340e-05
1.327506597711261343e-04
1.943902717854379466e-04
2.493633511853636173e-04
2.923173783920536930e-04
3.233631615620544391e-04
3.388537193430708576e-04
3.407476682821296895e-04
3.276043496863278027e-04
3.034069580190689027e-04
2.687105869131144837e-04
2.289438130744816371e-04
1.857173771294582613e-04
1.446919879829134856e-04
1.071255519362142230e-04
7.745046578109297472e-05
5.518022583417277031e-05
4.235664381204893946e-05
3.593188025754801728e-05
3.521092690554901536e-05
3.476721240187129300e-05
3.192244222234517226e-05
2.015698073922639073e-05
-3.438864459368575110e-06
-4.440306012584095994e-05
-1.036408961235401363e-04
-1.835280009284643047e-04
-2.810468516535625247e-04
-3.939781421409345083e-04
-5.146114375904704743e-04
-6.361764362855333241e-04
-7.471976822510745459e-04
-8.381795647697509169e-04
-8.965197232441668397e-04
-9.132986516491159576e-04
-8.785127480695753815e-04
-7.876871043015073407e-04
-6.370945188692674803e-04
-4.298620158707538606e-04
-1.708506039147172852e-04
1.280077975389224321e-04
4.533709611037482138e-04
7.860093493900646797e-04
1.106996720598733743e-03
1.393951613530472564e-03
1.627513156064019917e-03
1.787944812685526375e-03
1.861474215522654092e-03
1.836784315539015866e-03
1.710747364634270570e-03
1.484359225824666891e-03
1.167507692670316207e-03
7.740905954908883268e-04
3.257040327341384359e-04
-1.540273280993219838e-04
-6.366514529360879551e-04
-1.095021711767450159e-03
-1.500937530193040010e-03
-1.831215769349006130e-03
-2.065199702761691489e-03
-2.190213023883114118e-03
-2.198429189677632116e-03
-2.091304669422631470e-03
-1.875531375351153314e-03
-1.566334369539734272e-03
-1.182551480423336531e-03
-7.490045701426164410e-04
-2.910478548434887003e-04
1.635337793145303557e-04
5.899931613198031383e-04
9.646521658726725642e-04
1.269869048711615980e-03
1.491537114035556416e-03
1.623188550201547318e-03
1.662713251024602054e-03
1.615491437467538038e-03
1.490358514680672651e-03
1.301927823092009946e-03
1.066071904419071785e-03
8.017973099395899785e-04
5.266550491515241102e-04
2.586040740844452904e-04
1.176791458458954593e-05
-2.013405916046941547e-04
-3.734233139195015645e-04
-4.996095212651483755e-04
-5.803297531439945232e-04
-6.179809111681030609e-04
-6.191908686689859579e-04
-5.911406709187796071e-04
-5.434932662995595881e-04
-4.846823983747789713e-04
-4.238295921155400543e-04
-3.673046604353837280e-04
-3.208979209144048475e-04
-2.868555152389529335e-04
-2.664383489606719085e-04
-2.574795066716726818e-04
-2.572986451712266530e-04
-2.606733287089550233e-04
-2.629421196764769033e-04
-2.581768897327812009e-04
-2.422406737707287288e-04
-2.109221212844726156e-04
-1.627294708216605690e-04
-9.680211679706417975e-05
-1.530844810165101315e-05
7.893979334025463942e-05
1.804938129363908329e-04
2.838983844606518840e-04
3.819927253976350781e-04
4.686350274896452324e-04
5.371164060605561905e-04
5.827882641398467048e-04
6.014017978799053718e-04
5.914735823932072483e-04
5.524181547210128525e-04
4.865645286449019817e-04
3.970415807768078263e-04
2.894568567599402841e-04
1.695914984537236323e-04
4.484032495143631464e-05
-7.815519532754496381e-05
-1.921559783590748316e-04
-2.915993898144085333e-04
-3.711869341100129931e-04
-4.279344204803621032e-04
-4.595941841647260221e-04
-4.664141677125986478e-04
-4.493654585549278256e-04
-4.116223333065009400e-04
-3.566430606012107023e-04
-2.894514821867516584e-04
-2.146731362409674511e-04
-1.377344378679595349e-04
-6.297146125415198348e-05
5.142063153704812652e-06
6.371927207499674610e-05
1.101309070768833091e-04
1.435185773804877171e-04
1.633465369829088538e-04
1.707138100594097043e-04
1.668196214100606863e-04
1.541267323141759689e-04
1.348047351808955507e-04
1.118166337985446000e-04
8.741219519835472245e-05
6.420674578169272353e-05
4.378383202919814728e-05
2.781390689567125405e-05
1.679810754643181337e-05
1.124324927696197258e-05
1.054605878247864763e-05
1.420960654028947931e-05
2.083958579221457594e-05
2.936496054552919271e-05
3.810236185495184772e-05
4.593569681637132057e-05
5.140442087503845861e-05
5.380370173565844573e-05
5.226518816542266430e-05
4.675641196035803604e-05
3.714221767873393613e-05
2.408227225970398949e-05
8.080653380977140872e-06
-9.702517401892193970e-06
-2.839172814346323186e-05
-4.664402540110509758e-05
-6.355237338372170470e-05
-7.792558282051844656e-05
-8.912982179853705075e-05
-9.637964592535956557e-05
-9.950275944321512603e-05
-9.823304792152204930e-05
-9.289653070774422981e-05
-8.371009139436303489e-05
-7.139805920103518377e-05
-5.650965879829166670e-05
-3.998226176949301526e-05
-2.249431260567728735e-05
-4.991985377138582657e-06
1.190790342260050218e-05
2.741591646957466938e-05
4.110917484504126608e-05
5.244967888386261077e-05
6.126521105732612017e-05
6.729039821684825080e-05
7.059439179348197082e-05
7.115085634672325000e-05
6.921946503902776928e-05
6.495140903742636169e-05
5.873072390241286891e-05
5.081984894911378240e-05
4.166412395734669921e-05
3.157914575185985132e-05
2.101921361263534173e-05
1.030623827729776209e-05
-1.384287669830789057e-07
-1.002448401906873763e-05
-1.899824963697599087e-05
-2.683326535194658770e-05
-3.327342076175181376e-05
-3.818334959043959452e-05
-4.142813316302004328e-05
-4.298217010192321145e-05
-4.284388318378400308e-05
-4.110172298166829216e-05
-3.788286724340569759e-05
-3.337587755214747686e-05
-2.781336072947515300e-05
-2.145174987025973991e-05
-1.458891398891987070e-05
-7.502656668594279282e-06
-5.055110800377510194e-07
6.155307176018502533e-06
1.220286152881552827e-05
1.746609089904374297e-05
2.174180599506529330e-05
2.496379680691550732e-05
2.702051122283363304e-05
2.795718656576129377e-05
2.774932478163149823e-05
2.653872923187556394e-05
2.436413739014275947e-05
2.143323413041913644e-05
1.781288024630961413e-05
1.374012738569201034e-05
9.275108395448001229e-06
4.654188494587209221e-06
-9.207606067981065992e-08
-4.741932527407219784e-06
-9.299065595454144618e-06
-1.355238540607578048e-05
-1.752928472933460344e-05
-2.101490992565505596e-05
-2.404557293387631718e-05
-2.639083224860138058e-05
-2.809026894805244132e-05
-2.890042754364279039e-05
-2.887617764099403972e-05
-2.778212589422400343e-05
-2.571732691961361116e-05
-2.248853941036665975e-05
-1.827526156536215697e-05
-1.296096969512799340e-05
-6.834948771584639482e-06
1.221669502757826667e-07
7.502474078933496320e-06
1.523335090181548457e-05
2.280842270089326209e-05
3.009851668845117833e-05
3.654808421481397205e-05
4.203240911011657240e-05
4.601577253167870923e-05
4.845099894790040411e-05
4.889453092239582629e-05
4.744404429530154580e-05
4.380594049262790052e-05
3.826782708038995931e-05
3.071552417698165922e-05
2.163908509758022825e-05
1.109819720682069036e-05
-2.380348818987427127e-07
-1.217724864774719659e-05
-2.392914304947308223e-05
-3.524234325999625221e-05
-4.529265458534989909e-05
-5.386843085531656646e-05
-6.021782272609860919e-05
-6.427840700043709293e-05
-6.547732919670714918e-05
-6.399903067815742414e-05
-5.953070783917222561e-05
-5.256132481642291807e-05
-4.306525729998671143e-05
-3.182769987563420478e-05
-1.906283440185258906e-05
-5.765755457718078553e-06
7.732368863774295785e-06
2.037890271467756890e-05
3.189829772668300038e-05
4.136016125706078856e-05
4.871777441831842069e-05
5.331433557098375900e-05
5.544817758177601383e-05
5.480513043064333113e-05
5.204316733157504497e-05
4.714714683378077843e-05
4.103570837430341829e-05
3.384551073671939500e-05
2.657380481743552614e-05
1.930825808460047633e-05
1.292484315903891764e-05
7.281822236299313575e-06
2.991188258055839608e-06
-4.097818025646076311e-07
-2.603559483799936253e-06
-4.340575535282677212e-06
-5.502903364370445832e-06
-6.982077530375203458e-06
-8.675080479452501286e-06
-1.141102488241215685e-05
-1.489938099858934426e-05
-1.972738372634232312e-05
-2.527883768393194601e-05
-3.181849047558968721e-05
-3.839048990336228594e-05
-4.499411086305553505e-05
-5.045748659603659119e-05
-5.469547954054588727e-05
-5.654177330119667012e-05
-5.606962525046525493e-05
-5.235863174562830605e-05
-4.585636644305720921e-05
-3.605749012558783113e-05
-2.388983054429109156e-05
-9.292719378972752727e-06
6.376540298333186469e-06
2.286390252980827179e-05
3.858070850370929418e-05
5.320921693900992650e-05
6.521053974607238842e-05
7.449112359881510418e-05
7.982988473197980038e-05
8.158334341988840075e-05
7.901094567228302576e-05
7.300636180879917377e-05
6.331278573029649310e-05
5.128268630323732535e-05
3.698992049389267131e-05
2.203430709560234133e-05
6.568846729579850910e-06
-7.826486284488272307e-06
-2.118044997298913046e-05
-3.216361421373673278e-05
-4.116966489532571224e-05
-4.723941244310896222e-05
-5.118137836900718356e-05
-5.238367686918726231e-05
-5.198148444529699058e-05
-4.956687338218922879e-05
-4.642204284690640590e-05
-4.214504977419349877e-05
-3.797172998298406667e-05
-3.333474250452956369e-05
-2.929256213026815218e-05
-2.503092064482569052e-05
-2.140665626397635351e-05
-1.738863793345306872e-05
-1.371264199973867308e-05
-9.248210644467556992e-06
-4.752414241236749846e-06
8.567409694032544416e-07
6.662091003333413132e-06
1.358572904569874756e-05
2.047593498708659714e-05
2.806831002614527886e-05
3.499767159852798108e-05
4.188252667812485569e-05
4.725151197132970265e-05
5.174331438694641029e-05
5.393048081266600170e-05
5.462318879052232721e-05
5.257213111988906620e-05
4.886675781820663404e-05
4.250326915242177501e-05
3.487468576913388071e-05
2.519762323813071981e-05
1.510040677562711608e-05
3.910758282207804256e-06
-6.643477849652063341e-06
-1.727722313976130444e-05
-2.631554504749187914e-05
-3.465726128004677605e-05
-4.079216998100525579e-05
-4.588003357805177823e-05
-4.860576880316907556e-05
-5.037744497058940969e-05
-5.001686083616078071e-05
-4.909026965202488365e-05
-4.643991403142959861e-05
-4.366798518066185650e-05
-3.951770920127180704e-05
-3.553168301569012405e-05
-3.028744881687185436e-05
-2.524563340677306962e-05
-1.883576915466585329e-05
-1.250009057695208757e-05
-4.614268246596123394e-06
3.276357903842544898e-06
1.272488643064296750e-05
2.196161749832186287e-05
3.237685230460450684e-05
4.191891573224049822e-05
5.181231382368211999e-05
5.976951558631858315e-05
6.695518777417115621e-05
7.099369689952539505e-05
7.317998512742350948e-05
7.125402891623125890e-05
6.685275675180224356e-05
5.801729905205103003e-05
4.688099250891828460e-05
3.187711341071242782e-05
1.566636125995932052e-05
-2.978632092317227924e-06
-2.098888615135453513e-05
-3.944967164000196414e-05
-5.512650567609417870e-05
-6.925284437418300720e-05
-7.872240937692006799e-05
-8.521235447474729467e-05
-8.599357066066531659e-05
-8.339279079608711881e-05
-7.517633816153384966e-05
-6.436787371196565314e-05
-4.917064873990796987e-05
-3.317552327426976028e-05
-1.479766175614195550e-05
2.072632582263368054e-06
1.913563286400618758e-05
3.252247836525480200e-05
4.438067803556949517e-05
5.113311758070201741e-05
5.561086770858697346e-05
5.465932949574955918e-05
5.186462032243953005e-05
4.444036871458828173e-05
3.661802224688915286e-05
2.575242017281636022e-05
1.647152162254594709e-05
5.937832949450227780e-06
-1.124266728971644607e-06
-8.085084032953477449e-06
-1.036808391338720446e-05
-1.212186339154837994e-05
-9.013160218283430624e-06
-6.048932492863396283e-06
9.619151135196741229e-07
6.252014463402835398e-06
1.415279304320137585e-05
1.835967875282774151e-05
2.373521411668821188e-05
2.368342338180352014e-05
2.399287461024970900e-05
1.792489779787327620e-05
1.249732601379146250e-05
7.807880196355635017e-07
-8.815330334418169404e-06
-2.370911136867813064e-05
-3.405544881513077662e-05
-4.831197006553964070e-05
-5.516643851392295453e-05
-6.489703375781244866e-05
-6.451333744459729987e-05
-6.714279247564011147e-05
-5.741574145150053673e-05
-5.279328618123035953e-05
-3.373259295143107362e-05
-2.482731267519989448e-05
2.340132765246736041e-06
7.954739756646895209e-06
4.810155518908455118e-05
-2.216022867532964656e-05
3.841082814994769971e-06
-2.238104397903566863e-06
1.513762198920507023e-06
-9.680875136756074679e-07
1.135583311609069736e-06
-4.116506455719651062e-07
1.053493891139808425e-06
-7.361622778326280636e-08
1.043405727995946377e-06
1.485249357407535436e-07
1.041423544025985233e-06
2.896731085989821252e-07
1.022774818264282856e-06
3.643711440097093736e-07
9.744133404686146725e-07
3.776268936333060267e-07
8.865260581284235146e-07
3.292057995582655739e-07
7.508287068265977729e-07
2.173989115326820482e-07
5.621984120929980253e-07
4.315565242408957184e-08
3.216520986097918421e-07
-1.860958928240848457e-07
3.902880257374480252e-08
-4.539820880986069666e-07
-2.658710473153292672e-07
-7.348534726649031164e-07
-5.643371955789101459e-07
-9.958120572993760315e-07
-8.219627764144408277e-07
-1.200713494170867753e-06
-1.003415399650947209e-06
-1.315313453161300612e-06
-1.077824085335070664e-06
-1.312541852726428923e-06
-1.023786893574048459e-06
-1.176972861376874008e-06
-8.331949401243110696e-07
-9.078372264732816222e-07
-5.133976183814673955e-07
-5.202748756514740451e-07
-8.757233050838826594e-08
-4.482562969571761641e-08
4.066012768199262761e-07
4.746832523741960253e-07
9.197818450406674983e-07
9.846825895470425921e-07
1.395177080929019674e-06
1.426720751529225369e-06
1.774010310884342420e-06
1.743493228176418447e-06
2.002024785656510326e-06
1.885705261678685709e-06
2.036530658392483241e-06
1.819090968579839299e-06
1.853133022143051187e-06
1.530563598595543244e-06
1.450997104984434648e-06
1.032301561334648844e-06
8.554859423402063789e-07
3.627264941424523668e-07
1.173369313127771215e-07
-4.161701847654042029e-07
-6.918148207388140725e-07
-1.224957478992005007e-06
-1.486981826288562577e-06
-1.975409464377945459e-06
-2.179204146021147273e-06
-2.580233125365553662e-06
-2.685249973671453653e-06
-2.962405059411880397e-06
-2.936318709226196072e-06
-3.063051733507876384e-06
-2.884998917184633384e-06
-2.847467636563829355e-06
-2.510397282053347637e-06
-2.309446012828753456e-06
-1.821772434907169350e-06
-1.474290978416729942e-06
-8.609433618689826890e-07
-4.005550877089444485e-07
2.968105107063087655e-07
8.201674488613124126e-07
1.544419862081521876e-06
2.066790454398413540e-06
2.748882387692984983e-06
3.197285710859878110e-06
3.762785923028004677e-06
4.063291859068065798e-06
4.441890927617464573e-06
4.530291613615693451e-06
4.667234276965949812e-06
4.500689761396781126e-06
4.367978780068503832e-06
3.935047190646063256e-06
3.539553958771781711e-06
2.865677502480316240e-06
2.251415242799556934e-06
1.397567500019376114e-06
6.405390025568286299e-07
-3.056269848169753835e-07
-1.109581791751848730e-06
-2.048501798721702052e-06
-2.800149953457878832e-06
-3.637343138137614782e-06
-4.250376611688595397e-06
-4.910870474643458008e-06
-5.323343819121671364e-06
-5.759271418189235144e-06
-5.936842677910255670e-06
-6.126227518277950449e-06
-6.056837959219576694e-06
-5.994968524147088912e-06
-5.678104646392685343e-06
-5.366173733809472836e-06
-4.802528218443169172e-06
-4.239948653134605436e-06
-3.427826677502142862e-06
-2.613790152726904329e-06
-1.556349265268185789e-06
-5.026297969307347805e-07
7.745766852707669826e-07
2.022855221699085327e-06
3.450010553665753135e-06
4.793977226287757785e-06
6.240870799672471625e-06
7.518794097762819226e-06
8.795137477459508783e-06
9.793954882372575254e-06
1.067302666050816626e-05
1.116392996530359453e-05
1.142874730361750620e-05
1.122140713196446684e-05
1.072341086415145132e-05
9.724702773481770358e-06
8.437615307033378235e-06
6.695624325530830403e-06
4.745001550934604510e-06
2.460372046291412591e-06
1.142781905284984654e-07
-2.390643164490789009e-06
-4.773047926505700138e-06
-7.123311275083622035e-06
-9.173910582638806848e-06
-1.103101562507015991e-05
-1.246155301700496824e-05
-1.360445348319785236e-05
-1.427240845926795656e-05
-1.464191623777296487e-05
-1.456874259727350376e-05
-1.425712847684236559e-05
-1.358936857918787140e-05
-1.277594367009412416e-05
-1.170095261043507012e-05
-1.055598135048675482e-05
-9.203831481332438443e-06
-7.799151072280329132e-06
-6.172612090889684880e-06
-4.440466160334186841e-06
-2.409975646530225439e-06
-1.782634810521883839e-07
2.442252993052037839e-06
5.337536924506185871e-06
8.649818543320580578e-06
1.220740377509308642e-05
1.607046864500454115e-05
1.998122153715861359e-05
2.390198848869157591e-05
2.748891457071641587e-05
3.062483888788373614e-05
3.291712543997323150e-05
3.422465999869005513e-05
3.417694403702073544e-05
3.269105610013341178e-05
2.950597537420002672e-05
2.468278890133490888e-05
1.814657652129381783e-05
1.016262939952879286e-05
8.790033802278670581e-07
-9.226417630941855831e-06
-1.980628388706969482e-05
-3.022671984548621946e-05
-4.002913687828772217e-05
-4.853866961476245763e-05
-5.532073422372486767e-05
-5.980582705772241180e-05
-6.173052673052843655e-05
-6.076735982818371791e-05
-5.693946459590604962e-05
-5.024558893720673246e-05
-4.104078437832375380e-05
-2.965138061740482995e-05
-1.672011863404965885e-05
-2.812797103671160281e-06
1.126668110060376646e-05
2.486961139141283391e-05
3.720637726534004399e-05
4.772715427435477142e-05
5.583133447827873415e-05
6.122293707079800966e-05
6.361415982982169116e-05
6.304674461222919469e-05
5.958382892574143769e-05
5.359525035705698265e-05
4.543922347908657818e-05
3.571689579437362365e-05
2.495206966466511695e-05
1.382578527967368883e-05
2.866095539092093643e-06
-7.324752884996788716e-06
-1.635877186036478233e-05
-2.383219214011118931e-05
-2.958448690329888898e-05
-3.346064961124510756e-05
-3.553941293163163012e-05
-3.588958908089577251e-05
-3.477237034262500056e-05
-3.239891339781353124e-05
-2.911574879980835770e-05
-2.517331445147747505e-05
-2.090419300563331091e-05
-1.651114336020467697e-05
-1.224501413219332393e-05
-8.216574872404075095e-06
-4.575769767611309190e-06
-1.346080623147203557e-06
1.398620381107189232e-06
3.683122287452695064e-06
5.463652918011930017e-06
6.768208837025937450e-06
7.546336833049183135e-06
7.806927368722815482e-06
7.489045991306038369e-06
6.598718352544332701e-06
5.099368087622701145e-06
3.043379489185271918e-06
4.753643262544132929e-07
-2.450020942244764775e-06
-5.561472149938123410e-06
-8.576207853686059152e-06
-1.119800734291167758e-05
-1.305086456829080850e-05
-1.378388439345824556e-05
-1.303164166938803188e-05
-1.052003776091692909e-05
-6.043456351196012303e-06
4.415874595343741006e-07
8.837919420584529229e-06
1.884247240372083389e-05
2.998186541362026850e-05
4.158863836061706142e-05
5.286008256448097376e-05
6.287985008238960462e-05
7.069786588827228833e-05
7.538866135715593356e-05
7.613748123589938945e-05
7.231502927365187684e-05
6.354548121369501970e-05
4.977129326554480509e-05
3.127697205564309419e-05
8.720397731388562708e-06
-1.690628006202415666e-05
-4.429047455849599959e-05
-7.190436026078257203e-05
-9.805777611114613454e-05
-1.210541305257839848e-04
-1.392584485385274604e-04
-1.512731845766748264e-04
-1.559860090596065470e-04
-1.527284309975973989e-04
-1.412676192433441982e-04
-1.219167905321515160e-04
-9.544752890406524813e-05
-6.313836224290257561e-05
-2.660539621906103316e-05
1.220110793724622512e-05
5.122669224688665836e-05
8.833731485200356395e-05
1.215721157807366496e-04
1.491476571511625611e-04
1.696920308950705062e-04
1.821910055496357066e-04
1.861731111045935238e-04
1.815773012067076198e-04
1.688805104999356957e-04
1.488905088886152944e-04
1.228310825152706886e-04
9.208442290610079897e-05
5.826465010091755981e-05
2.294313448424240381e-05
-1.225689293245577710e-05
-4.592342184855277397e-05
-7.671773904877460238e-05
-1.036120480860997010e-04
-1.257031228050860727e-04
-1.424278791803317641e-04
-1.533388191728903428e-04
-1.583126135068499483e-04
-1.573043298585437288e-04
-1.505655120042781599e-04
-1.383904332727476576e-04
-1.213521378951486278e-04
-1.000431426198077051e-04
-7.532611308346322417e-05
-4.806057184943426458e-05
-1.935677545070098540e-05
9.724047454547966757e-06
3.792337182663826158e-05
6.411874439106191861e-05
8.708638661887238694e-05
1.058631219355407653e-04
1.195059297933417138e-04
1.274647442713174668e-04
1.293168695582954926e-04
1.251269699218878222e-04
1.151334203002877751e-04
1.000765350240676472e-04
8.082391084210330137e-05
5.866228660958037674e-05
3.486617112921201213e-05
1.096703052204573190e-05
-1.171319766899013530e-05
-3.178751547556789628e-05
-4.827401140715936858e-05
-6.028348409704992748e-05
-6.746353495949167711e-05
-6.962369983513643672e-05
-6.713676017487813896e-05
-6.049375085375300508e-05
-5.066527118000129610e-05
-3.859863351725596699e-05
-2.556016523686111929e-05
-1.260142663649945787e-05
-9.133313163951192664e-07
8.707375303547941950e-06
1.546279450028856587e-05
1.906274666917619665e-05
1.927014630267085855e-05
1.637544223009688706e-05
1.068108196716489235e-05
2.948565311537941390e-06
-6.164127638843360718e-06
-1.566310557988643949e-05
-2.480537552727261202e-05
-3.264258363444305113e-05
-3.860893384099827716e-05
-4.202751416631738779e-05
-4.268390182199796265e-05
-4.028513943466008475e-05
-3.501597043863088492e-05
-2.695323587251853941e-05
-1.661351369241397249e-05
-4.335437152730095087e-06
9.165788992393608022e-06
2.343253619035697515e-05
3.768834378903243457e-05
5.147674439677769838e-05
6.405469399726862240e-05
7.503326423684113233e-05
8.374259285713065565e-05
8.988116603624095140e-05
9.286174864855921971e-05
9.248100201393666322e-05
8.825730019732079686e-05
8.013014566787317002e-05
6.779514587671674989e-05
5.143445985878000482e-05
3.104404804254638452e-05
7.185288645592180052e-06
-1.971120279775567805e-05
-4.859167401342209748e-05
-7.852040329463587343e-05
-1.079438370980416472e-04
-1.354947598609092751e-04
-1.592862135974811120e-04
-1.777836267230199318e-04
-1.891235256559185851e-04
-1.920395072423939167e-04
-1.851807883605485403e-04
-1.680589018537156042e-04
-1.403250996995553427e-04
-1.026938539822463286e-04
-5.613427642913576803e-05
-2.730788010667518811e-06
5.524371047513556437e-05
1.145492626059388700e-04
1.720293591509973832e-04
2.239021039259485204e-04
2.669058453888588042e-04
2.976140892018384345e-04
3.136175759865008749e-04
3.127931874376782377e-04
2.944491222711156085e-04
2.584743820675690622e-04
2.063823505971537295e-04
1.402883099972824241e-04
6.381878074159645935e-05
-1.909452486901646822e-05
-1.034252630417588999e-04
-1.844044912191803408e-04
-2.567891732711961080e-04
-3.162804745131904600e-04
-3.587551522462976983e-04
-3.816501647298778301e-04
-3.830572900181446064e-04
-3.629866725435133769e-04
-3.222540221362434217e-04
-2.635790204557689740e-04
-1.902481610576792226e-04
-1.070637560587720953e-04
-1.882612790656766735e-05
6.879464136799641070e-05
1.508664150938506378e-04
2.222942973400817519e-04
2.794094142731031209e-04
3.189325867331312256e-04
3.394533758326019417e-04
3.401862044546900203e-04
3.222970641986228524e-04
2.874366221342103227e-04
2.389316104906359151e-04
1.801366947261657939e-04
1.155583963309449175e-04
4.910808052723701015e-05
-1.474597682903575035e-05
-7.272976993761193134e-05
-1.214911633425478000e-04
-1.592794823459850299e-04
-1.844927585871510435e-04
-1.972527009958747655e-04
-1.977600268009579141e-04
-1.877816646652619127e-04
-1.688489521936595663e-04
-1.437136130287577321e-04
-1.144530595372125455e-04
-8.396945810445022947e-05
-5.407096533090090398e-05
-2.708067444508593924e-05
-3.943670777724885094e-06
1.401450367843367095e-05
2.693803511570638551e-05
3.452785058377577990e-05
3.786659174329003543e-05
3.737701980888837370e-05
3.466510875930107241e-05
3.039312006450311761e-05
2.619300457075521716e-05
2.249645617350017786e-05
2.056187506237996032e-05
2.028681731903333343e-05
2.237051842816191870e-05
2.610969320254025432e-05
3.169508374469315364e-05
3.796942055147957472e-05
4.483930028977818692e-05
5.096137480333150059e-05
5.624547095377803831e-05
5.943504416453456742e-05
6.068456481916678288e-05
5.901066261324464731e-05
5.494131655627637818e-05
4.782774145425241428e-05
3.857696575327787666e-05
2.682439773028107540e-05
1.377015558068925708e-05
-7.841993182855560968e-07
-1.547256423339738048e-05
-3.046253940324627910e-05
-4.434495449432836428e-05
-5.737303153673784222e-05
-6.818812803206779512e-05
-7.721288460475064851e-05
-8.319907455875218518e-05
-8.679277500421079573e-05
-8.688935354004439539e-05
-8.439152455638769177e-05
-7.835283505933262043e-05
-6.995104537826612166e-05
-5.839590823864755821e-05
-4.514205647620902004e-05
-2.953059804276866472e-05
-1.326950476006158954e-05
4.227041211507603158e-06
2.105538984079393798e-05
3.782624944626794918e-05
5.253183878044896259e-05
6.593920273227921321e-05
7.604648356662989112e-05
8.392091909179675191e-05
8.766607548998807777e-05
8.877505051158570760e-05
8.551075911537689455e-05
7.986943106732865964e-05
7.025086428070318498e-05
5.916493516794196349e-05
4.503343978821384931e-05
3.082855697388546664e-05
1.479229097418127129e-05
2.799933468348801642e-07
-1.491114930402777291e-05
-2.708761234713138208e-05
-3.920000210394695110e-05
-4.714111088671613830e-05
-5.495760388310300370e-05
-5.780921668374229398e-05
-6.134805227186630196e-05
-5.917823061216039840e-05
-5.971943597649877406e-05
-5.264895001968675345e-05
-5.400627839255465952e-05
1.467929617362838218e-05
-1.280167307102565325e-05
-7.535378531767477958e-06
-1.200434765316309403e-05
-9.823384987957243481e-06
-1.202083942052220557e-05
-1.019056953924756829e-05
-1.115274295842968811e-05
-9.204212329589136026e-06
-9.318544001787165999e-06
-7.180609458537147341e-06
-6.712094714078757718e-06
-4.439848860051852005e-06
-3.597138695044649767e-06
-1.271100373617679477e-06
-2.051300107992551483e-07
2.114501481086820891e-06
3.308884887757477967e-06
5.588024197173541074e-06
6.848067587301225216e-06
9.052060110957739779e-06
1.030312858465969214e-05
1.235302607832292038e-05
1.346132409827490554e-05
1.519632046435255396e-05
1.594169007766707623e-05
1.711176834708881634e-05
1.720084174406452733e-05
1.750504315732194692e-05
1.663226597808044782e-05
1.580135973408096351e-05
1.374668987408967319e-05
1.164959961275707476e-05
8.383650171642780764e-06
5.122094267499968935e-06
8.795927376502089923e-07
-3.168172060104143423e-06
-7.882009663332041247e-06
-1.209621192564067398e-05
-1.658345399296424843e-05
-2.022023629888674453e-05
-2.374092145654948033e-05
-2.610586729618388424e-05
-2.806151865753215267e-05
-2.868809680356636368e-05
-2.877979157624289440e-05
-2.755232451386013646e-05
-2.585639677995393249e-05
-2.302976971798280839e-05
-1.995773978689098258e-05
-1.605905018801887470e-05
-1.220834323328679444e-05
-7.849286157267349896e-06
-3.794533524418190651e-06
5.380942631972948599e-07
4.433611578437097443e-06
8.524618857053257819e-06
1.219575562447697626e-05
1.611542151739600053e-05
1.972980208120903058e-05
2.369102251872617955e-05
2.743892347732823831e-05
3.153838042697099391e-05
3.535085005619075340e-05
3.929501364812130467e-05
4.261123425752705486e-05
4.555803215088924380e-05
4.727023961940583297e-05
4.789888626864350398e-05
4.655846896157135530e-05
4.341070384213068900e-05
3.768965629773741961e-05
2.972269654293666893e-05
1.901679402121059356e-05
6.205532333965966961e-06
-8.821809484261026823e-06
-2.505802813516374729e-05
-4.222088638534048452e-05
-5.898070959600968559e-05
-7.478129133131623644e-05
-8.815225559821343083e-05
-9.850238951022866345e-05
-1.045003542586279315e-04
-1.058239728540958318e-04
-1.015842786061654633e-04
-9.200817504182915276e-05
-7.687864801328390669e-05
-5.712981382723692533e-05
-3.328228511940240983e-05
-6.939536447001784675e-06
2.078892865634460085e-05
4.788504780186934195e-05
7.300104781592854533e-05
9.412860734848815640e-05
1.101534606203317539e-04
1.195611468453253038e-04
1.219320794623446200e-04
1.166450840834707282e-04
1.042794816823914108e-04
8.528551196607387210e-05
6.127320399596449690e-05
3.363688475281835277e-05
4.732111968630266395e-06
-2.353472557822746010e-05
-4.861602448752053526e-05
-6.873434823278487581e-05
-8.183349507304656426e-05
-8.694173963671264179e-05
-8.311027840896196336e-05
-7.067737141164964635e-05
-5.014631182875735224e-05
-2.331361512076949774e-05
7.939596651782452613e-06
4.066408303603975707e-05
7.213070768584768286e-05
9.896465356581467764e-05
1.184703910268665217e-04
1.278236254674430014e-04
1.253626216792502442e-04
1.097586563207149813e-04
8.119444400628336841e-05
4.043722302457984169e-05
-1.015878191910147645e-05
-6.772364524679093639e-05
-1.280682775291022734e-04
-1.868981729059951977e-04
-2.391777395852526635e-04
-2.804290567157201818e-04
-3.061806458786671989e-04
-3.132495774939665287e-04
-2.991595802846750882e-04
-2.632889884747078245e-04
-2.061456014987806870e-04
-1.302847696545516405e-04
-3.936911009967852847e-05
6.118183306357334757e-05
1.653492010289776631e-04
2.660951520241159989e-04
3.566616754172972112e-04
4.302695511920597645e-04
4.814211962498883535e-04
5.055637844719702368e-04
5.002384676658016638e-04
4.645584274455040203e-04
4.000784683152285568e-04
3.099952427637602415e-04
1.996886100969687977e-04
7.564404858326093193e-05
-5.428232496497176093e-05
-1.821205652247445022e-04
-2.996603077308424771e-04
-3.997230604723730888e-04
-4.759964916588448904e-04
-5.241461725974231895e-04
-5.414488602924741236e-04
-5.276110119557347834e-04
-4.841086000803927324e-04
-4.146700113630842057e-04
-3.243323789283035952e-04
-2.196507808565712969e-04
-1.075773016220791368e-04
4.462070981399350303e-06
1.097028452741420092e-04
2.019260977387380058e-04
2.764442201855705529e-04
3.298019126797218465e-04
3.605008395797450085e-04
3.684462664525953147e-04
3.553856856969584690e-04
3.241222032482524683e-04
2.787312584663116113e-04
2.236395774206670849e-04
1.637447822975278465e-04
1.034985355198602043e-04
4.707002293176448728e-05
-2.436989460643271561e-06
-4.266932424609707502e-05
-7.259776475236481093e-05
-9.201100128256904588e-05
-1.018776542490548080e-04
-1.036831654918738836e-04
-9.964678182328730435e-05
-9.199155801071744729e-05
-8.312130635837663430e-05
-7.493222952883333828e-05
-6.905242080289612490e-05
-6.628212036530473225e-05
-6.696035349344924329e-05
-7.057009036387927223e-05
-7.623830732829433481e-05
-8.248242833730858904e-05
-8.779437258802737286e-05
-9.045832341162009628e-05
-8.913647998757126339e-05
-8.267144239131349142e-05
-7.059168317060135033e-05
-5.282872281267127164e-05
-3.009172515660378500e-05
-3.471949885165619681e-06
2.531564826587904104e-05
5.441858672109031806e-05
8.169427807609841029e-05
1.052262562508155685e-04
1.231894860579466609e-04
1.343228046017819351e-04
1.377425260543088616e-04
1.333128390859048570e-04
1.213656948303954510e-04
1.029473605379699645e-04
7.944401491873892660e-05
5.272466588096940814e-05
2.471030962809240045e-05
-2.535006604686318718e-06
-2.723118069731146081e-05
-4.777947557284953128e-05
-6.312557150834164439e-05
-7.259398178085172662e-05
-7.614935075572088765e-05
-7.414669732712656153e-05
-6.748821008253928419e-05
-5.730422423667737519e-05
-4.503616517692740699e-05
-3.209075503361157316e-05
-1.989911941142581616e-05
-9.596502734280596084e-06
-2.107544186634210971e-06
2.105255233018494659e-06
2.896836057057797910e-06
6.018982084154574524e-07
-4.175632873590053754e-06
-1.048144353875523522e-05
-1.726607011741057262e-05
-2.335289233190889079e-05
-2.769866066008409221e-05
-2.936737221390427896e-05
-2.775310937583550324e-05
-2.252082120835269041e-05
-1.376006691378972897e-05
-1.871327117353574408e-06
1.235893218114621409e-05
2.792395122626324737e-05
4.358637216767675509e-05
5.807240945086499347e-05
7.009558876068903174e-05
7.854458511929890440e-05
8.250495229648970627e-05
8.140626673126089789e-05
7.501178829474290796e-05
6.350158058521917029e-05
4.741504220295194775e-05
2.766406927503254343e-05
5.431520170083957597e-06
-1.787425229071358085e-05
-4.074676411197084632e-05
-6.166187787919666906e-05
-7.920382145578165904e-05
-9.215184817180649011e-05
-9.957632188241839386e-05
-1.009047625766234380e-04
-9.596435659867008530e-05
-8.500819347154096276e-05
-6.869070777965505616e-05
-4.804735578340588582e-05
-2.440369459537282304e-05
6.829696427469751212e-07
2.556468812303448992e-05
4.857619227293715890e-05
6.819767076057350647e-05
8.311094549540394354e-05
9.235064829679962071e-05
9.531148937059318461e-05
9.186026682137935406e-05
8.227292194609809261e-05
6.729397523225623227e-05
4.799886959976270575e-05
2.580592415870506544e-05
2.278381688777674640e-06
-2.088835064947098060e-05
-4.209571639067263008e-05
-5.984586532365615449e-05
-7.296635390815124449e-05
-8.057050187030553650e-05
-8.224676937945471608e-05
-7.795050707144197510e-05
-6.814098742524289762e-05
-5.359684378559216475e-05
-3.550314138325472873e-05
-1.520253572306801316e-05
5.746820821706838630e-06
2.585668914827867992e-05
4.364729889849090950e-05
5.793433372837949682e-05
6.772915415353214454e-05
7.249569293834689631e-05
7.198610039949156160e-05
6.644910041002819270e-05
5.639179670255634681e-05
4.274064283662866226e-05
2.654078222100506764e-05
9.090483788472340822e-06
-8.393971130233665584e-06
-2.463774998917916397e-05
-3.864323202144790808e-05
-4.951119062335575802e-05
-5.674971545473792256e-05
-6.003618184429279663e-05
-5.948676428955206280e-05
-5.535539217560231026e-05
-4.826917840607051726e-05
-3.887773342142367112e-05
-2.807484235594882399e-05
-1.662300333878329706e-05
-5.388703843415814651e-06
5.030933339589295539e-06
1.403490841719898034e-05
2.137027546819219911e-05
2.680786096121886205e-05
3.046734311364988654e-05
3.244397459919394472e-05
3.311636441231083941e-05
3.273973504629446718e-05
3.175672030324237766e-05
3.037968276908466637e-05
2.892749208805004917e-05
2.741749218935528374e-05
2.594481011271535195e-05
2.429415522133642321e-05
2.236489336144081787e-05
1.979811821879302362e-05
1.643625630947020269e-05
1.194821536020141939e-05
6.302849096312685003e-06
-6.302575338171731612e-07
-8.614526069214206030e-06
-1.748783154520076974e-05
-2.671544393394213534e-05
-3.587918727106451382e-05
-4.424739132643850319e-05
-5.130295426705818623e-05
-5.631529574443236712e-05
-5.888851010791403484e-05
-5.851392225778184226e-05
-5.511712032027838625e-05
-4.857131925097545462e-05
-3.922759831159783225e-05
-2.737834709167874013e-05
-1.376678380583804050e-05
9.971973288711589911e-07
1.593920986113160678e-05
3.033826243146347219e-05
4.322251571233130612e-05
5.400123007269997321e-05
6.193385303464346949e-05
6.675797647570133446e-05
6.811647562909904988e-05
6.617112297263409715e-05
6.098200829512197448e-05
5.310679983890675211e-05
4.293679012410465647e-05
3.129087857545458947e-05
1.872002919807640126e-05
6.110573187234484796e-06
-6.027794450988654422e-06
-1.693374642847100584e-05
-2.630898412959199338e-05
-3.365282897234172144e-05
-3.897107536289856947e-05
-4.206797713918309338e-05
-4.324845895513227062e-05
-4.256996111772306558e-05
-4.054482723185349617e-05
-3.736112559187558031e-05
-3.359716747267167312e-05
-2.942358769328523745e-05
-2.534307699333438442e-05
-2.138511345778020166e-05
-1.788134185594675594e-05
-1.466009993531723069e-05
-1.186239295524160269e-05
-9.136926467158103048e-06
-6.494754336532871397e-06
-3.498593508646145964e-06
-1.477957060854452966e-07
3.949704886924594695e-06
8.674198224158829914e-06
1.425305369059109887e-05
2.035103363953130417e-05
2.697100000375320954e-05
3.354503627084654032e-05
3.988186428921501218e-05
4.525838616858732759e-05
4.941009295443007872e-05
5.161371453576199514e-05
5.170860990884258756e-05
4.915440500354102313e-05
4.406701389289537573e-05
3.623372229993994880e-05
2.614935381290480954e-05
1.397622469330865522e-05
5.738703805912745698e-07
-1.359865081664783305e-05
-2.745469245910097286e-05
-4.042656796185478869e-05
-5.142410636398839831e-05
-6.001318816682762195e-05
-6.534052136405946317e-05
-6.732521241571341969e-05
-6.553047521163208016e-05
-6.035361916098123703e-05
-5.183238073896819306e-05
-4.082805481764839562e-05
-2.776503313464335397e-05
-1.381366218632629512e-05
4.267852977581790440e-07
1.372821530185284490e-05
2.558838800716759044e-05
3.499058404540921906e-05
4.177448850791556673e-05
4.533322972674495909e-05
4.598436732499877909e-05
4.359099205978270587e-05
3.892873575923922358e-05
3.223136496976472732e-05
2.456423604641420663e-05
1.630837472198642544e-05
8.562462259235798057e-06
1.587595165098883883e-06
-3.735852305727215672e-06
-7.481189929234913409e-06
-9.142369278770427779e-06
-9.212550345826444413e-06
-7.566072342665345345e-06
-5.045217096170403299e-06
-1.763277139813864720e-06
1.283755108436200466e-06
3.975455639924003685e-06
5.405229547454583173e-06
5.678372780111510687e-06
4.175231049413999780e-06
1.372282257769207016e-06
-2.986543510697252728e-06
-8.050646128137088986e-06
-1.378645784174713125e-05
-1.911023316847992426e-05
-2.389642139769079945e-05
-2.706066238273941579e-05
-2.863413822900587891e-05
-2.776973792867514689e-05
-2.486301652909329215e-05
-1.945729049759173105e-05
-1.239930834797011861e-05
-3.629368326223905129e-06
5.626461034237600514e-06
1.518076949239642441e-05
2.363906496143171980e-05
3.082556577920719332e-05
3.545597823684216261e-05
3.764516547906832404e-05
3.646736563697438720e-05
3.252881713096233133e-05
2.538999045023787468e-05
1.619703208709289508e-05
4.952878176315224236e-06
-6.782878711352660747e-06
-1.877240574849954968e-05
-2.930600709979949142e-05
-3.821696177132948957e-05
-4.395872182233504595e-05
-4.673957572734052445e-05
-4.543394203446849506e-05
-4.082621695142434645e-05
-3.232666244973306431e-05
-2.132762432630774495e-05
-7.707203434428966333e-06
6.681498232168140957e-06
2.172284097272136858e-05
3.537992194540326153e-05
4.761908723330923911e-05
5.653533472581061335e-05
6.248527796074476227e-05
6.394840537500745190e-05
6.187487863972477686e-05
5.523942781231423792e-05
4.562765162078386341e-05
3.244750467278149355e-05
1.779845923678735595e-05
1.311644441044751107e-06
-1.463417714768125145e-05
-3.047400772260886487e-05
-4.381435418332061603e-05
-5.543828707053935061e-05
-6.314585171025757088e-05
-6.826841462897266684e-05
-6.888935994243672041e-05
-6.696762764109713312e-05
-6.081873568797010397e-05
-5.299241822114622173e-05
-4.186171302469051737e-05
-3.045845468905390699e-05
-1.695962909622700726e-05
-4.767024255547961551e-06
8.422547000049144495e-06
1.887724167837248704e-05
2.966985845095627240e-05
3.662986646342147656e-05
4.392332450730251204e-05
4.658298680306602102e-05
5.037134876719672551e-05
4.867188364827433936e-05
5.004762535339140207e-05
4.381179907641192991e-05
4.636986335199907305e-05
-1.714645679230308791e-05
6.051819611563365327e-06
-3.702738703384056658e-08
2.655837744235179293e-06
-2.423317684496916789e-07
9.953489918448083956e-07
-9.691715401899781248e-07
-1.518077992498044064e-07
-1.546655952730922135e-06
-8.247232657346043859e-07
-1.791733804931458149e-06
-1.064887209172249274e-06
-1.728868547338592969e-06
-1.012247381887537484e-06
-1.509403267242514846e-06
-8.700740527470990898e-07
-1.325808578676339994e-06
-8.273806424962424982e-07
-1.321537210061103532e-06
-9.814870811382803343e-07
-1.523933476321638763e-06
-1.294772542328653233e-06
-1.825389970056801989e-06
-1.605737521682716375e-06
-2.021938485419683036e-06
-1.693440540430662522e-06
-1.896604138808034232e-06
-1.372519012670298597e-06
-1.315976296971942109e-06
-5.816829702175008342e-07
-3.006464499015807757e-07
5.717933433394885458e-07
9.622359550363150124e-07
1.833953028877027449e-06
2.174547225309992240e-06
2.888829277060234616e-06
3.033186247886311357e-06
3.475140709571239608e-06
3.345250921909769846e-06
3.487114600807367300e-06
3.102608218616973407e-06
3.013023293962511382e-06
2.478091136855912892e-06
2.287033979322452731e-06
1.735942134344438461e-06
1.566121772008454997e-06
1.087626380034983470e-06
9.807314117938285887e-07
5.554233173049119508e-07
4.296746160726545400e-07
-8.465178756542211766e-08
-4.159031028769492921e-07
-1.230294562134133033e-06
-1.970766386951173190e-06
-3.249080920689944523e-06
-4.484707091316687849e-06
-6.202763620652577786e-06
-7.770005969674248484e-06
-9.609413342091999814e-06
-1.103050382008156205e-05
-1.236921237159878302e-05
-1.290817187967423789e-05
-1.294701671027146870e-05
-1.180546948702499239e-05
-9.825119529906734550e-06
-6.445211752532436437e-06
-2.133500754680059005e-06
3.477142143950768025e-06
9.732758728944607344e-06
1.677226323218801500e-05
2.374915772605421492e-05
3.060418583945850738e-05
3.636363996967389083e-05
4.087327515331416836e-05
4.316642859984970941e-05
4.315526793542987454e-05
4.005620839072028593e-05
3.402911159260182678e-05
2.464375100902513137e-05
1.245510250289652291e-05
-2.505435742846462080e-06
-1.922875681524735243e-05
-3.722402209802622332e-05
-5.509543760750914215e-05
-7.202928711129086216e-05
-8.644381419089532635e-05
-9.746122935752969381e-05
-1.036161566108745021e-04
-1.042974489136557002e-04
-9.849328157110878907e-05
-8.618201545820097212e-05
-6.708912411146907516e-05
-4.200597222464422432e-05
-1.153653444666170321e-05
2.267147495165377474e-05
5.920343958950423791e-05
9.573876171506227883e-05
1.303510530378018109e-04
1.604505418731689995e-04
1.840915399689310283e-04
1.989703661026275168e-04
2.037098924957762012e-04
1.968755427947158868e-04
1.781985858687720520e-04
1.475691628477468259e-04
1.061614455873530416e-04
5.536980796482418696e-05
-2.188466901888714158e-06
-6.380992158737717026e-05
-1.258267566860433301e-04
-1.848068097955185974e-04
-2.367746442792329441e-04
-2.784376353415725152e-04
-3.064553274978865224e-04
-3.186322917340216054e-04
-3.131685729266751308e-04
-2.897518646683823972e-04
-2.487235453274490608e-04
-1.920147396791101527e-04
-1.221849537660186721e-04
-4.317870297949822007e-05
4.076602505626179595e-05
1.245183166842896887e-04
2.032311827636965442e-04
2.718314290815290355e-04
3.261973711081357251e-04
3.626405695908316512e-04
3.789834913321399042e-04
3.739347851227666332e-04
3.479817497145627574e-04
3.025931490570529770e-04
2.408884020745703358e-04
1.666604562860252734e-04
8.484864205661681480e-05
4.400615317058938915e-07
-8.116598318769691945e-05
-1.552690609514360170e-04
-2.174887505580735394e-04
-2.647642986699191609e-04
-2.948471291800622003e-04
-3.070981163041500736e-04
-3.017918780088600997e-04
-2.806914083441983121e-04
-2.461835546157737416e-04
-2.016876965283343945e-04
-1.507061363686477279e-04
-9.716758399396721189e-05
-4.449753181785917106e-05
4.002203155347264974e-06
4.597465735897681295e-05
7.952147265323608908e-05
1.038685404295369800e-04
1.187505027245157026e-04
1.249242560442426100e-04
1.234508142529623838e-04
1.161041128624957825e-04
1.046117168702749659e-04
9.102852280309822698e-05
7.700586373254173270e-05
6.419446018671803942e-05
5.359491401566503655e-05
4.602869248432247531e-05
4.159158320206218649e-05
4.019812462809753216e-05
4.112809507614947809e-05
4.362278811916121064e-05
4.649349366466658311e-05
4.873308757483857807e-05
4.914647975857164215e-05
4.693765133646405382e-05
4.132428257356074116e-05
3.206798417258322203e-05
1.904801604780803203e-05
2.719386892034762711e-06
-1.635990046372400855e-05
-3.713832148649324512e-05
-5.857736936023563940e-05
-7.930886211350437153e-05
-9.815115945731681948e-05
-1.137870773483675791e-04
-1.252620004179497539e-04
-1.316552585317669300e-04
-1.325359040921157108e-04
-1.276069323234083064e-04
-1.171034982916028242e-04
-1.014006424791131220e-04
-8.135192876758965200e-05
-5.786573854641048620e-05
-3.219680289371668221e-05
-5.509621639284962194e-06
2.085330010715479311e-05
4.579450153796013135e-05
6.818985968712532779e-05
8.727432076234834175e-05
1.023477123821668074e-04
1.131109202538433224e-04
1.193441825083372881e-04
1.211966892933485240e-04
1.188473462282006325e-04
1.127635434639295435e-04
1.033630192412749344e-04
9.126122634678432552e-05
7.695189018945616788e-05
6.105739551023360839e-05
4.403783735178681829e-05
2.644950521296602968e-05
8.682211034443718705e-06
-8.779033958947433326e-06
-2.559740844715532187e-05
-4.133056791315797363e-05
-5.566659390804233246e-05
-6.818869168447229010e-05
-7.861159988704881851e-05
-8.656871921083387524e-05
-9.184898954785323708e-05
-9.420223653416263509e-05
-9.356898355218488299e-05
-8.989399679124507304e-05
-8.333823126817332049e-05
-7.409014433758472128e-05
-6.255125363000685335e-05
-4.913947613837253594e-05
-3.444643634674840840e-05
-1.903489136177721622e-05
-3.573630175776085314e-06
1.136239878431007386e-05
2.516895101526671352e-05
3.739825870244414786e-05
4.763634545799406853e-05
5.566462174175762078e-05
6.132945792892518892e-05
6.467412313620496563e-05
6.579807440952721456e-05
6.496006208610486765e-05
6.243126459182863003e-05
5.857699248121362362e-05
5.371374015361322289e-05
4.818149320344191174e-05
4.221736356001911159e-05
3.603069356140940689e-05
2.970368221942293866e-05
2.327707310689449468e-05
1.668209348320844220e-05
9.837152837162966955e-06
2.607160293599203453e-06
-5.097069840089801317e-06
-1.334451337642909346e-05
-2.209716741841789316e-05
-3.123744772322412886e-05
-4.051000303467853001e-05
-4.956414349241913407e-05
-5.793328382549391240e-05
-6.509602675710136465e-05
-7.049067933288346893e-05
-7.358625610342854043e-05
-7.391785038292795150e-05
-7.114929972930029111e-05
-6.510895710059220836e-05
-5.582352964136414321e-05
-4.353596221845972496e-05
-2.869649361473008856e-05
-1.195467255220073880e-05
5.893565788098530876e-06
2.393425466326807501e-05
4.122089301204767946e-05
5.680710736333539879e-05
6.984569186665517341e-05
7.960538444766731224e-05
8.556395765423709988e-05
8.739200366229666847e-05
8.502686928305262651e-05
7.861506026461209944e-05
6.856388862893893427e-05
5.544435509124235944e-05
4.002676039262422484e-05
2.315367988803555994e-05
5.771515044663058738e-06
-1.121333148030430476e-05
-2.689369554241838073e-05
-4.050979754395137359e-05
-5.138802777551051905e-05
-5.908378792955436249e-05
-6.329179610831283222e-05
-6.397737148658949699e-05
-6.125368593652135980e-05
-5.549881315530837676e-05
-4.719914779242828597e-05
-3.705367810173626719e-05
-2.578726051719504482e-05
-1.424830003623585309e-05
-3.200462930735243756e-06
6.575061823208565827e-06
1.449600535598724130e-05
2.005689941741254579e-05
2.303778777455486821e-05
2.334700590262952236e-05
2.120933912032678699e-05
1.696449892820213031e-05
1.123049279231134770e-05
4.658997297441541789e-06
-1.918977432559833771e-06
-7.768378665359631586e-06
-1.210487672881698636e-05
-1.438024760981369986e-05
-1.411511292871898450e-05
-1.117228198780959721e-05
-5.547352889977303356e-06
2.385984803864606062e-06
1.213821972097298808e-05
2.289086481430379697e-05
3.380880993250342875e-05
4.384928662749192318e-05
5.210801105340610487e-05
5.762864081142965396e-05
5.975782809698895428e-05
5.792869876810567969e-05
5.199929929427623323e-05
4.198733656513274772e-05
2.837440856185354473e-05
1.178079471430786093e-05
-6.767858667093224575e-06
-2.622114525829301584e-05
-4.526214354694633747e-05
-6.272409114257100691e-05
-7.734869396804366665e-05
-8.821111801477189110e-05
-9.444975645373800393e-05
-9.567303260062188564e-05
-9.163795139113849533e-05
-8.262214365003679446e-05
-6.904145672085440564e-05
-5.178544027989771077e-05
-3.177956095636361010e-05
-1.029703335011578168e-05
1.151576782624583765e-05
3.232784554682419158e-05
5.110944876020197378e-05
6.679479162545294492e-05
7.875513683737795007e-05
8.641508423917323230e-05
8.969787615613939878e-05
8.858629411853849282e-05
8.353845467145757341e-05
7.499816533617663697e-05
6.379282897545390286e-05
5.060990134842107443e-05
3.639772528661633941e-05
2.183043434234355453e-05
7.734255487668380781e-06
-5.439199717314246768e-06
-1.714485511188234518e-05
-2.725201269757626270e-05
-3.552984621333804040e-05
-4.213851872912452348e-05
-4.707584592333440417e-05
-5.066464586727649852e-05
-5.297670801302756905e-05
-5.433502783858718975e-05
-5.473356687475033954e-05
-5.437179725870048956e-05
-5.308390185814565140e-05
-5.091498231759463122e-05
-4.756268833700861757e-05
-4.299232242097164635e-05
-3.688166126243148441e-05
-2.926135351651150483e-05
-1.994540294695803997e-05
-9.178385399665115840e-06
2.966962129306652483e-06
1.595123897451957253e-05
2.941576876866355784e-05
4.255904667949888620e-05
5.483009857547175501e-05
6.531422491156116861e-05
7.346172600752286501e-05
7.846692763047338857e-05
8.001357695781978485e-05
7.762609136170924593e-05
7.141155387191934164e-05
6.136454159852816864e-05
4.809172803490091748e-05
3.206075720218605176e-05
1.430482969323784755e-05
-4.381331760221635379e-06
-2.274668885658784220e-05
-3.992582809841247528e-05
-5.473371630920266675e-05
-6.652357830343285088e-05
-7.444767664857622762e-05
-7.830992780188657330e-05
-7.777378224285516910e-05
-7.319643243319634270e-05
-6.477550887709415195e-05
-5.336411315718660956e-05
-3.956103250999961198e-05
-2.451845314313025581e-05
-8.991500648580625873e-06
5.840705698605589553e-06
1.934473072592848619e-05
3.057570376054010998e-05
3.924661142195657915e-05
4.481779412689556436e-05
4.745474274906645801e-05
4.705749510924748483e-05
4.420770048920466501e-05
3.914315057452314063e-05
3.270605778099280127e-05
2.527733355181417194e-05
1.774501401899140565e-05
1.041672065860503639e-05
4.027652159243042751e-06
-1.353380527780813412e-06
-5.263015282486495496e-06
-7.936924529909391215e-06
-9.192564045642872381e-06
-9.526132244767457395e-06
-8.945410210608104775e-06
-8.082133227745867167e-06
-6.987238399999151436e-06
-6.274140611344360217e-06
-5.889411557801815989e-06
-6.300930796936631673e-06
-7.253370808497823146e-06
-9.010100712017261231e-06
-1.109637349512145125e-05
-1.359673963694809666e-05
-1.588125701386884544e-05
-1.795310786552676487e-05
-1.914689159051049638e-05
-1.951666733874006513e-05
-1.849271714939469051e-05
-1.629991838631756365e-05
-1.256085853322497250e-05
-7.737975015681914851e-06
-1.675668847728208699e-06
4.934304355289936990e-06
1.207285541183371356e-05
1.889905833887352675e-05
2.532797559003189606e-05
3.049642204095940145e-05
3.439118213217520314e-05
3.626249735765535123e-05
3.629519365856803372e-05
3.395825036899296925e-05
2.971388651711170874e-05
2.329472581574777601e-05
1.545034644804792941e-05
6.148079193113870732e-06
-3.638217716225217223e-06
-1.380308726668527020e-05
-2.326896214371557503e-05
-3.193274125303488981e-05
-3.876083243018143453e-05
-4.380178552171953919e-05
-4.620300134572241380e-05
-4.628460383324134220e-05
-4.346514709459229617e-05
-3.839529077364241532e-05
-3.078334685320647542e-05
-2.159259520371647575e-05
-1.076205814601712982e-05
5.230090937662205660e-07
1.221563597677188211e-05
2.304911004052119896e-05
3.302472880562559157e-05
4.094869911890234524e-05
4.702074311740342134e-05
5.024762915945906415e-05
5.113301829042734583e-05
4.895150529930166096e-05
4.454591639865028354e-05
3.744990975350832613e-05
2.880615372988620714e-05
1.832942401191459247e-05
7.365474353181915220e-06
-4.311824242397684942e-06
-1.527692240403277738e-05
-2.582959853697913428e-05
-3.458108049726536765e-05
-4.201832674538307280e-05
-4.687399315971790776e-05
-4.989791352428634113e-05
-4.998449631864705710e-05
-4.817879639383237608e-05
-4.353257931289676911e-05
-3.737985448859940059e-05
-2.888767313942855935e-05
-1.964371906472181625e-05
-8.859726944221538473e-06
1.676993243673919472e-06
1.280091687252498501e-05
2.258858366110736815e-05
3.202525956556097255e-05
3.911527509853451569e-05
4.510693889933583992e-05
4.798575516112396329e-05
4.937533073121069555e-05
4.726893292844010295e-05
4.376755007014506240e-05
3.684950585006553577e-05
2.917636730716393557e-05
1.861281437173336245e-05
8.447828054519543908e-06
-3.772119360615891830e-06
-1.405052938011616024e-05
-2.551229841985721425e-05
-3.327140160175143409e-05
-4.172928515410478955e-05
-4.457664225269976165e-05
-4.874004600218051020e-05
-4.462017066748885207e-05
-4.614988921124961045e-05
5.711666078260947671e-05
-1.428256965180347214e-05
3.557641528746988949e-06
-6.743914313556710357e-06
1.013076376038117911e-06
-4.404353705678238566e-06
7.906011189230621261e-07
-2.691194153005850910e-06
1.349535555533695841e-06
-1.109030529443369217e-06
2.235702676821159487e-06
3.564812246730695517e-07
3.175327368188311598e-06
1.605142013511303744e-06
3.962707229314082410e-06
2.524495832110323343e-06
4.452460516901459539e-06
3.035815585477327532e-06
4.565747216838574831e-06
3.113489982547054326e-06
4.289006519140307165e-06
2.784589655150128379e-06
3.660979896835964870e-06
2.114302026733977942e-06
2.751616461916392603e-06
1.185158185876358009e-06
1.640305552854992953e-06
7.889676532337771359e-08
4.012016339792960968e-07
-1.132008219436752404e-06
-8.995046999168103834e-07
-2.380484645331181842e-06
-2.194561231804249099e-06
-3.591530754655526218e-06
-3.400405844228804463e-06
-4.667022836728037307e-06
-4.404798832639608714e-06
-5.478327366098103444e-06
-5.066656118088064720e-06
-5.874663758955508100e-06
-5.233772254429067204e-06
-5.709865103772359687e-06
-4.777540323271757231e-06
-4.882870924401524386e-06
-3.636368492364522831e-06
-3.380487169854811263e-06
-1.853986153706929266e-06
-1.307353746565136041e-06
4.023697440180762061e-07
1.110450920982308605e-06
2.854649656998418360e-06
3.554912630576104289e-06
5.159360689653527545e-06
5.674990643282882667e-06
6.976336181472717524e-06
7.160519471156371068e-06
8.042289086754287570e-06
7.809680531281086775e-06
8.226674134899177911e-06
7.568491799963993843e-06
7.551253097271122146e-06
6.528540237827469450e-06
6.165971403439267525e-06
4.882999304501019670e-06
4.289031127670994809e-06
2.856341043162071275e-06
2.133025779694836132e-06
6.342957923567466571e-07
-1.539698567145123418e-07
-1.677445072762622772e-06
-2.507146157629832666e-06
-4.046626729949332728e-06
-4.912796166958706262e-06
-6.459283034424547532e-06
-7.335494989963869113e-06
-8.836947371006072420e-06
-9.634836793707376288e-06
-1.096335399657989095e-05
-1.151248150015152881e-05
-1.246106093746822126e-05
-1.252537444471323352e-05
-1.284513633123254085e-05
-1.217992244429879653e-05
-1.165362028478954398e-05
-1.009032899349465984e-05
-8.621546514280537649e-06
-6.153198447123548007e-06
-3.839327352764915576e-06
-6.727067726312699750e-07
2.170823817129593429e-06
5.624132281753767598e-06
8.508561673401003541e-06
1.171203354802002808e-05
1.408629666158221210e-05
1.651338512025792870e-05
1.791273522688191305e-05
1.919685978339845560e-05
1.938070404149550024e-05
1.942746078744837104e-05
1.845380010085035435e-05
1.746812408020028665e-05
1.566769497307601974e-05
1.407390606106993095e-05
1.192021441297567692e-05
1.019135729665821368e-05
8.103418069226032860e-06
6.555344164930317732e-06
4.703484642466146721e-06
3.333450336278164544e-06
1.530476039933496385e-06
-2.267544335039422875e-08
-2.281075702728854713e-06
-4.611886507843961733e-06
-7.940986451101503295e-06
-1.160191394359489168e-05
-1.640298466258522604e-05
-2.155667040959929309e-05
-2.767829558676836440e-05
-3.380234206558816818e-05
-4.032275217260456737e-05
-4.610022194829009178e-05
-5.134996576883529813e-05
-5.483883381011350966e-05
-5.672004565060074382e-05
-5.581240409531308585e-05
-5.237487213385542641e-05
-4.545443496915935297e-05
-3.558876756390583890e-05
-2.220662329562215378e-05
-6.246124824116043148e-06
1.240664923554617269e-05
3.239223907861335619e-05
5.340904386938848526e-05
7.378133977272435058e-05
9.295914171276880059e-05
1.091707098826753477e-04
1.218804496660578259e-04
1.295087153017944069e-04
1.318304531117342937e-04
1.277407714039730273e-04
1.175752599625616346e-04
1.009010909401575058e-04
7.874406407805171983e-05
5.139190839668966650e-05
2.052210527932468782e-05
-1.298520010107963215e-05
-4.701296309105663555e-05
-8.037543011985810802e-05
-1.108606791655604668e-04
-1.373607173978250910e-04
-1.579662107454310601e-04
-1.720339939004405573e-04
-1.783071669097967195e-04
-1.768964754998430947e-04
-1.674034474429866295e-04
-1.507999351617796016e-04
-1.275429710709427252e-04
-9.935016898117137048e-05
-6.731012677716404781e-05
-3.356716410192839506e-05
5.534328311645241318e-07
3.292402243159991781e-05
6.244402197259563202e-05
8.744717425483789961e-05
1.074522873253533567e-04
1.215668263189557187e-04
1.301332179651492618e-04
1.331091182775800746e-04
1.316005539082772645e-04
1.262196401797892581e-04
1.185180649179862623e-04
1.093454761667525435e-04
1.002174893490458829e-04
9.171507384424087419e-05
8.483294824464720834e-05
7.946526235401532882e-05
7.577750502039418622e-05
7.281313265728014874e-05
6.991381778279896384e-05
6.545688383286672122e-05
5.831907772188656602e-05
4.672255792864078505e-05
2.970538459991700205e-05
6.024898759494393606e-06
-2.442499019509230122e-05
-6.171895898567153406e-05
-1.046006927609460693e-04
-1.516556835853842588e-04
-2.001755319258646565e-04
-2.474283860499644602e-04
-2.896953259355410592e-04
-3.236243198035809190e-04
-3.454002215876917649e-04
-3.521228159149377324e-04
-3.410321854925763333e-04
-3.108209277902573907e-04
-2.608187563275849883e-04
-1.921459366761953580e-04
-1.067740119712243637e-04
-8.456304237691517542e-06
9.837534312420314220e-05
2.079129979223419942e-04
3.142187708213759726e-04
4.107069478892758541e-04
4.914519425851107204e-04
5.507455730238683183e-04
5.843477350944858593e-04
5.889932780727924434e-04
5.634646727358558031e-04
5.079414423042830778e-04
4.248115673842681314e-04
3.178100857717019371e-04
1.925515063607020460e-04
5.547633981748334512e-05
-8.584040262822834272e-05
-2.238484707736527969e-04
-3.508260774135903409e-04
-4.600174327531991172e-04
-5.454143602926985954e-04
-6.027423158823690596e-04
-6.291038036548875353e-04
-6.237200382628917952e-04
-5.873723569764170271e-04
-5.228693807038968175e-04
-4.342903607682848657e-04
-3.272154261348858453e-04
-2.078379386142878242e-04
-8.304941042205235221e-05
4.047111445616080269e-05
1.562008388098626896e-04
2.585911110985344703e-04
3.429333010093604675e-04
4.059948471293780008e-04
4.457409874684446034e-04
4.617497216055973922e-04
4.547777810472349849e-04
4.269700482425774538e-04
3.813091674494868168e-04
3.216785976242407768e-04
2.522686985051150678e-04
1.775742600784747927e-04
1.018395167527629745e-04
2.906879969870176998e-05
-3.742033815687191345e-05
-9.491760007716902548e-05
-1.416196513659310824e-04
-1.764605454392230584e-04
-1.992613674236058381e-04
-2.104846340281244757e-04
-2.112627891101826448e-04
-2.031170066212859037e-04
-1.879129460385523594e-04
-1.675960624917355269e-04
-1.441263957116062052e-04
-1.192777588400516578e-04
-9.459131198178546073e-05
-7.126820149543484873e-05
-5.015996648219570546e-05
-3.176063964243443141e-05
-1.622848606668066360e-05
-3.461902780393335601e-06
6.871134562248878573e-06
1.520220174773874867e-05
2.205644989951577119e-05
2.789746611347078550e-05
3.317236038175805932e-05
3.815439840865161766e-05
4.305419486982077167e-05
4.786738979448247947e-05
5.255166775872050281e-05
5.687223581502404292e-05
6.063197922026637184e-05
6.349810555441122082e-05
6.526700307259969392e-05
6.565368406305616242e-05
6.457538670180482533e-05
6.189167882975368741e-05
5.769973627377916590e-05
5.202296111809107001e-05
4.512062093178561824e-05
3.713133087255000126e-05
2.840632996477875880e-05
1.911832138505276544e-05
9.629186019723620524e-06
7.364303274684873908e-08
-9.231078816014429879e-06
-1.822245200800504662e-05
-2.663977528046907202e-05
-3.448445405463891643e-05
-4.152848260902513704e-05
-4.780445424407631842e-05
-5.308259811599011019e-05
-5.739774234663344370e-05
-6.050039417912724584e-05
-6.242417121333758575e-05
-6.291137487817263394e-05
-6.201910379783579516e-05
-5.951526458735413729e-05
-5.551873293663723739e-05
-4.986069232920930247e-05
-4.275467741155912927e-05
-3.411969161831352620e-05
-2.427842351595605984e-05
-1.324170940686315899e-05
-1.436605148603167053e-06
1.104548550814706430e-05
2.368790722002838848e-05
3.633508766325490723e-05
4.839754993901172585e-05
5.967334235749301836e-05
6.952058291081980406e-05
7.771754472334138620e-05
8.360665383887658079e-05
8.699776385163889003e-05
8.728658121182564721e-05
8.440271136892777608e-05
7.790073331751487561e-05
6.794864580548987587e-05
5.438324162188083949e-05
3.772821133922512065e-05
1.820019314181722865e-05
-3.257339779635090179e-06
-2.603129377570615960e-05
-4.880019952556008254e-05
-7.066239648091703551e-05
-9.009406923768730152e-05
-1.061445956742039108e-04
-1.173802204503112626e-04
-1.231299801436345554e-04
-1.223923129478305218e-04
-1.151058147391983109e-04
-1.009902069357545364e-04
-8.081450828772372133e-05
-5.514682074674929460e-05
-2.560061712511040177e-05
6.519116485210484676e-06
3.899334813167046137e-05
7.013866849385507786e-05
9.758887388072089381e-05
1.198118206523615859e-04
1.348573623769661078e-04
1.418994203359493606e-04
1.399053524469021309e-04
1.291611755047205711e-04
1.098246001792436088e-04
8.340564374671742326e-05
5.118613336545594771e-05
1.565352992092793332e-05
-2.120168119035565428e-05
-5.647178713936565261e-05
-8.811791382355072162e-05
-1.135256606045118293e-04
-1.313202143995946319e-04
-1.398345732878706834e-04
-1.389011444165059387e-04
-1.281864782541759762e-04
-1.089266567043951076e-04
-8.210935041457822299e-05
-5.015214596511820370e-05
-1.494673232236772719e-05
2.048735619452217617e-05
5.405199257315075433e-05
8.288533188478957865e-05
1.054449784850540651e-04
1.197301269298470250e-04
1.253440434978758179e-04
1.215765163660872071e-04
1.094135242761144018e-04
8.946147037819249465e-05
6.390434419230583149e-05
3.428512934637900671e-05
3.443664960353078597e-06
-2.680046537522185970e-05
-5.367355905198532075e-05
-7.580498820176967596e-05
-9.115600086209815940e-05
-9.936444184727588212e-05
-9.953199873522884319e-05
-9.252782235661697002e-05
-7.861917607599825113e-05
-5.973827342436308958e-05
-3.697443453520214782e-05
-1.283915484914454093e-05
1.133688476371106948e-05
3.308768922698791793e-05
5.145797090695056604e-05
6.458363000189726387e-05
7.233840131031410610e-05
7.377609605079979373e-05
6.975909874086672752e-05
6.025464660316526001e-05
4.695484307067544392e-05
3.044620079493526085e-05
1.285425038618215287e-05
-5.076859091748871554e-06
-2.127131204957312868e-05
-3.529209255100302159e-05
-4.551969765456870037e-05
-5.214364417200038085e-05
-5.420923358214021126e-05
-5.262112418842598485e-05
-4.705596063544960784e-05
-3.899039896619058083e-05
-2.849638557008856194e-05
-1.732164790386942269e-05
-5.595163272334940531e-06
5.006042136880940918e-06
1.461344335500412967e-05
2.188468825612958804e-05
2.740391532276976300e-05
3.026762314410281603e-05
3.152627161964136624e-05
3.063875795625354068e-05
2.896967259082025453e-05
2.612762598544214450e-05
2.354459652597384718e-05
2.072081534975230203e-05
1.891568140944382812e-05
1.731971922463814681e-05
1.688035797469018151e-05
1.641115550643771937e-05
1.656301164669290828e-05
1.586579913604171471e-05
1.484038345430525516e-05
1.195280554396533172e-05
7.850068966748330630e-06
1.197275074876885098e-06
-6.984897914577145044e-06
-1.763073132771147576e-05
-2.920803562515791285e-05
-4.219882922026203348e-05
-5.459889191144078237e-05
-6.657591953834891255e-05
-7.587729746987589927e-05
-8.265594645005832730e-05
-8.475705376339471187e-05
-8.268927663230237249e-05
-7.475200704335357657e-05
-6.212648912646014077e-05
-4.380647686640203183e-05
-2.179169225352149260e-05
4.203318763201436757e-06
3.145343945012915051e-05
5.974190132825616084e-05
8.594057823314153776e-05
1.097431629814088553e-04
1.280816204160213959e-04
1.410479384146636774e-04
1.460986727724401032e-04
1.441393444295615287e-04
1.334730178015021895e-04
1.160330974448365069e-04
9.104626370918187381e-05
6.141955336427442215e-05
2.710760912924163802e-05
-8.317678609028545661e-06
-4.458742309250484319e-05
-7.793719820450854721e-05
-1.082961587061211155e-04
-1.322050722146326151e-04
-1.502570718125536197e-04
-1.596811137176380670e-04
-1.620295345079123808e-04
-1.553876121585684596e-04
-1.423222388484478122e-04
-1.216935706227296522e-04
-9.689983920443350602e-05
-6.728054540756978118e-05
-3.671006971663173845e-05
-4.589345416256608465e-06
2.514801996946476565e-05
5.346046559267278697e-05
7.671365362585079993e-05
9.653812685758481039e-05
1.098040811614337420e-04
1.189475302612689333e-04
1.213508267439660881e-04
1.201958385121909122e-04
1.132031523401705959e-04
1.040935645030116174e-04
9.063977941813209694e-05
7.683660161535395066e-05
6.020960106633149880e-05
4.480730462498501996e-05
2.768901262643838634e-05
1.286026688974132746e-05
-3.171733200889265799e-06
-1.638906834332903118e-05
-3.079315653465919861e-05
-4.217425362114132043e-05
-5.492697616102073166e-05
-6.441666232236325574e-05
-7.533260416297190578e-05
-8.241154903108740615e-05
-9.064355789102109245e-05
-9.402299474940546231e-05
-9.800733391039614429e-05
-9.583341186215653732e-05
-9.376011176467838727e-05
-8.429289611418765409e-05
-7.495668609920605918e-05
-5.747319796412571363e-05
-4.118289400622098803e-05
-1.672257570011380156e-05
4.105163652735964019e-06
3.253240214574998167e-05
5.335501365286791220e-05
8.137668863238551849e-05
9.602138540546677160e-05
1.196573542069406164e-04
1.201363427066199486e-04
1.423109486299425951e-04
