-7.237687401959887914e-06
-1.516829875102009196e-05
-1.258571427472867571e-05
-1.281789572678757682e-05
-1.068796738812807208e-05
-9.607065920049922357e-06
-6.888655725678179485e-06
-4.636766745442279292e-06
-1.037486905249262583e-06
2.342461941047827635e-06
6.823562389935577564e-06
1.109742283834621613e-05
1.613798362326308240e-05
2.076620670958841854e-05
2.569538607159965068e-05
2.982617310358598876e-05
3.369117321298923290e-05
3.627772155136140344e-05
3.802974021291823375e-05
3.806786675662841152e-05
3.684786046347509090e-05
3.368678791340088080e-05
2.914255984376193197e-05
2.277871163368899637e-05
1.530913940851947293e-05
6.551163903755296827e-06
-2.631313960219990484e-06
-1.222220495268581359e-05
-2.128255784903351121e-05
-2.971484544329319735e-05
-3.663588658038397465e-05
-4.202202469204937478e-05
-4.519608847090878661e-05
-4.635648616448560328e-05
-4.514994219887030633e-05
-4.208462338837218536e-05
-3.716557854646616063e-05
-3.119478560003682578e-05
-2.445561093948666202e-05
-1.791008003536708666e-05
-1.193065114520538780e-05
-7.414317206318755701e-06
-4.571366880833262841e-06
-3.983296280112133291e-06
-5.465228887519500621e-06
-9.096349815450853211e-06
-1.417227736419780451e-05
-2.023064572828756321e-05
-2.610106782066262923e-05
-3.093499601305110076e-05
-3.334592661916429944e-05
-3.243504596624596353e-05
-2.699754835196832385e-05
-1.651922544372316732e-05
-4.121123183058246272e-07
2.105204761170152900e-05
4.751682966235046230e-05
7.770274244097155820e-05
1.102239961985654034e-04
1.428628849917878627e-04
1.734395096853625230e-04
1.991935129629290662e-04
2.176924006810666563e-04
2.262900436334572567e-04
2.230357538726877268e-04
2.061599958828140154e-04
1.749329878830302735e-04
1.291221025119656195e-04
6.975010733049282917e-05
-1.521965535595085345e-06
-8.177063545946603774e-05
-1.675255717246330151e-04
-2.542870499468104272e-04
-3.373358594045644619e-04
-4.113730529545628605e-04
-4.713956752148081605e-04
-5.124183175729882505e-04
-5.303667543474138496e-04
-5.218221588456162588e-04
-4.848668577681604580e-04
-4.187773646306554819e-04
-3.247465308271756156e-04
-2.054475146489265973e-04
-6.555977677149998667e-05
8.886024850281191501e-05
2.500957982761417868e-04
4.096176755094222484e-04
5.580384738225327088e-04
6.861407973004106028e-04
7.849922851729517490e-04
8.470415527352294230e-04
8.662466329138092391e-04
8.390663780232152352e-04
7.644153275131247531e-04
6.443665347325100651e-04
4.837666464904201197e-04
2.905204134361148282e-04
7.478585719796429921e-05
-1.511760936405609533e-04
-3.741738074073635125e-04
-5.805453085891104474e-04
-7.575070741718208491e-04
-8.936778487951174731e-04
-9.803220187326350688e-04
-1.011641534649698401e-03
-9.856324646883610988e-04
-9.039018012675976597e-04
-7.719577450229040284e-04
-5.984553180100797651e-04
-3.949238624346121016e-04
-1.745486799265418367e-04
4.845846069976710198e-05
2.602568585764612253e-04
4.480280373889993406e-04
6.012054974751775355e-04
7.118253034803525246e-04
7.753209689903145518e-04
7.903801166861309504e-04
7.591976156451674161e-04
6.868217725902623846e-04
5.809380193051579769e-04
4.508536917519749034e-04
3.070198413935806858e-04
1.598978150423873313e-04
1.947876608012725098e-05
-1.057117478428459768e-04
-2.088616805085324369e-04
-2.855347413934061340e-04
-3.335449746487368977e-04
-3.532113772890058947e-04
-3.468531998478676867e-04
-3.186958892570281184e-04
-2.741022913143830700e-04
-2.192892585554860835e-04
-1.604803313547777447e-04
-1.036290923447920033e-04
-5.368425995521402828e-05
-1.449043699381944174e-05
1.169874266899772486e-05
2.405102136388088323e-05
2.335185745546271242e-05
1.157117717007988309e-05
-8.180212253397058049e-06
-3.225727340837148365e-05
-5.664289952285368892e-05
-7.758746189636029928e-05
-9.174186907667392229e-05
-9.668889112359777091e-05
-9.092458702309670258e-05
-7.418817747706078661e-05
-4.723501802836012011e-05
-1.194885259451463334e-05
2.907069959513938911e-05
7.255577962006746378e-05
1.150835857106192697e-04
1.531808231977656711e-04
1.838263726675309201e-04
2.045026848538614888e-04
2.135899854355701442e-04
2.102865119082435901e-04
1.948414883783879830e-04
1.683187267629327496e-04
1.326703708447391286e-04
9.037163814397225459e-05
4.438679951968624028e-05
-2.255457243792813792e-06
-4.652369867324227551e-05
-8.578470421850999377e-05
-1.178134859460587747e-04
-1.411025332792343484e-04
-1.547688978909923579e-04
-1.587406716081456040e-04
-1.535504898677154755e-04
-1.404075472163951075e-04
-1.209022833532750227e-04
-9.700367587743053983e-05
-7.072718217476214853e-05
-4.411783306826504484e-05
-1.894419735076282744e-05
3.274272828527000016e-06
2.149933179841925047e-05
3.506887357331770464e-05
4.383858698078201010e-05
4.799975173805086262e-05
4.814685094181170023e-05
4.504711373647586235e-05
3.967127246861539870e-05
3.295577181352456897e-05
2.583818731448289660e-05
1.905091401669198613e-05
1.319399848104213577e-05
8.583803895158554538e-06
5.376080445323820883e-06
3.470967372700397681e-06
2.676506865270542257e-06
2.649936325471091966e-06
3.073952583092650336e-06
3.602575061733025370e-06
4.018768911026349448e-06
4.157468404728618329e-06
4.024381615812772870e-06
3.685084355518668961e-06
3.343880862974216327e-06
3.207021254804662006e-06
3.537237254983652188e-06
4.511809308536269301e-06
6.276156383515882883e-06
8.820012131942935187e-06
1.205085025784287187e-05
1.570403946095978606e-05
1.944518346661889196e-05
2.281505416011330172e-05
2.535362047577847290e-05
2.656641280525588278e-05
2.605331732482431449e-05
2.347752206305083234e-05
1.868010469869458987e-05
1.163432190530110315e-05
2.532184760929546942e-06
-8.285668713880233716e-06
-2.027696146235614534e-05
-3.279365133810612670e-05
-4.505916312704200886e-05
-5.628202688850809709e-05
-6.565114760666103714e-05
-7.245197722249636550e-05
-7.606296369961039201e-05
-7.605731705001710671e-05
-7.218482358422177486e-05
-6.444577238773722147e-05
-5.304800886931595772e-05
-3.844693553143932181e-05
-2.127618671949284135e-05
-2.356752062429213610e-06
1.739186924893975142e-05
3.696407304531578852e-05
5.536550617050571310e-05
7.163423861351849635e-05
8.493236049478809324e-05
9.456106463830447938e-05
1.000321991561527039e-04
1.010643608419846629e-04
9.762388822245654692e-05
8.989490732137829791e-05
7.828714992972150160e-05
6.338227953957648812e-05
4.591570686521934222e-05
2.671023756602092233e-05
6.645346378188611396e-06
-1.340743002593738904e-05
-3.261341084270692894e-05
-5.022425653729579298e-05
-6.559379894645076610e-05
-7.820459790352841695e-05
-8.766724697036962373e-05
-9.372523658083519165e-05
-9.624350003094585509e-05
-9.520103819659689868e-05
-9.067994586890623350e-05
-8.285634461317296646e-05
-7.199764110944948639e-05
-5.845553554921606004e-05
-4.267102034515537530e-05
-2.516524714257470610e-05
-6.545390145561050251e-06
1.251492112226222826e-05
3.127726984905714736e-05
4.897558041706287312e-05
6.482985130533485904e-05
7.810181192434338074e-05
8.811741315760214847e-05
9.433313047703777697e-05
9.635511519409090098e-05
9.400097266625482542e-05
8.729887272568364828e-05
7.652851420272033006e-05
6.218645316571226177e-05
4.499709433772146875e-05
2.584099148183046109e-05
5.739034898281999912e-06
-1.424718889675104220e-05
-3.304401606877068072e-05
-4.967564624690053100e-05
-6.328556565699374001e-05
-7.323604224416839709e-05
-7.910252510548841805e-05
-8.074538268729938449e-05
-7.826378160750843075e-05
-7.203141589224757672e-05
-6.260799530908281094e-05
-5.074403098268849527e-05
-3.726155749885418420e-05
-2.304543113509383305e-05
-8.915229205644234367e-06
4.372402141524255678e-06
1.623610616253966458e-05
2.623444561186316754e-05
3.414584492726974369e-05
3.989087283905870594e-05
4.357908189325962017e-05
4.539683054580015452e-05
4.563637500671863207e-05
4.456982640648941650e-05
4.248383052278640752e-05
3.956300202376819103e-05
3.595120194345130906e-05
3.166091568213780580e-05
2.667145473545897005e-05
2.086706166374384573e-05
1.416658586691366585e-05
6.476572770052298429e-06
-2.168159360424421755e-06
-1.166136405386344146e-05
-2.169976099413580640e-05
-3.187361218896045894e-05
-4.157511420561020679e-05
-5.013509890391747940e-05
-5.676944157093689766e-05
-6.075651190370377151e-05
-6.140636022051342621e-05
-5.825484082347451417e-05
-5.102451690972065244e-05
-3.980042287167581179e-05
-2.494707174629680731e-05
-7.233850494092387246e-06
1.231628294031842052e-05
3.236482505744860756e-05
5.147696371018284915e-05
6.810847379110425588e-05
8.086528089921811695e-05
8.850064883476412459e-05
9.016921336894204544e-05
8.538561780118414921e-05
7.422625039053384519e-05
5.720910590581961675e-05
3.541396010978648884e-05
1.026848480057177175e-05
-1.641126652226886372e-05
-4.270951490864873938e-05
-6.661525464452326651e-05
-8.633878188943184769e-05
-1.003064187939500785e-04
-1.074480081771844937e-04
-1.071283596745675900e-04
-9.936117660662769128e-05
-8.464558619532818612e-05
-6.409055662921207439e-05
-3.915681564603395868e-05
-1.170799998844436865e-05
1.631183108637341674e-05
4.285860215154289708e-05
6.612580041693702970e-05
8.450346415434195580e-05
9.687908126613900583e-05
1.025288080574622969e-04
1.013452007239603610e-04
9.363707413088267779e-05
8.027584429040784985e-05
6.241152299720947362e-05
4.156034223848391936e-05
1.927183830461934785e-05
-2.798698896690589991e-06
-2.322510830943931719e-05
-4.070703639837543143e-05
-5.436605483962244771e-05
-6.357892735753572675e-05
-6.821327569300392711e-05
-6.838735988062548420e-05
-6.464750056704459443e-05
-5.766791431223845755e-05
-4.839379369476472600e-05
-3.771268907734677176e-05
-2.659975087477569090e-05
-1.579814111570874863e-05
-6.001366661773108910e-06
2.429260453773084203e-06
9.226427587620358137e-06
1.445471880670138192e-05
1.821979714655719781e-05
2.087530028819441189e-05
2.270087896847245522e-05
2.410514783226865059e-05
2.530141406725200671e-05
2.653477957852184077e-05
2.777969914688071547e-05
2.900988681146047716e-05
2.992865620164606940e-05
3.028463579969471574e-05
2.962914480927022386e-05
2.766449219739639063e-05
2.400825985804966412e-05
1.854973894735460481e-05
1.119405945649055108e-05
2.200614970387951293e-06
-8.116234246537758595e-06
-1.908407665177321494e-05
-3.002560721626619202e-05
-3.999229629059431964e-05
-4.816392157042021546e-05
-5.360188908628565641e-05
-5.567060896042894482e-05
-5.377993468266804313e-05
-4.779564299149847046e-05
-3.773804305257738942e-05
-2.415248559069192600e-05
-7.741094613079053724e-06
1.031988222105382202e-05
2.881780263299594711e-05
4.622971945790300350e-05
6.120944515464840261e-05
7.232736966656411084e-05
7.857149858495731385e-05
7.906165585450803930e-05
7.352538076978280834e-05
6.194940760110250041e-05
4.499989992034302526e-05
2.358885639358459938e-05
-7.716469049571064109e-07
-2.648636415129683452e-05
-5.157290456919394982e-05
-7.423486686391120022e-05
-9.257027436052979506e-05
-1.051572740700077330e-04
-1.107279316508014399e-04
-1.087222607655022566e-04
-9.888793425414291031e-05
-8.177269169308129992e-05
-5.822933525732318572e-05
-2.983838304979572422e-05
1.678795213780283598e-06
3.409097389623726957e-05
6.530941317166756848e-05
9.303525811652895708e-05
1.154346057210611245e-04
1.307551598684328679e-04
1.379788663798389638e-04
1.363654612151105365e-04
1.260489440892505664e-04
1.074823176815507960e-04
8.196502700034064882e-05
5.098685464811337738e-05
1.669871309194992124e-05
-1.882175090672489709e-05
-5.312161436094450459e-05
-8.414555190114201720e-05
-1.097636566791009613e-04
-1.285383764286784924e-04
-1.391850180547062250e-04
-1.412972809179232540e-04
-1.347111161071394786e-04
-1.201724372278150976e-04
-9.859703799837265528e-05
-7.168780469207723378e-05
-4.110630017839058997e-05
-9.067557122335057762e-06
2.254420916505784576e-05
5.156243710065454538e-05
7.643891955624241945e-05
9.557043320022103744e-05
1.081821593918734135e-04
1.135633176974074136e-04
1.119154486142020626e-04
1.034844451278798280e-04
8.937583575690551249e-05
7.059025148704558454e-05
4.882710795039696525e-05
2.544686242821155147e-05
2.297798296395757094e-06
-1.936359772348471194e-05
-3.798448515096680510e-05
-5.280859325844044724e-05
-6.289551080318193823e-05
-6.821077578557645737e-05
-6.853589750164890756e-05
-6.455700561161354886e-05
-5.666571437919666073e-05
-4.606533739267913680e-05
-3.347683446071459372e-05
-2.029451678016040150e-05
-7.218533390365373381e-06
4.502952297786297283e-06
1.449538125907426790e-05
2.189655911698332823e-05
2.682511431265152617e-05
2.888000736434635058e-05
2.866684099069977834e-05
2.615200884378461135e-05
2.227530716347749686e-05
1.716173538797086248e-05
1.186086874292538066e-05
6.419595793722677291e-06
1.792866732534636228e-06
-2.229674826700883305e-06
-4.899138250926534479e-06
-6.752693487235311194e-06
-7.236661314867775678e-06
-7.173514018307457542e-06
-6.092498463405597218e-06
-4.993164094827816615e-06
-3.328870155747043523e-06
-2.169039916317577916e-06
-7.470554381716016114e-07
-1.603449482173807563e-07
6.692128852498736919e-07
5.530847858931822867e-07
9.301930089090542342e-07
3.392240211225531381e-07
6.667330378337948751e-07
-1.544376570611758390e-07
5.498127444932110583e-07
-6.720513222015809412e-07
1.272152156879564682e-06
5.793020507130857499e-06
2.384098609901733174e-06
-1.223381645141967533e-05
-2.217022311347896179e-05
-3.206854712498266743e-05
-3.773022035979536551e-05
-4.144118511391755379e-05
-4.086644385876249337e-05
-3.790616101404668586e-05
-3.133420195260942250e-05
-2.307564646989400313e-05
-1.264376752339392538e-05
-1.992604227265735805e-06
8.973387178362379540e-06
1.844625506003291478e-05
2.647622390293687643e-05
3.162458655600615913e-05
3.418281759662705744e-05
3.324925984122722907e-05
2.951965542459571712e-05
2.267131324611572257e-05
1.380649560423262533e-05
3.072867055588174885e-06
-8.172354999605770662e-06
-1.954447806299418805e-05
-2.968457381103853271e-05
-3.826128880738338201e-05
-4.418535061070357422e-05
-4.743727880641453984e-05
-4.739636984083591287e-05
-4.449932578169681459e-05
-3.865095423309062667e-05
-3.072534639533604109e-05
-2.104273388694215944e-05
-1.073550472730254138e-05
-2.926105987632611469e-07
9.177319631799479621e-06
1.732017415044215144e-05
2.333919915163149364e-05
2.726961285563458048e-05
2.881414046272842250e-05
2.850525979532970462e-05
2.655266128338825297e-05
2.389412436708485623e-05
2.105270040695961128e-05
1.909507799328863202e-05
1.851553925857630842e-05
2.013629643685546855e-05
2.404867001865135744e-05
3.049688417517790155e-05
3.890896095422853807e-05
4.879967117173992163e-05
5.891206855468767779e-05
6.815662002203102068e-05
7.486148153727500705e-05
7.773799910973964793e-05
7.521065586863565349e-05
6.637271040669318262e-05
5.034485489977617157e-05
2.716859198885833952e-05
-2.864746541091142465e-06
-3.843354756124072992e-05
-7.793251467308325725e-05
-1.188339851202054270e-04
-1.585253040591935313e-04
-1.938038450782021737e-04
-2.217795212009432632e-04
-2.394548754006098584e-04
-2.446298592868643247e-04
-2.354887154798143982e-04
-2.114248085332608379e-04
-1.725499963593171585e-04
-1.203655921359302852e-04
-5.713321641157356067e-05
1.364529122403078029e-05
8.800843649375116593e-05
1.612279684753850184e-04
2.286952942338881271e-04
2.857129842288039581e-04
3.283930075106515634e-04
3.534368947397955956e-04
3.589325144418491036e-04
3.440131732634015655e-04
3.094598727284078718e-04
2.571688866993806968e-04
1.905219302056398382e-04
1.136596275727346146e-04
3.165596303866437261e-05
-5.033196389280369801e-05
-1.269841574607228621e-04
-1.936720230788800191e-04
-2.463447627817446262e-04
-2.822646142736422669e-04
-2.997497801885145208e-04
-2.987050743665754186e-04
-2.801649081666034526e-04
-2.465982845205507822e-04
-2.012651933382369725e-04
-1.483432731273948591e-04
-9.217266993703011099e-05
-3.730244762719223979e-05
1.226519457020559809e-05
5.299318727610595817e-05
8.245668945255602521e-05
9.912992210339366069e-05
1.028509511321490263e-04
9.443054711804790391e-05
7.591884452286628529e-05
5.004860218483371504e-05
2.034323134190057345e-05
-9.542930548367386986e-06
-3.579314753879615660e-05
-5.509817707556041857e-05
-6.460394673956332365e-05
-6.249642702287496571e-05
-4.784021470346582437e-05
-2.100486271396017707e-05
1.665925062796877153e-05
6.258187428900941038e-05
1.134631730055795425e-04
1.651994554312242428e-04
2.134937083682984370e-04
2.538790054579325405e-04
2.823663627415742860e-04
2.954715977284588010e-04
2.908018670881598816e-04
2.669888584113999717e-04
2.241263472644669671e-04
1.635374702258626995e-04
8.801265037368177302e-05
1.385222301026128420e-06
-9.142754854907772023e-05
-1.850090474154853599e-04
-2.735397552214438111e-04
-3.514587362716667038e-04
-4.135950563249776138e-04
-4.557920810523663729e-04
-4.749559702726948124e-04
-4.695312891242662775e-04
-4.393707013701870427e-04
-3.859913880686194733e-04
-3.122278264168995305e-04
-2.222685405738766980e-04
-1.211289790197937381e-04
-1.453832525673466760e-05
9.167422710450077669e-05
1.917337440963661497e-04
2.805047685728206171e-04
3.535745742130716224e-04
4.077112138277820324e-04
4.407985083599730985e-04
4.521159780916276052e-04
4.421008183439249718e-04
4.124502389170066992e-04
3.657351409290824848e-04
3.053733328214305767e-04
2.351629285580132721e-04
1.592073807590306100e-04
8.145396413709201614e-05
5.653750807736429015e-06
-6.502009505645726408e-05
-1.279165020211080607e-04
-1.811670103385671423e-04
-2.235153530526438458e-04
-2.544616284356678590e-04
-2.740029098683738644e-04
-2.827027300232254825e-04
-2.813936948568972348e-04
-2.712268203476545067e-04
-2.533892115344485094e-04
-2.291809332491253021e-04
-1.997852903114565005e-04
-1.663969004857933506e-04
-1.300517548546072934e-04
-9.179747660907442038e-05
-5.256040699634536954e-05
-1.332658516029882303e-05
2.498911586437084977e-05
6.138402535402850849e-05
9.492218782467868568e-05
1.246125936326642847e-04
1.495910828512340637e-04
1.690279247514413089e-04
1.823195933252308660e-04
1.890018998363631657e-04
1.889259022832913469e-04
1.821522274671293746e-04
1.690911055160951131e-04
1.503638521055360438e-04
1.269001392855155703e-04
9.976721020096704709e-05
7.023259266396197540e-05
3.957553139020860274e-05
9.134030356239988707e-06
-1.988025393107972519e-05
-4.632880936450935378e-05
-6.930830948138921345e-05
-8.807621442571657777e-05
-1.021804991095064515e-04
-1.113597638286271409e-04
-1.156404283394103658e-04
-1.152150543489949909e-04
-1.105146110210226436e-04
-1.020746456230612915e-04
-9.059276648183830181e-05
-7.679262029354223112e-05
-6.147607352462855696e-05
-4.539363768088601139e-05
-2.929907740933285185e-05
-1.383234782834780694e-05
4.189758388530312644e-07
1.302109129547744030e-05
2.362332303435419356e-05
3.204243175588554937e-05
3.818244074227926285e-05
4.210256034450952592e-05
4.392888567080658160e-05
4.390867594312493219e-05
4.231819952133171106e-05
3.950835060679609321e-05
3.581335575363328919e-05
3.159269050753789251e-05
2.714639037243387913e-05
2.275938070440583597e-05
1.862873900089225779e-05
1.491434982412368034e-05
1.168022195153391208e-05
8.952004182861647799e-06
6.671824067353298679e-06
4.761631849010791292e-06
3.089709024905941075e-06
1.536445498061780146e-06
-3.286903507671914491e-08
-1.706697157545607869e-06
-3.555487229800197355e-06
-5.581432884626772092e-06
-7.753491163192240682e-06
-9.972769321103660352e-06
-1.211662917268094218e-05
-1.401873820994601058e-05
-1.551837186710935371e-05
-1.644929976056854479e-05
-1.668728988856055544e-05
-1.614036758560059731e-05
-1.478746592200969781e-05
-1.266360549949735224e-05
-9.883710291272338963e-06
-6.617615071551913223e-06
-3.096078392009612405e-06
4.240403549077170256e-07
3.667408465687191827e-06
6.377542072182279448e-06
8.329062632639486566e-06
9.358330612037862710e-06
9.371748889100675993e-06
8.362127990596425595e-06
6.407022146751016995e-06
3.667066942386555501e-06
3.730801778417439244e-07
-3.192503064447369375e-06
-6.716098635171964819e-06
-9.882096945507377013e-06
-1.239276835595093746e-05
-1.399958436603598451e-05
-1.451479240658256736e-05
-1.383788292308376912e-05
-1.195272937689841542e-05
-8.944413325705653220e-06
-4.978798742604077187e-06
-3.086910662744922984e-07
4.762870112912049252e-06
9.883710352244286194e-06
1.470048493100976606e-05
1.886098110483441087e-05
2.206666958055552674e-05
2.406883151100211622e-05
2.471759660853370177e-05
2.394370715435018406e-05
2.179706309677668943e-05
1.840937257258075407e-05
1.402013073287060240e-05
8.920724881476245897e-06
3.470998370662694552e-06
-1.969802061692138926e-06
-7.028676299336852971e-06
-1.139241256638400030e-05
-1.478565769492982344e-05
-1.703912116012424167e-05
-1.805154272409237261e-05
-1.784638471768195159e-05
-1.651420267633411487e-05
-1.425727206557923210e-05
-1.131467513850894195e-05
-7.999601936608529500e-06
-4.613492764927972420e-06
-1.483290578982462685e-06
1.127890838314940024e-06
2.976190026208556041e-06
3.922754191989610092e-06
3.875460038548650856e-06
2.866226646591439134e-06
9.762526957566385496e-07
-1.595536337092284881e-06
-4.622389218024029110e-06
-7.787794596760256631e-06
-1.078780453364553197e-05
-1.327232571537412023e-05
-1.495560235203479068e-05
-1.555507793273635744e-05
-1.490330409853344477e-05
-1.287695197682178627e-05
-9.502641910673344675e-06
-4.868921018976000376e-06
7.799849470995099325e-07
7.153335784536032918e-06
1.383353714753738137e-05
2.040453861539365268e-05
2.637958873135210028e-05
3.134099567675218247e-05
3.486648406247299487e-05
3.667035938645608689e-05
3.651860884343675185e-05
3.436220496142606683e-05
3.023235143312148984e-05
2.435854443678094961e-05
1.703831065911050880e-05
8.737232952031092953e-06
-6.593848233667834422e-08
-8.792165612366568389e-06
-1.693279160716170076e-05
-2.396331525210804628e-05
-2.951564880529163160e-05
-3.327721260062384615e-05
-3.514941090816082813e-05
-3.511841966838452807e-05
-3.338995142347207193e-05
-3.022675230225857289e-05
-2.606075876479997129e-05
-2.130458079816766184e-05
-1.645407639504323062e-05
-1.189059891131926037e-05
-7.992418284135346295e-06
-4.945629445932133190e-06
-2.880666013924318419e-06
-1.704975915167055824e-06
-1.273487501174841832e-06
-1.246305944781196463e-06
-1.290667338890746922e-06
-9.556479730609258789e-07
1.069087226842516563e-07
2.267058251362377352e-06
5.695472477139521511e-06
1.050678821232151163e-05
1.655577498638209535e-05
2.361416633113124600e-05
3.119421153738507482e-05
3.876354617297165112e-05
4.559507549674797917e-05
5.101410087505559916e-05
5.426417624769159262e-05
5.477216727378624294e-05
5.201176940229490763e-05
4.576530844606035948e-05
3.596192447058429645e-05
2.291377573506733368e-05
7.109163133658425434e-06
-1.059144008263912899e-05
-2.921540069454829546e-05
-4.752209279530354914e-05
-6.430807965246253125e-05
-7.827555430708117051e-05
-8.836025976775315318e-05
-9.359615169703392509e-05
-9.343458503605131516e-05
-8.757224267521612532e-05
-7.623051443674703305e-05
-5.991994351139692761e-05
-3.966051223935199897e-05
-1.667255792650339707e-05
7.460486000400225621e-06
3.116109566809841810e-05
5.272665335449836150e-05
7.072289423490674977e-05
8.384206302243063210e-05
9.127551667774890746e-05
9.251666858516312372e-05
8.767435486682468812e-05
7.719165494534711521e-05
6.208430118800227005e-05
4.357394663760767516e-05
2.326561802990836632e-05
2.723101600450366259e-06
-1.637520305114684131e-05
-3.267236602183687134e-05
-4.494898197763961449e-05
-5.252315465441090558e-05
-5.499650099658364214e-05
-5.258607357721688420e-05
-4.578041104064784709e-05
-3.559850559944479167e-05
-2.316602368246486855e-05
-9.926534358037816707e-06
2.825256244414525181e-06
1.373435073860886759e-05
2.184609642414470085e-05
2.635038751050695595e-05
2.699378218020003525e-05
2.374422329009000574e-05
1.713554521312831796e-05
7.847950472220590235e-06
-3.004317808620876409e-06
-1.435316599547635488e-05
-2.491105279041906222e-05
-3.367079201039223471e-05
-3.961756498377404971e-05
-4.220621784682962788e-05
-4.101393360857664603e-05
-3.616797599637817283e-05
-2.792265972504939878e-05
-1.703451691545115407e-05
-4.272297472196209136e-06
9.239788615740082253e-06
2.255068041634474330e-05
3.453654460859071701e-05
4.443222898145486810e-05
5.144733072400767965e-05
5.527085956162088005e-05
5.562647457009503962e-05
5.273852117585806749e-05
4.682455123069415118e-05
3.853273645036152579e-05
2.838975873268978327e-05
1.723523322123719027e-05
5.652354602294563058e-06
-5.572502783617930063e-06
-1.601310272466302200e-05
-2.509996656582635431e-05
-3.266791219625128504e-05
-3.840556740493293001e-05
-4.239278138342199943e-05
-4.451345698891050472e-05
-4.499939446613266471e-05
-4.382338209962986721e-05
-4.126765264702013684e-05
-3.731080429839446705e-05
-3.223208175491452346e-05
-2.599614877307745842e-05
-1.889372019609320246e-05
-1.091714045155150944e-05
-2.428067181043131289e-06
6.491011694754417145e-06
1.535580571370585148e-05
2.396829147744407060e-05
3.173192999905082398e-05
3.838632237915719106e-05
4.331620551857893802e-05
4.632715573219942627e-05
4.693422782336722197e-05
4.516435716227541210e-05
4.080472790998299900e-05
3.421595904287066871e-05
2.552242166529524088e-05
1.542694630555586558e-05
4.335014637531244291e-06
-6.825532425823146945e-06
-1.754098562364587904e-05
-2.686964487796797088e-05
-3.442231404312328324e-05
-3.947227040173517329e-05
-4.196061382525904541e-05
-4.153453649246895217e-05
-3.856549192227125598e-05
-3.310184935903926466e-05
-2.590140475366121899e-05
-1.729819027228202989e-05
-8.265612774962930844e-06
7.911166941212892196e-07
8.914793063638460087e-06
1.586234541641132274e-05
2.089932068075010994e-05
2.411302091734877318e-05
2.509901052502047249e-05
2.432128597444696628e-05
2.167952006768596515e-05
1.793208396219242711e-05
1.314414767884529951e-05
8.202398299266664916e-06
3.148695184148854524e-06
-1.178928466011725242e-06
-4.926717841106070982e-06
-7.424061645101634093e-06
-9.089587595235215303e-06
-9.440656593240252077e-06
-9.153737907361703073e-06
-7.859249475207209746e-06
-6.403187610107879497e-06
-4.399134324161480420e-06
-2.754694666092894941e-06
-9.379015170297784472e-07
1.518658942032266603e-07
1.275296755477066822e-06
1.535885919482117432e-06
1.949628879328292373e-06
1.537298607872316044e-06
1.570005989501084809e-06
8.365853572102517833e-07
9.016755736586951646e-07
1.112967915109961605e-07
5.114121307133569030e-07
-3.723533032024034856e-07
6.368227328595797996e-07
-1.092345454250362648e-06
2.291716822130517556e-07
4.897876009402354464e-07
4.179836283861546111e-07
4.323061684285106930e-07
3.720355406144854077e-07
3.466093006061913114e-07
2.738833003720084740e-07
2.223321428355560951e-07
1.367827214227860484e-07
6.782562893170817263e-08
-2.573337485951645231e-08
-1.034456887664643563e-07
-1.979849888699035170e-07
-2.755485763638908318e-07
-3.631643390093203213e-07
-4.318264945817087806e-07
-5.046369310260365575e-07
-5.562990180066670060e-07
-6.071057405688043757e-07
-6.347840731796420050e-07
-6.575983384789977324e-07
-6.558601694137517476e-07
-6.463980898582745775e-07
-6.118429862955215206e-07
-5.680774742196688206e-07
-4.999109518724940064e-07
-4.227000738641650820e-07
-3.233615450469785098e-07
-2.170640014720238214e-07
-9.275809695084098409e-08
3.436464042949067118e-08
1.734759988258315310e-07
3.093336887500607663e-07
4.495406743467054585e-07
5.789973853639237089e-07
7.042307457453916434e-07
8.106922571993543890e-07
9.044831958582055296e-07
9.721628277976336971e-07
1.020125316246177757e-06
1.036620720816458173e-06
1.028986798444794348e-06
9.876227957626196286e-07
9.212467107674625638e-07
8.226032970178873932e-07
7.019031613277196251e-07
5.540923394050754761e-07
3.906288866566185446e-07
2.081877683308118046e-07
1.893520348627791819e-08
-1.794176942328521372e-07
-3.746820030379125898e-07
-5.688495737560302697e-07
-7.503518505156422980e-07
-9.214846506363172989e-07
-1.071734834819672712e-06
-1.204035964556773653e-06
-1.309076210160052999e-06
-1.390470954950233909e-06
-1.440005082244573976e-06
-1.461829193270472700e-06
-1.448619701262586128e-06
-1.404912867634483233e-06
-1.324176428183225299e-06
-1.211381724489793777e-06
-1.060966319089797131e-06
-8.787084817693519862e-07
-6.605257096764085871e-07
-4.136663954018555350e-07
-1.362474009807833514e-07
1.622690316259413755e-07
4.809263052408341739e-07
8.075690017422499957e-07
1.138212934085639559e-06
1.458161836105449797e-06
1.760992619361290435e-06
2.030495451070857687e-06
2.259303140142057242e-06
2.431584085230106997e-06
2.541262244451762025e-06
2.575316786457058392e-06
2.531468464666770978e-06
2.401889881060079056e-06
2.190202780855829104e-06
1.895402454481197406e-06
1.528035993318982059e-06
1.094202685732728541e-06
6.108649013493637113e-07
8.989218484836443105e-08
-4.474272911874331946e-07
-9.862082268159251974e-07
-1.504074558242506762e-06
-1.986657330207055066e-06
-2.414069397877721533e-06
-2.775855643563909749e-06
-3.057591236117844023e-06
-3.255097823901531698e-06
-3.360991844660536774e-06
-3.378077166190097772e-06
-3.305791094006222577e-06
-3.152818954654173764e-06
-2.923529166575434129e-06
-2.629994101644915118e-06
-2.278631711636330566e-06
-1.881915506227663249e-06
-1.445502274357417368e-06
-9.799268413620557526e-07
-4.884557006464101102e-07
2.103407005704729256e-08
5.473820660437618501e-07
1.084072447883464709e-06
1.629865837609952987e-06
2.176750882457809003e-06
2.720214045410049748e-06
3.247603133125267146e-06
3.748477598354775973e-06
4.203803904289399040e-06
4.596769935461529270e-06
4.903082104972304882e-06
5.102392313950539543e-06
5.169664780861444749e-06
5.087018101389702151e-06
4.835771960024189851e-06
4.408169902062820914e-06
3.799436965078354507e-06
3.018659408235883564e-06
2.080113915954577726e-06
1.012646553775655858e-06
-1.502553120181769677e-07
-1.362895728150870196e-06
-2.578620721751691620e-06
-3.743828182414808131e-06
-4.810023133884887336e-06
-5.728604425586349183e-06
-6.462714744468267860e-06
-6.981642685095169167e-06
-7.271275648420897363e-06
-7.326989535643103995e-06
-7.161777363292975065e-06
-6.796989567662609578e-06
-6.267897747007958864e-06
-5.612479973792056415e-06
-4.875083438446372367e-06
-4.094343059345570324e-06
-3.306399519679506205e-06
-2.533644369088340548e-06
-1.789289971951035362e-06
-1.068653747608749308e-06
-3.565456025010924964e-07
3.778735687005640702e-07
1.170408716679119582e-06
2.063588557904778490e-06
3.093573962787542547e-06
4.290106478707212168e-06
5.663164064184854274e-06
7.203693302569009425e-06
8.872816796520790938e-06
1.060612344485390567e-05
1.230788656744193988e-05
1.386080027129616015e-05
1.512627758110525084e-05
1.595971558447629134e-05
1.621585730485947433e-05
1.576747433745961002e-05
1.451267104276957493e-05
1.239306151847083887e-05
9.398570835003952550e-06
5.580511152464839807e-06
1.049531483509682629e-06
-4.020082790697694572e-06
-9.401935770799531005e-06
-1.482323997830832823e-05
-1.998546723709943655e-05
-2.457804542494017397e-05
-2.830447157605062804e-05
-3.089890495336480901e-05
-3.215160612427198691e-05
-3.192170313700248808e-05
-3.015521410373311353e-05
-2.688781373426806003e-05
-2.225042437496414386e-05
-1.645862632212836090e-05
-9.804510075674370488e-06
-2.633680249586708077e-06
4.673402623544764050e-06
1.173152669398046222e-05
1.817293099336231261e-05
2.367645718726860520e-05
2.798480776076241045e-05
3.092459337242869059e-05
3.241161690711138511e-05
3.245663844868571294e-05
3.115589386117887706e-05
2.868244544539852437e-05
2.526445388673279860e-05
2.116704249609979482e-05
1.666517425697783931e-05
1.202416924117068447e-05
7.475853478272904573e-06
3.206078885740567740e-06
-6.586983701407115008e-07
-4.051663780218754735e-06
-6.965781492827635537e-06
-9.441514557139540543e-06
-1.155599054786725469e-05
-1.340288402409823094e-05
-1.507713230264911660e-05
-1.665460694735460914e-05
-1.818035231911343716e-05
-1.965560275608911438e-05
-2.103594012556548451e-05
-2.223023009316749991e-05
-2.311099695910883862e-05
-2.352506494932005065e-05
-2.331341536540539251e-05
-2.232850620201225997e-05
-2.045675908579328879e-05
-1.763454484058569398e-05
-1.386494203533454851e-05
-9.224491417277272889e-06
-3.867547926289794774e-06
1.980948003190948459e-06
8.035801840976607074e-06
1.397232754745151273e-05
1.944820130139688824e-05
2.413210468816411497e-05
2.772937594968359699e-05
3.000940813749398576e-05
3.082539571125381415e-05
3.013108245760397390e-05
2.798637548123534359e-05
2.455718076955941203e-05
2.010318711812277164e-05
1.496007309654761268e-05
9.511898315882666210e-06
4.161143518749457670e-06
-7.062243549115519218e-07
-4.752831868700452655e-06
-7.720924156030710888e-06
-9.455067427351889685e-06
-9.918482215363484238e-06
-9.197255394535486386e-06
-7.495444872979018879e-06
-5.117563624669838000e-06
-2.442929825039160476e-06
1.093065278537853140e-07
2.118723375113428640e-06
3.205177299528176454e-06
3.067192036335015459e-06
1.515887289291452089e-06
-1.500871340084576143e-06
-5.884830338876472117e-06
-1.138757115871145158e-05
-1.762378743337619463e-05
-2.409819738129537867e-05
-3.024325868965290840e-05
-3.546551169458621858e-05
-3.919618327899039557e-05
-4.094200894686450510e-05
-4.033164869148167877e-05
-3.715332928414920446e-05
-3.138043682358293541e-05
-2.318190755814266536e-05
-1.291686247075174298e-05
-1.112616743937614873e-06
1.157115134163334586e-05
2.439056870405269039e-05
3.657238820014793880e-05
4.737253759704212542e-05
5.613122235966081701e-05
6.232198832539433163e-05
6.558800314119189257e-05
6.576518450312345031e-05
6.288751140046294796e-05
5.717758596522184490e-05
4.902047293774439515e-05
3.892725822054030245e-05
2.748839632507040645e-05
1.532557292748887100e-05
3.042708750996775963e-06
-8.814741581780913160e-06
-1.979317654233043550e-05
-2.954955793693409506e-05
-3.785974252972348285e-05
-4.461156733646200651e-05
-4.979013735970605709e-05
-5.345228707124140781e-05
-5.569972376697076384e-05
-5.664821303325459455e-05
-5.640301098610617139e-05
-5.503704262733522326e-05
-5.258116853834106949e-05
-4.902054134080471750e-05
-4.430460780374227421e-05
-3.836205669935078389e-05
-3.112647649164837705e-05
-2.256161051321795558e-05
-1.269117029639461864e-05
-1.621156095895842071e-06
1.043969787955333677e-05
2.317310077475384381e-05
3.615052290775925907e-05
4.884887421378300608e-05
6.067229892937943685e-05
7.098850705228800678e-05
7.916687776140523430e-05
8.462555318782864441e-05
8.687316016951402461e-05
8.555242699787742847e-05
8.047113502672512120e-05
7.162906960368246542e-05
5.922731454525748969e-05
4.367074406942662406e-05
2.555144671419000866e-05
5.626321096945515883e-06
-1.522220676590078016e-05
-3.602724894741404684e-05
-5.579082704172590184e-05
-7.353330051193714134e-05
-8.834956730088384480e-05
-9.945527188128705824e-05
-1.062345256844493665e-04
-1.082723803174883272e-04
-1.053847536377694656e-04
-9.762939153288182324e-05
-8.531203600843019117e-05
-6.897184661851869965e-05
-4.936178393010002413e-05
-2.740866934408801140e-05
-4.170579285293374587e-06
1.922269417125267238e-05
4.162636451385669803e-05
6.194789094539965887e-05
7.920335375482735914e-05
9.257648171231697002e-05
1.014588678422809925e-04
1.054865925732541775e-04
1.045528890119080056e-04
9.881449469612127228e-05
8.867277010039432300e-05
7.474991425237833772e-05
5.784285388080517360e-05
3.887749589146927284e-05
1.884672080437059977e-05
-1.243728555324378023e-06
-2.043826433624781967e-05
-3.787864377557715071e-05
-5.285317638302627783e-05
-6.482369343852076944e-05
-7.345036130109217662e-05
-7.859140925717485497e-05
-8.030044921509494542e-05
-7.879976613636516670e-05
-7.445466520643667587e-05
-6.772826248187286552e-05
-5.914386543452321846e-05
-4.923473789339219138e-05
-3.850939500148334505e-05
-2.741125342286829798e-05
-1.630054699107994968e-05
-5.435241963268245101e-06
5.022536742913482114e-06
1.500087323557692031e-05
2.448842858385401425e-05
3.351013596595450820e-05
4.208484706204749024e-05
5.019655107734254362e-05
5.775600294476368945e-05
6.458512272679804971e-05
7.039944824184655493e-05
7.482000497005425357e-05
7.738662288868883722e-05
7.760161579675780154e-05
7.497148623445645018e-05
6.907268627201656921e-05
5.960526963601529360e-05
4.645914289624246337e-05
2.975514526078280520e-05
9.886756794187913109e-06
-1.247465999154464599e-05
-3.638189452277409324e-05
-6.065556745393954456e-05
-8.393515947379632581e-05
-1.047680615374175334e-04
-1.216974086899556541e-04
-1.333766737362616504e-04
-1.386681078752384944e-04
-1.367520386191006148e-04
-1.272026877680552958e-04
-1.100592046727995397e-04
-8.584878721472002797e-05
-5.559485912646487839e-05
-2.077062843759481571e-05
1.676309977436822628e-05
5.487114429008768066e-05
9.126294775942022839e-05
1.236487786618193957e-04
1.498834417724715382e-04
1.681276768397497860e-04
1.769752987253882899e-04
1.755773297240551098e-04
1.637117191496808373e-04
1.418340486424117650e-04
1.110611854175081695e-04
7.313001272225064773e-05
3.028875717517948098e-05
-1.482878708947246680e-05
-5.938299798419656580e-05
-1.005049718659546958e-04
-1.355036706582131889e-04
-1.620426758049464731e-04
-1.783207153808170442e-04
-1.831948731644003430e-04
-1.762848483903566596e-04
-1.580005056536505886e-04
-1.295385738251404316e-04
-9.279708527856209762e-05
-5.026324257741168587e-05
-4.830415686286233496e-06
4.039092789110397021e-05
8.230755213307935198e-05
1.180520807900682260e-04
1.452042837921111633e-04
1.619529232607293267e-04
1.672410834948101803e-04
1.608270932428347013e-04
1.433134318752576171e-04
1.160832923715481344e-04
8.120857093011285078e-05
4.127690538786396053e-05
-7.880075566145431574e-07
-4.196002563344847333e-05
-7.931769801848098742e-05
-1.102721804188011324e-04
-1.327345742096731299e-04
-1.452755662308499621e-04
-1.472001548538183805e-04
-1.386001788406268588e-04
-1.203141534512400777e-04
-9.386788886241594998e-05
-6.133122968764577422e-05
-2.517361336527062019e-05
1.194264412690845808e-05
4.734202191754715856e-05
7.854958466052823930e-05
1.034472390509635952e-04
1.204384411211352669e-04
1.285313507953951529e-04
1.274148759241556194e-04
1.174419669661747501e-04
9.960512297350535395e-05
7.542325443111913053e-05
4.683494093796879566e-05
1.602034452078297469e-05
-1.474552679962491890e-05
-4.328668366657633895e-05
-6.766070390757433143e-05
-8.631748049077313950e-05
-9.817568671289461180e-05
-1.027092761061900442e-04
-9.993978551998035375e-05
-9.043714385824664650e-05
-7.522737642155073897e-05
-5.572069715082382003e-05
-3.355970733995696040e-05
-1.050998924608518136e-05
1.170947713492920672e-05
3.152833345933193156e-05
4.766819938611224680e-05
5.919712294231557808e-05
6.561373627262866387e-05
6.683036374044123203e-05
6.318583885524820258e-05
5.535739428436166912e-05
4.431515019621306336e-05
3.118687046015447968e-05
1.718745007739783299e-05
3.474805969849771524e-06
-8.905818046126633922e-06
-1.913830667896231083e-05
-2.664585106684259647e-05
-3.115836842566860359e-05
-3.266548392169369845e-05
-3.143429979722546736e-05
-2.791366631731315547e-05
-2.272001606113056746e-05
-1.651648226810603732e-05
-9.995145848171301935e-06
-3.759132674619305047e-06
1.671697507376912698e-06
5.954458361296439887e-06
8.877968601822820810e-06
1.042511873198741321e-05
1.068694312303370763e-05
9.901972084649814218e-06
8.342156368574324394e-06
6.348852901728508089e-06
4.209296104968112847e-06
2.211037727986159635e-06
5.241799444325645669e-07
-7.098877830000292398e-07
-1.486384208323121434e-06
-1.809210643901977581e-06
-1.799500290062565963e-06
-1.532901090102796453e-06
-1.171116261889903306e-06
-7.681948370976608030e-07
-4.541972765041260541e-07
-1.991791880537755345e-07
-8.959186368740396863e-08
5.684742024973608162e-09
-4.125032481139788686e-08
-9.437821792013458444e-06
1.421192299455410822e-05
6.211449534580809487e-05
1.008394964390080673e-04
1.391699267791143303e-04
1.681122131613542014e-04
1.914554234071261349e-04
2.039143347548520659e-04
2.085137661661387934e-04
2.022667721100185171e-04
1.884255218179127316e-04
1.657206198406295397e-04
1.377941695410441565e-04
1.045329160739606880e-04
6.971823613324128232e-05
3.375916206528405101e-05
1.315975248715379598e-07
-3.086054349278784926e-05
-5.649842480096071783e-05
-7.707790871115972604e-05
-9.093693330570486698e-05
-9.922071835424143627e-05
-1.013660406414015311e-04
-9.931407826080910660e-05
-9.335481326021213139e-05
-8.588824111427543844e-05
-7.757898336957357738e-05
-7.076373576994152820e-05
-6.589952793506247467e-05
-6.471139162093927466e-05
-6.693574731650099488e-05
-7.329077495370000476e-05
-8.251791224833533972e-05
-9.423531105783905417e-05
-1.062667397039825437e-04
-1.174071382003376307e-04
-1.250043319364921659e-04
-1.276307633535525381e-04
-1.228578030979458988e-04
-1.097980826778969263e-04
-8.699498105525640208e-05
-5.478500688923999037e-05
-1.322507628216725000e-05
3.576939066324948742e-05
9.051536761134348907e-05
1.476648528917214281e-04
2.043301482141810985e-04
2.564011802347482554e-04
3.006737561399747431e-04
3.333120705269130278e-04
3.519085167140032964e-04
3.539936916017584847e-04
3.389393692075700769e-04
3.064187165107634062e-04
2.580796425899278086e-04
1.958916092219544988e-04
1.235636004351859285e-04
4.477356966232523235e-05
-3.562960572957027606e-05
-1.134508837168270444e-04
-1.840629940587408943e-04
-2.441721259723905789e-04
-2.907155295872663851e-04
-3.224434441277718340e-04
-3.386816998259953499e-04
-3.406429618012758796e-04
-3.299970413163937793e-04
-3.099032565492825680e-04
-2.834211582540605815e-04
-2.543479070640669603e-04
-2.255892141325616693e-04
-1.999580588231479302e-04
-1.786754796240959387e-04
-1.623055772333144905e-04
-1.495384205957168684e-04
-1.383807941913405264e-04
-1.252853662896953970e-04
-1.066045810601753149e-04
-7.800594813321338930e-05
-3.607093935738880849e-05
2.217784226477797740e-05
9.774218326830576428e-05
1.902411576406800068e-04
2.966679506205470397e-04
4.123079671182502243e-04
5.299431578645031043e-04
6.411891203075856336e-04
7.361594612210590766e-04
8.051514544871501066e-04
8.386133831138236402e-04
8.289488748130473391e-04
7.704971432970222304e-04
6.611340481285204454e-04
5.019359595544741924e-04
2.982755831237600256e-04
5.892125866118410617e-05
-2.035357803740250524e-04
-4.742078227778798259e-04
-7.360954712020194388e-04
-9.720678186978092689e-04
-1.165379353273249003e-03
-1.301741080543471554e-03
-1.369751349138726175e-03
-1.362623656605954376e-03
-1.278117640978035027e-03
-1.119572032256552349e-03
-8.950778197919999997e-04
-6.176815541293332636e-04
-3.038038714178952588e-04
2.723966652264639938e-05
3.552984591514075810e-04
6.601685123018823792e-04
9.236874154124154798e-04
1.130352053303696576e-03
1.269003208263065315e-03
1.332890703801709389e-03
1.320649558488538964e-03
1.235626149936446590e-03
1.086085318259246302e-03
8.838605859804326724e-04
6.439685139194334558e-04
3.828506110964389770e-04
1.177306656712818355e-04
-1.351788124258027513e-04
-3.611963369297219585e-04
-5.486454942639734482e-04
-6.889472529617756335e-04
-7.775440114130377457e-04
-8.134216950350210088e-04
-7.994369501532501811e-04
-7.413152054937615330e-04
-6.475133627650487460e-04
-5.278962857520484633e-04
-3.933875605025841582e-04
-2.546012273903609595e-04
-1.215593577238980628e-04
-2.537047627793667428e-06
9.593426336907124165e-05
1.698456602795503660e-04
2.173230848224597719e-04
2.389991568531023584e-04
2.372736619441189875e-04
2.163681571849499917e-04
1.813703511338479431e-04
1.381408028881726693e-04
9.232773841411759711e-05
4.931419813577160647e-05
1.337643120176634750e-05
-1.218366745641547350e-05
-2.563123789453359004e-05
-2.641940173427123137e-05
-1.551742457758772183e-05
5.187878618678893586e-06
3.276293953919059060e-05
6.395055598885263667e-05
9.512484582512632130e-05
1.230154989507789684e-04
1.446238763714129941e-04
1.578363059731255639e-04
1.612088034387913597e-04
1.544042484554705198e-04
1.378111135392584791e-04
1.128021492456183410e-04
8.121503959338522544e-05
4.548785306523732571e-05
8.077552230103707433e-06
-2.843867764253547658e-05
-6.191420278084222475e-05
-9.047707621939263538e-05
-1.129744060207468152e-04
-1.287058850107792424e-04
-1.377307167667250992e-04
-1.404857290478522878e-04
-1.379760817332420226e-04
-1.313219370980243939e-04
-1.218942434977458064e-04
-1.108597341151827231e-04
-9.933303932513611674e-05
-8.798649565859470141e-05
-7.727483236615041685e-05
-6.714908402049096716e-05
-5.737210363136297067e-05
-4.733211006120463673e-05
-3.642373239206652904e-05
-2.391741543926096292e-05
-9.348502291100815019e-06
7.622174649891390682e-06
2.687414473661254753e-05
4.802967830535885210e-05
7.021421519759634441e-05
9.234344128730219805e-05
1.129793656006149578e-04
1.306829419002468375e-04
1.439291935913989578e-04
1.514766290490924085e-04
1.522853075297629091e-04
1.458450355692230468e-04
1.320417224624019200e-04
1.113989892219951501e-04
8.486105891964715547e-05
5.393271349330054512e-05
2.038091549110001378e-05
-1.370777519692269638e-05
-4.627302339708141412e-05
-7.526018940736244208e-05
-9.896046088815083303e-05
-1.159708316452724665e-04
-1.254738762686233593e-04
-1.271301217231662797e-04
-1.212611901011211274e-04
-1.086536762873119771e-04
-9.064202139807695847e-05
-6.883702484047520876e-05
-4.513686542697296678e-05
-2.142087087107188607e-05
4.621231637328556561e-07
1.898184852441754187e-05
3.290881747946266666e-05
4.153707864551859708e-05
4.459809370320818597e-05
4.239126602785622567e-05
3.561706708124212628e-05
2.541813736953294056e-05
1.314833915876706195e-05
3.535589418008312381e-07
-1.148372609368881773e-05
-2.097669116285303181e-05
-2.706350773044072399e-05
-2.900328539592756996e-05
-2.653577761600797843e-05
-1.980698853409586165e-05
-9.437999437126167745e-06
3.626075995140841838e-06
1.812848344209245621e-05
3.270383149929268651e-05
4.593442311912266973e-05
5.655925248650454842e-05
6.352396269296807572e-05
6.614581961620938605e-05
6.411202716995341964e-05
5.756467348026919975e-05
4.702430483959971203e-05
3.338727943374761575e-05
1.778363937441761284e-05
1.511892433883855434e-06
-1.413079807312099144e-05
-2.793002397529627145e-05
-3.890221732067922146e-05
-4.634487598121415610e-05
-4.992247562102383523e-05
-4.965597282220322368e-05
-4.593038312677467927e-05
-3.942148070324060080e-05
-3.103653302885513653e-05
-2.180148539770351067e-05
-1.276714796634794827e-05
-4.894772986177668729e-06
1.032315492142618247e-06
4.486082330504205873e-06
5.242355109169685778e-06
3.393909980449709712e-06
-6.581577854239720423e-07
-6.261142611218784120e-06
-1.256932495484712843e-05
-1.865113195465563538e-05
-2.356821553000779370e-05
-2.649667387278262627e-05
-2.678754663269509507e-05
-2.406478132973419705e-05
-1.823505626692514429e-05
-9.538083970319761161e-06
1.509162545136464700e-06
1.411389835498438807e-05
2.732194606838396418e-05
4.005394395410527466e-05
5.125334153935547115e-05
5.992644741843346072e-05
6.528996237046720270e-05
6.678075551863075154e-05
6.417186641670408068e-05
5.752652112408265908e-05
4.726511096767782507e-05
3.405575913792016705e-05
1.883524152545151966e-05
2.649042128093810910e-06
-1.335243858047293579e-05
-2.809699349151751838e-05
-4.058813404787522873e-05
-5.007921817411839906e-05
-5.603376933482472500e-05
-5.826376178988819073e-05
-5.683248825364719642e-05
-5.214559950632668517e-05
-4.479502071765679804e-05
-3.561135208588666544e-05
-2.546643499935150791e-05
-1.531194137724527655e-05
-5.969781142383566580e-06
1.812497283060538081e-06
7.554395353181265494e-06
1.094492873580236357e-05
1.199895746239959783e-05
1.090531393491332635e-05
8.143027585945151775e-06
4.280108319557831447e-06
6.322968766983175603e-08
-3.812384982812347440e-06
-6.614770784968514065e-06
-7.807706248512759462e-06
-6.938629491993447126e-06
-3.851671995350000852e-06
1.465490243165826880e-06
8.699849221593885132e-06
1.741379908606335500e-05
2.689536065913289496e-05
3.640138093020731238e-05
4.502844634571016489e-05
5.198184995357480284e-05
5.644628020852516685e-05
5.785772891220458713e-05
5.575090330068994374e-05
5.001267766696680748e-05
4.068773231751698943e-05
2.819983250794885144e-05
1.310793802408640771e-05
-3.705243321542504307e-06
-2.132037523545071903e-05
-3.861310377730339208e-05
-5.456723061877473597e-05
-6.810596021840865032e-05
-7.840951536771202169e-05
-8.472494703708548203e-05
-8.666948366313740628e-05
-8.400298592150769661e-05
-7.690468084378817518e-05
-6.569949692925636578e-05
-5.110393656426836763e-05
-3.390683329794008069e-05
-1.519061916235190294e-05
4.021886146766616400e-06
2.255405936170970524e-05
3.944254672917382146e-05
5.370954862483135253e-05
6.472167741424315467e-05
7.192703472737427381e-05
7.518830708913047732e-05
7.447188920766668570e-05
7.014936914416794662e-05
6.263992021310736832e-05
5.268861749055169327e-05
4.097620236853490901e-05
2.839306102353462164e-05
1.563741864997259857e-05
3.506576201998285484e-06
-7.496974377467547025e-06
-1.684085852822501462e-05
-2.433792938117691396e-05
-2.978273110693229896e-05
-3.330816130585963382e-05
-3.498742340357819156e-05
-3.518023619946515027e-05
-3.411078167531898597e-05
-3.221688674503126940e-05
-2.971895324519970336e-05
-2.698806735848818868e-05
-2.412036289186182350e-05
-2.133584789203883181e-05
-1.856506667826283852e-05
-1.588069059266430255e-05
-1.309302274876681192e-05
-1.020673453447532456e-05
-7.013455828222155696e-06
-3.559858422242658159e-06
2.776850962423616353e-07
4.327185695595886129e-06
8.575535343739819203e-06
1.271139297484109619e-05
1.661101529257205626e-05
1.988671483892767423e-05
2.239713021921549605e-05
2.379080891276911212e-05
2.402905857911788817e-05
2.291129057276092572e-05
2.059757216800474740e-05
1.710324945321097868e-05
1.281164507396526922e-05
7.931805898443433634e-06
3.001033935185050554e-06
-1.689531643071607947e-06
-5.592034796752851784e-06
-8.494691782280934788e-06
-1.000186163192747498e-05
-1.012861889649658899e-05
-8.747469762996642578e-06
-6.171665073737888056e-06
-2.558815531916758662e-06
1.520874634500405268e-06
5.722925330665049680e-06
9.367668851803835842e-06
1.210825348641164003e-05
1.335968918158598481e-05
1.297729236481184558e-05
1.065472017843964817e-05
6.594019177104264985e-06
8.561456797222398436e-07
-5.987875552735943014e-06
-1.355916504856766621e-05
-2.103612402845255741e-05
-2.790094572921891327e-05
-3.330502652374922118e-05
-3.683954814939598821e-05
-3.787670390289976858e-05
-3.634077313392013961e-05
-3.200281515451934062e-05
-2.523565401353863630e-05
-1.625008885566552689e-05
-5.829912841099162325e-06
5.488505840813683627e-06
1.669112737653977296e-05
2.714870034480084104e-05
3.588077981860958405e-05
4.243792908107197812e-05
4.612997057037419738e-05
4.690576239605184040e-05
4.452489345541777279e-05
3.942100526232046712e-05
3.180784707079909899e-05
2.252665901763093337e-05
1.209289945653845081e-05
1.542891254826464569e-06
-8.560191060764822449e-06
-1.725612337711436410e-05
-2.419885606670869909e-05
-2.873766110723513105e-05
-3.092581433456801195e-05
-3.053596540985506339e-05
-2.805834994133006178e-05
-2.364709604401394447e-05
-1.811468382651081080e-05
-1.181972875690869887e-05
-5.676887430414458464e-06
-6.255338137419280879e-09
4.416066399690916024e-06
7.525638148076508562e-06
8.856373001429080025e-06
8.711399309655126695e-06
6.975271762979230018e-06
4.287155418760229929e-06
7.808499655606171069e-07
-2.726076043343345714e-06
-6.049423119883134080e-06
-8.409389390336510263e-06
-9.784296270097593323e-06
-9.617174560288559615e-06
-8.190561900116536751e-06
-5.252779683991822236e-06
-1.410204488962209142e-06
3.330222123923128055e-06
8.141931259029167497e-06
1.291211699694036564e-05
1.677620882317903134e-05
1.971236866835041562e-05
2.100557506590079897e-05
2.088897638256101481e-05
1.891706186854611249e-05
1.564741103766040492e-05
1.091167978012982134e-05
5.543239738765140611e-06
-4.543690596728351550e-07
-6.116882370048654459e-06
-1.144536370796682489e-05
-1.552798152922903055e-05
-1.854956264771934438e-05
-1.979945590155295744e-05
-1.975820378039441384e-05
-1.797140413156368799e-05
-1.521886407839030814e-05
-1.124478506228024056e-05
-7.028530217448344226e-06
-2.370569659066717356e-06
1.705384638045517623e-06
5.508234846592056158e-06
8.112158846019648648e-06
1.005705867333100876e-05
1.058502069782407612e-05
1.050092708431076634e-05
9.188662512527945650e-06
7.663450545913417508e-06
5.348367914235596051e-06
3.363727624471552052e-06
1.042110174239503861e-06
-4.901727308321952110e-07
-2.092886108467817897e-06
-2.677352526818117288e-06
-3.335804614430325673e-06
-2.986561986607800649e-06
-2.936210643680711367e-06
-2.022243315333235456e-06
-1.725072943078830613e-06
-6.933449616937522073e-07
-5.654382118626356465e-07
2.967091944182476664e-07
5.122396869761924606e-08
7.089286593976156772e-07
9.733578373259755119e-08
7.138891521772794329e-07
-1.766675987345867047e-07
6.487429814408143538e-07
-5.423131679038151680e-07
8.181560190272728465e-07
-1.106905848536083318e-06
1.863758026600241051e-06
-3.557336619304296560e-08
1.354313579504304592e-07
4.359786409658535713e-07
7.237030089426868506e-07
1.037956202017657247e-06
1.339013348032408055e-06
1.638891939035325694e-06
1.908779760095150704e-06
2.152898882039749280e-06
2.348728846669397312e-06
2.499077924235610574e-06
2.587555514786646906e-06
2.618618634194589991e-06
2.581767958773037440e-06
2.483848646977724105e-06
2.318928913336586012e-06
2.095299760055406177e-06
1.809541147214277598e-06
1.469887090862297190e-06
1.073731549417493197e-06
6.285438533360130363e-07
1.323447126634826272e-07
-4.070911998836114127e-07
-9.892828325892763525e-07
-1.603274752391299220e-06
-2.242867637655284140e-06
-2.890399811457466981e-06
-3.530953434616303302e-06
-4.138009623890015518e-06
-4.687377097264745693e-06
-5.144982909272487556e-06
-5.480977147009928836e-06
-5.659591278463747053e-06
-5.653379262840766915e-06
-5.434592271089589028e-06
-4.988979641703375476e-06
-4.307692790801038805e-06
-3.399703395782456812e-06
-2.283077758164098022e-06
-9.950629180906593805e-07
4.181904312437531491e-07
1.894395621751935202e-06
3.367238820946954806e-06
4.761752858473348875e-06
6.007668090575541274e-06
7.036286017118918629e-06
7.793691212117278817e-06
8.237407145529441419e-06
8.347709077206108875e-06
8.122278696522792067e-06
7.584119126629592892e-06
6.773035136094291466e-06
5.749563487369779200e-06
4.583271540756284709e-06
3.353428910256506136e-06
2.135473456188505052e-06
1.000408112190668575e-06
1.822277942127445838e-09
-8.233130654590704494e-07
-1.464428456428315553e-06
-1.932744573645014689e-06
-2.265990791187549758e-06
-2.518820922523257787e-06
-2.762258797626756673e-06
-3.069919917093203026e-06
-3.514010746422160755e-06
-4.150082106245672138e-06
-5.013061603335237075e-06
-6.104438926609975017e-06
-7.392344726875458708e-06
-8.804858276766708836e-06
-1.023714589465395987e-05
-1.155282611626604292e-05
-1.259877574088337327e-05
-1.321361856211697037e-05
-1.324771432961460966e-05
-1.257480989622338776e-05
-1.111206629709233243e-05
-8.828915045510824945e-06
-5.760898061829579658e-06
-2.009795502199609878e-06
2.253727418585682893e-06
6.802252929784763218e-06
1.136171319515000837e-05
1.563506168034349255e-05
1.932197212497228025e-05
2.214858119248120150e-05
2.388930969141499344e-05
2.439376899609947629e-05
2.360108511649540149e-05
2.155453058007944874e-05
1.840000818507638581e-05
1.438208374640966413e-05
9.823094355968402583e-06
5.100436857305934415e-06
6.098350343264726486e-07
-3.268912771901282873e-06
-6.214033838329758672e-06
-7.994550158406875148e-06
-8.503229423317455952e-06
-7.773126937958523602e-06
-5.987839253941964653e-06
-3.470869754458509798e-06
-6.661334748033354163e-07
1.901997741263252251e-06
3.674527689190432591e-06
4.117997114770975862e-06
2.782201728448015353e-06
-6.383009623610646157e-07
-6.256451287772705118e-06
-1.395286776929579845e-05
-2.336020849474983261e-05
-3.386406869005310942e-05
-4.463332446606686614e-05
-5.466872172160150103e-05
-6.287803767646836680e-05
-6.816247344552547568e-05
-6.951822642737138060e-05
-6.613476095235192585e-05
-5.749114409183982128e-05
-4.343127801869506598e-05
-2.421977230070660131e-05
-5.617939872956898452e-07
2.640780939795319489e-05
5.517743996518179663e-05
8.394266385286330942e-05
1.107257627682070979e-04
1.335137896352506129e-04
1.504139975406009150e-04
1.598054779598678430e-04
1.604830941383765660e-04
1.517722754655750699e-04
1.336124659318739690e-04
1.065922752851539509e-04
7.194003305152986188e-05
3.146027225200390045e-05
-1.257246363343248403e-05
-5.756356647309053299e-05
-1.007732000321226397e-04
-1.395106569270847220e-04
-1.713252471005292238e-04
-1.941861971203454648e-04
-2.066295190884915407e-04
-2.078675110627880977e-04
-1.978446678940839500e-04
-1.772429065797332217e-04
-1.474286503843381404e-04
-1.103532785925371879e-04
-6.840782232769394638e-05
-2.425024170628314852e-05
1.938823076748030796e-05
5.989602161545697323e-05
9.496543613303524100e-05
1.227477068791082353e-04
1.419739666743133680e-04
1.520270108180085981e-04
1.529655519104053136e-04
1.454938102493861780e-04
1.308859822657626698e-04
1.108661295582350089e-04
8.745943511723342628e-05
6.282070300266913768e-05
3.905932284517755961e-05
1.806826006126523073e-05
1.375757421116662318e-06
-9.974756858180488085e-06
-1.550193452970628823e-05
-1.532065559221248792e-05
-1.012505954977182189e-05
-1.127051444406449204e-06
1.005057137898476231e-05
2.151337964715624042e-05
3.126191537180515354e-05
3.736823558243344926e-05
3.815417869467614968e-05
3.235275612664258540e-05
1.924473292585048763e-05
-1.245782742660472110e-06
-2.850075925635711454e-05
-6.121312875094719842e-05
-9.744447031354033458e-05
-1.347381122406166726e-04
-1.702770973984650896e-04
-2.010816969045092881e-04
-2.242290130213818759e-04
-2.370835000622080523e-04
-2.375171587773703709e-04
-2.241063985769252474e-04
-1.962852593082617478e-04
-1.544452493851354699e-04
-9.996755282177929370e-05
-3.518590306407363066e-05
3.672415626845570459e-05
1.119206824666329965e-04
1.861286617687650622e-04
2.549122224033313080e-04
3.139702655358589845e-04
3.594305557154076026e-04
3.881237380326351522e-04
3.978129330785127758e-04
3.873642645032321558e-04
3.568414460497821195e-04
3.075198462289274477e-04
2.418154567614898113e-04
1.631370775431655669e-04
7.566981243335957038e-05
-1.589087683922900735e-05
-1.066374591516431952e-04
-1.917560440147578606e-04
-2.668203879137874871e-04
-3.280513264376082208e-04
-3.725276331325689887e-04
-3.983335443617256819e-04
-4.046387170346183370e-04
-3.917065134264616851e-04
-3.608364449305542180e-04
-3.142459468869042232e-04
-2.549046708995423259e-04
-1.863320349694119868e-04
-1.123745790887511727e-04
-3.697532678474413923e-05
3.604922448492916702e-05
1.032145617962706822e-04
1.615437048345108194e-04
2.087062905846953208e-04
2.431129353806567458e-04
2.639629006256722027e-04
2.712421516456834129e-04
2.656754569372267102e-04
2.486360022630692852e-04
2.220221403313345481e-04
1.881094137990438017e-04
1.493897142480885053e-04
1.084065625640111681e-04
6.759811684318910792e-05
2.915614302765784279e-05
-5.089484679599893452e-06
-3.375577923729552343e-05
-5.595625509238835195e-05
-7.131516426893846244e-05
-7.994663437834324186e-05
-8.240368001076359031e-05
-7.960206610098239559e-05
-7.272714972603175408e-05
-6.313058334114674973e-05
-5.222512740204539083e-05
-4.138345290729363225e-05
-3.184729224311297124e-05
-2.465088424872582867e-05
-2.056248838971799105e-05
-2.004503711342584305e-05
-2.323677531165992076e-05
-2.995084819339787196e-05
-3.969286889862644899e-05
-5.169429996547105839e-05
-6.495978408618126277e-05
-7.832601406601602013e-05
-9.053007316027887629e-05
-1.002848345710293134e-04
-1.063587939101828480e-04
-1.076570023779487657e-04
-1.032990668101122942e-04
-9.268999077516688531e-05
-7.557933113215205571e-05
-5.210466080988872966e-05
-2.281538364713575206e-05
1.132567343532109423e-05
4.896533108214420665e-05
8.840819388419554798e-05
1.276897769360360450e-04
1.646719694335285387e-04
1.971575457431620835e-04
2.230174822774548928e-04
2.403247044257574288e-04
2.474853001591446433e-04
2.433593122846327357e-04
2.273618080892824810e-04
1.995374507757053750e-04
1.606009457245540623e-04
1.119391724216401980e-04
5.557072161184404153e-05
-5.936532708676176553e-06
-6.958846648919880318e-05
-1.321214323225081329e-04
-1.901855571383631908e-04
-2.405426008165987314e-04
-2.802673987488936099e-04
-3.069380871191412005e-04
-3.188033621745158452e-04
-3.149127690914116872e-04
-2.952008963984098381e-04
-2.605157813486553816e-04
-2.125890794203974033e-04
-1.539463394983593225e-04
-8.776382850642976900e-05
-1.767879266287855432e-05
5.243251524290661736e-05
1.186960759440331835e-04
1.774821046835516687e-04
2.256332792204747168e-04
2.606611531265908650e-04
2.808991451162425176e-04
2.855989762598591664e-04
2.749662116900811778e-04
2.501304604633998235e-04
2.130552412988980708e-04
1.663917159399525589e-04
1.132895234502848591e-04
5.717599287949671235e-05
1.522726184426174203e-06
-5.038610717487050872e-05
-9.566442337366920946e-05
-1.320019311390494899e-04
-1.577938990150405110e-04
-1.722178003648173171e-04
-1.752500790815908894e-04
-1.676270356535045352e-04
-1.507516217807994220e-04
-1.265580363085253631e-04
-9.734236596067372929e-05
-6.557628024027327190e-05
-3.371510410284551674e-05
-4.018483701087342438e-06
2.160651063662452986e-05
4.172500592782866705e-05
5.545226232941856745e-05
6.248194116557653115e-05
6.306859577010974591e-05
5.796479672499935891e-05
4.832458129559975629e-05
3.557927932990535613e-05
2.130119789366507265e-05
7.062697304749799190e-06
-5.693960413410536861e-06
-1.577026116817502769e-05
-2.229613344296717424e-05
-2.478459195192001920e-05
-2.314948377167852392e-05
-1.769168803474266150e-05
-9.052563072786436453e-06
1.855286398552217461e-06
1.393775561598180629e-05
2.601672646206487418e-05
3.693188803644926945e-05
4.563402784367233151e-05
5.126805600597524580e-05
5.323537395496808031e-05
5.123714393253102524e-05
4.529124183416546287e-05
3.572794135017349609e-05
2.316029054476561317e-05
8.437455831243957004e-06
-7.420681144498106354e-06
-2.329749197218427141e-05
-3.806273401666799937e-05
-5.065355627574244019e-05
-6.015367224137942263e-05
-6.585949293161933111e-05
-6.733457065448144880e-05
-6.444253500989001850e-05
-5.736211360617155940e-05
-4.657650149040579786e-05
-3.284315550827390508e-05
-1.713899262897952889e-05
-5.908965092962720802e-07
1.560987998833179898e-05
3.029643305023553570e-05
4.241798112131149709e-05
5.112086924017820029e-05
5.581886768393789664e-05
5.623960693991905370e-05
5.244967569792884841e-05
4.484864882559805430e-05
3.413903961839935395e-05
2.126688684563076518e-05
7.344917417869684033e-06
-6.442886743173891260e-06
-1.893996084814733650e-05
-2.911825362995642448e-05
-3.616502428887531726e-05
-3.955506484067914134e-05
-3.909373130754326315e-05
-3.493469207266014054e-05
-2.756254358327208835e-05
-1.774982771568694089e-05
-6.483847548772587831e-06
5.121958550597430160e-06
1.593268572766094610e-05
2.489466632908827608e-05
3.113555848975026131e-05
3.404384902315689307e-05
3.332912509943556343e-05
2.904819821566641160e-05
2.160347312075999675e-05
1.170430415003612164e-05
3.041477693901043994e-07
-1.149014383595259039e-05
-2.251888841279398452e-05
-3.168034397700948202e-05
-3.803159648364326252e-05
-4.088018102806234051e-05
-3.984798329151933364e-05
-3.491181854081315159e-05
-2.640671460495926988e-05
-1.500206332394426635e-05
-1.642250243737495242e-06
1.253210568933661051e-05
2.628595123398249554e-05
3.839443072443358306e-05
4.775219415594673808e-05
5.346662967309704902e-05
5.493852810026628424e-05
5.191188600167083195e-05
4.450058385043490156e-05
3.317808357012413473e-05
1.874333803655616785e-05
2.253932166436969192e-06
-1.505522128522245997e-05
-3.187313687717762670e-05
-4.691283759948466518e-05
-5.901494718280176326e-05
-6.723340404929616218e-05
-7.090974019738101721e-05
-6.971696510397081524e-05
-6.368385888846702790e-05
-5.318495404937214851e-05
-3.891199161893141794e-05
-2.181585780403600105e-05
-3.038509391808980922e-06
1.617409514271231344e-05
3.455662577800557830e-05
5.091540698735703334e-05
6.420428918782110719e-05
7.359574417059900633e-05
7.852700811254084690e-05
7.873462071347357618e-05
7.425966432521072225e-05
6.544056771806947860e-05
5.287819191293930700e-05
3.739329162507085212e-05
1.996284291017847717e-05
1.657439798165948954e-06
-1.643344957834869056e-05
-3.326536761772400964e-05
-4.790600473579266868e-05
-5.958290636647425761e-05
-6.772795456775190716e-05
-7.199728915970150876e-05
-7.228579335885956803e-05
-6.871648650519486480e-05
-6.162676349145713170e-05
-5.153291918623437059e-05
-3.909689069374061853e-05
-2.507663445225883866e-05
-1.028506347355482432e-05
4.462002168433570796e-06
1.838369959977894990e-05
3.077907174457109057e-05
4.105411836955803517e-05
4.875405738701527980e-05
5.357561402785102685e-05
5.538391342592588831e-05
5.420818411253578437e-05
5.024223272182278774e-05
4.382333305043304773e-05
3.541718011769818479e-05
2.558206728065033679e-05
1.494189070553065819e-05
4.140797252459617870e-06
-6.188742284623728170e-06
-1.547219469733918714e-05
-2.321995851491522809e-05
-2.906433681844152700e-05
-3.277179962766874164e-05
-3.426219746515334427e-05
-3.359988575571240982e-05
-3.099186570324249907e-05
-2.675790814070223389e-05
-2.131146040792382840e-05
-1.511577914541268316e-05
-8.657237372050387799e-06
-2.398397627766863983e-06
3.244920958003715142e-06
7.942901809316708906e-06
1.146100259546491545e-05
1.368332184196235294e-05
1.460198089606953999e-05
1.432137671682395007e-05
1.302757102468703047e-05
1.097734153215191812e-05
8.454883083757832625e-06
5.756158519305257151e-06
3.144770612333916546e-06
8.443088139892585704e-07
-9.952800461832103253e-07
-2.287771625027646966e-06
-3.028229935755227209e-06
-3.263587681483368743e-06
-3.097743940525352011e-06
-2.649526609660642570e-06
-2.056179957068506684e-06
-1.429385137528474872e-06
-8.689486851987126091e-07
-4.248213542729853283e-07
-1.284618839731877860e-07
3.853049424075086457e-08
9.476220936732161021e-08
9.276669776724883490e-08
5.539610538503283423e-08
2.852280733881787205e-08
2.133196582366854178e-09
7.248752125773508245e-09
-2.422114050024245473e-06
3.853036268632806515e-06
1.606580021670371786e-05
2.547675861664965011e-05
3.443486940661954170e-05
4.071119848966113280e-05
4.544005189150969676e-05
4.742735456502531480e-05
4.764745575190913913e-05
4.550671603072096983e-05
4.200187457442198380e-05
3.690974242270839563e-05
3.121796881759112969e-05
2.486687282769249569e-05
1.872892262290692798e-05
1.272804724138260022e-05
7.520180896131558363e-06
2.894442570376198912e-06
-7.541176125883328315e-07
-3.803264993563333698e-06
-6.084511118560233341e-06
-8.089240376444272506e-06
-9.773698320441527739e-06
-1.163319374796473256e-05
-1.361691177001495536e-05
-1.610534632091527679e-05
-1.892810772620933017e-05
-2.227236907497853887e-05
-2.579749772608635959e-05
-2.949259493905163161e-05
-3.287786757795059240e-05
-3.581870378525076862e-05
-3.779820357710862076e-05
-3.868609035069113018e-05
-3.806286918925059912e-05
-3.593663288931339472e-05
-3.209929982368433843e-05
-2.678443978961161874e-05
-2.004083230985679567e-05
-1.232956717401957431e-05
-3.908779681046783370e-06
4.623511099395131126e-06
1.292976786835256240e-05
2.042979962920510212e-05
2.687473999604961600e-05
3.186444445875425015e-05
3.538088012106710081e-05
3.730811506220962041e-05
3.791466361175584811e-05
3.736555794601177194e-05
3.615254584589422290e-05
3.459937484646227914e-05
3.325062881326782164e-05
3.238332321044438879e-05
3.237517022315834406e-05
3.324333258775634663e-05
3.501673759317712643e-05
3.732278874818881187e-05
3.978349842184048413e-05
4.166200704400746909e-05
4.228925684498718119e-05
4.076647641066748299e-05
3.641160889340832370e-05
2.849657322285806862e-05
1.668673732702304462e-05
7.792871559641779100e-07
-1.889889742975181999e-05
-4.178736589701069991e-05
-6.676603975353733952e-05
-9.251026625980709680e-05
-1.172496838112883704e-04
-1.391844406422342224e-04
-1.563167110801691245e-04
-1.669036492134225614e-04
-1.693239216361965916e-04
-1.625211492673793250e-04
-1.458520257283619310e-04
-1.194659478594272274e-04
-8.408246100550140450e-05
-4.126357430573760415e-05
6.911458120899174111e-06
5.769623722373944959e-05
1.081024516976006718e-04
1.548494845815998706e-04
1.948487541394624547e-04
2.251950213327749575e-04
2.436406948748853795e-04
2.485524850495694944e-04
2.392997949641759224e-04
2.161069818734869289e-04
1.802998517360793467e-04
1.340152673192821311e-04
8.029021431100518628e-05
2.263721606025379489e-05
-3.499047650954964142e-05
-8.870211388827125578e-05
-1.347535830228086494e-04
-1.700425824760211607e-04
-1.921499169856907688e-04
-1.997380161476035494e-04
-1.924707450230975551e-04
-1.712533375687850807e-04
-1.379894162551071344e-04
-9.564534565561931729e-05
-4.785190060972360418e-05
1.175246609045526724e-06
4.713622515673305836e-05
8.579861983072061135e-05
1.135149353899606760e-04
1.273518460575496971e-04
1.255280954065137659e-04
1.074292661670225765e-04
7.388504659043009675e-05
2.700430067873469528e-05
-2.975242153687612020e-05
-9.193727479820815250e-05
-1.542397914993185045e-04
-2.110155589869735419e-04
-2.565456507312538254e-04
-2.856428091535840479e-04
-2.939378355457039974e-04
-2.784402285116188312e-04
-2.377200708213690269e-04
-1.722927209185812301e-04
-8.457630193369396014e-05
2.099854579047301885e-05
1.383245284877377833e-04
2.598129420599445375e-04
3.770081861462573907e-04
4.810254161045105447e-04
5.633349913054605399e-04
6.162927297188857409e-04
6.339125191605770888e-04
6.122872612775467861e-04
5.501434499204687278e-04
4.489595384767972454e-04
3.131399712704244242e-04
1.497146007228419232e-04
-3.192508873242481298e-05
-2.207351958793891586e-04
-4.046392664967485373e-04
-5.714964025295256669e-04
-7.098691384074531582e-04
-8.099996646210400010e-04
-8.644511914810598706e-04
-8.688164604497294625e-04
-8.219796822446981529e-04
-7.263531089397612947e-04
-5.876265461748738294e-04
-4.144842143781635071e-04
-2.178802128865384971e-04
-1.035213630627457986e-05
1.949935463361239594e-04
3.853289076587308845e-04
5.491224645912149782e-04
6.768407463961203163e-04
7.616774481094152347e-04
7.998630190976482087e-04
7.909238747884179358e-04
7.374955608124125804e-04
6.450930257535200966e-04
5.214932115623875522e-04
3.761569872125530736e-04
2.193803968660899893e-04
6.160619138024039671e-05
-8.740387062237154898e-05
-2.191259394004932393e-04
-3.268685984349028301e-04
-4.060279865144841372e-04
-4.543312996608401795e-04
-4.717325527109626532e-04
-4.603091105665761858e-04
-4.238574939546739073e-04
-3.675470383306438582e-04
-2.973516542626000497e-04
-2.196165414275453817e-04
-1.404904073134164799e-04
-6.556475977357143381e-05
5.532836281074357204e-07
5.441833138200827307e-05
9.395694095990249069e-05
1.184215023806736928e-04
1.283793586211591617e-04
1.254714142588774645e-04
1.122361548515140179e-04
9.175200210399341017e-05
6.739165962909410930e-05
4.245126012088691104e-05
1.993694264553032148e-05
2.273563570038683483e-06
-8.799070636677539068e-06
-1.238063275656140954e-05
-8.370313860575112521e-06
2.525181374112479164e-06
1.896162482923297051e-05
3.906162005792509373e-05
6.066440062901231272e-05
8.148072396537395007e-05
9.935375181233982282e-05
1.123936851981369644e-04
1.191826033930698146e-04
1.188309987278826613e-04
1.110826853264799914e-04
9.626646056250652453e-05
7.529302519581746367e-05
4.951190418464633205e-05
2.062700275332381833e-05
-9.500775289819585892e-06
-3.896885193360463218e-05
-6.602917098135284272e-05
-8.917872829057879667e-05
-1.073030493714299442e-04
-1.196990120368708561e-04
-1.261355842195841252e-04
-1.267941726748937040e-04
-1.222480518790258818e-04
-1.133375228602986662e-04
-1.010991668021343765e-04
-8.661707845169894129e-05
-7.094860936664119781e-05
-5.499829655233462726e-05
-3.948182704188449771e-05
-2.485576480754212483e-05
-1.134148224455891398e-05
1.080639839241657724e-06
1.259199104687889559e-05
2.349428927029844182e-05
3.410261430631842620e-05
4.469136012802475515e-05
5.539763710315286581e-05
6.619242920028073644e-05
7.682791603414137788e-05
8.685939565616278366e-05
9.565101941767539015e-05
1.024504909229694005e-04
1.064430528630021402e-04
1.068583733608084149e-04
1.030442204129050887e-04
9.457158357295805044e-05
8.129139203400752962e-05
6.340170406937670525e-05
4.145502361353513375e-05
1.636202283653011858e-05
-1.066614296250530939e-05
-3.818071288471890475e-05
-6.460747183270658606e-05
-8.835269728119071037e-05
-1.079359184214237672e-04
-1.220986972028102508e-04
-1.299155180509949299e-04
-1.308642824995076592e-04
-1.248791329899751198e-04
-1.123550032375290913e-04
-9.412606658151109686e-05
-7.140065503353323396e-05
-4.567408198360784003e-05
-1.861403159925125619e-05
8.062466479960580623e-06
3.271636235529179839e-05
5.390515079767425378e-05
7.048283697459312820e-05
8.167731873449852228e-05
8.713206978688977332e-05
8.691941383318925983e-05
8.151081407430205259e-05
7.172415603222698102e-05
5.863321585271000669e-05
4.347223261247402124e-05
2.751841506437729753e-05
1.199373985824559847e-05
-2.038589034946361624e-06
-1.373741333253312978e-05
-2.254220423664570470e-05
-2.818001710652962046e-05
-3.066907704807209919e-05
-3.027107979429155120e-05
-2.745243045715999584e-05
-2.280351743314078312e-05
-1.698529961741947488e-05
-1.064609687404640884e-05
-4.383385786893814721e-06
1.316523277135739003e-06
6.083492378066626293e-06
9.691539428128746219e-06
1.202960026529451632e-05
1.310404227086854128e-05
1.298863833948887596e-05
1.181927532148186880e-05
9.742243268284266289e-06
6.919166522586283245e-06
3.488189505233821176e-06
-4.116354021715546076e-07
-4.663568818582765322e-06
-9.133194191320728882e-06
-1.368532297954981131e-05
-1.814109838810918797e-05
-2.230237683712557164e-05
-2.591838108068379517e-05
-2.872693387382058237e-05
-3.043589209845438254e-05
-3.078174497434873900e-05
-2.952151295207628266e-05
-2.650023914145475376e-05
-2.164176004546955256e-05
-1.501176910168025008e-05
-6.793726395859249697e-06
2.665440160516530348e-06
1.290523832439089662e-05
2.333059161102883134e-05
3.328986748523142725e-05
4.207529689212974290e-05
4.902079355069375184e-05
5.351113863550017091e-05
5.508364661102251199e-05
5.342800647258123706e-05
4.847278773975442767e-05
4.035731499933297345e-05
2.948662586716615971e-05
1.646329319512965827e-05
2.104903717139265126e-06
-1.266313768221275185e-05
-2.681943865948096392e-05
-3.937814366652274444e-05
-4.941006806921130159e-05
-5.617516127146982149e-05
-5.912806347972695496e-05
-5.802701865245129973e-05
-5.290144193241203897e-05
-4.411897040255744314e-05
-3.230272193326196755e-05
-1.835169764523059097e-05
-3.310907719058217081e-06
1.164376215529906727e-05
2.536406995782723031e-05
3.675515547118943298e-05
4.493332142291452087e-05
4.923127294661040564e-05
4.932565448470330318e-05
4.519644636058041349e-05
3.720499263210055120e-05
2.599563753596447838e-05
1.252096607169200084e-05
-2.108539141184245562e-06
-1.663756904337343332e-05
-2.984644587067702409e-05
-4.057462125230754736e-05
-4.789921941932910430e-05
-5.113484041174018793e-05
-4.997684265846086233e-05
-4.444788339247734965e-05
-3.498337465841568110e-05
-2.231154516563335364e-05
-7.478899608945859605e-06
8.326852470625959479e-06
2.379068870508996075e-05
3.767413500483713555e-05
4.883100836655208737e-05
5.639739182924591792e-05
5.976957873240052019e-05
5.874604209807294191e-05
5.344251803001206927e-05
4.437230200380855912e-05
3.229650036893171711e-05
1.825201748106297108e-05
3.356207730165310794e-06
-1.119019368443430978e-05
-2.431134352330135238e-05
-3.504262866111073200e-05
-4.271593088451006653e-05
-4.690215593755107221e-05
-4.754682709530687741e-05
-4.485120865394488565e-05
-3.935169724600148491e-05
-3.174433208828498490e-05
-2.292366181990797622e-05
-1.377524467319349409e-05
-5.205123989226711786e-06
2.065412709293495643e-06
7.445487564553311891e-06
1.064696982268279145e-05
1.158079126296311119e-05
1.048038668377314598e-05
7.742165560272475011e-06
4.003740393300006132e-06
-5.844560454141357892e-08
-3.674832178458619211e-06
-6.200467214848876984e-06
-7.052963263628545349e-06
-5.913125782285350903e-06
-2.625156509005852123e-06
2.643739964818182485e-06
9.556498526935801845e-06
1.749308910917208454e-05
2.575263454851434646e-05
3.347310977209048857e-05
3.986146916455651909e-05
4.412002313494401789e-05
4.567648929011963873e-05
4.408895839396981226e-05
3.924999289000402310e-05
3.124778847821087815e-05
2.052770980683681030e-05
7.700120476589656407e-06
-6.341421440526827201e-06
-2.065794594878695486e-05
-3.417431838100840128e-05
-4.594036981438366250e-05
-5.503994983721597977e-05
-6.084494262150587043e-05
-6.289302854864745052e-05
-6.110661244379148949e-05
-5.561696627898193596e-05
-4.693444518405098158e-05
-3.571497540248182428e-05
-2.288821162399109547e-05
-9.382528960141995307e-06
3.764111609592627622e-06
1.569058632989512157e-05
2.558617619086317756e-05
3.295677114960832930e-05
3.745471629859726360e-05
3.910363073825513797e-05
3.807172717293155832e-05
3.485287452244391321e-05
2.999074055382520819e-05
2.423318507363666287e-05
1.823121919565899449e-05
1.269568958377423413e-05
8.100694380479775289e-06
4.870860175421893011e-06
3.112606340989711606e-06
2.849486504031364100e-06
3.790073476413259182e-06
5.611700739661015430e-06
7.755874887183650929e-06
9.744578511508195551e-06
1.098155862084072028e-05
1.107754099198219523e-05
9.632677320948924242e-06
6.548449980897117467e-06
1.771945197490745560e-06
-4.418758917515543102e-06
-1.171603654419986223e-05
-1.952360349929551945e-05
-2.729777147036874799e-05
-3.430198190412616553e-05
-3.997155328534639934e-05
-4.366137811741276786e-05
-4.501357123068772857e-05
-4.367750707778242126e-05
-3.966342486308322150e-05
-3.302072415237426744e-05
-2.416973025037939395e-05
-1.353452989871889084e-05
-1.856007836611554763e-06
1.021398984299857578e-05
2.180534051377226466e-05
3.225898383649914130e-05
4.080597937926845961e-05
4.700204383662689599e-05
5.037383190939941416e-05
5.084426689879775041e-05
4.833369609511255389e-05
4.317097276084577338e-05
3.564722382693121834e-05
2.641757206136271168e-05
1.601381420056801748e-05
5.249412670777271834e-06
-5.296532661103966332e-06
-1.485384896885294243e-05
-2.299193637265525649e-05
-2.915715507523129410e-05
-3.320734063161905086e-05
-3.490026518093093975e-05
-3.442860167547099140e-05
-3.185567860124413901e-05
-2.765660884091010252e-05
-2.210543703155420467e-05
-1.583534983300883758e-05
-9.185434037254253757e-06
-2.795611370594484063e-06
3.079317736081843990e-06
7.925210675631853358e-06
1.168272908757499913e-05
1.404071468742667560e-05
1.517881122935327226e-05
1.499023352010410597e-05
1.386094548418331060e-05
1.181910472853039959e-05
9.367079736132166614e-06
6.558267196194196248e-06
3.903519814447718816e-06
1.374220431203450334e-06
-5.940569353854392848e-07
-2.180208466771885355e-06
-3.054555447807773186e-06
-3.557888273731209642e-06
-3.437159674078931966e-06
-3.156996827530596728e-06
-2.468701522226462291e-06
-1.901658343182398931e-06
-1.127992480553913888e-06
-6.996899497833052729e-07
-1.447976957936101849e-07
-4.446080828766148975e-08
2.539474311040354115e-07
6.885460630661433673e-08
2.685923764124092657e-07
-7.660777212657553494e-08
2.390994943385504211e-07
-2.780162639588655895e-07
4.794494561870302287e-07
4.474716876708252137e-07
2.057757276326665922e-06
3.357883194567032113e-06
4.572405967232392582e-06
5.473398941029474469e-06
6.124057789624051134e-06
6.397684838027179611e-06
6.359544618560684690e-06
5.953794113478977434e-06
5.269387240228616930e-06
4.304389683133396447e-06
3.168550099015448580e-06
1.892876843292079065e-06
5.927715434489974140e-07
-6.915995836273277895e-07
-1.858052574754508532e-06
-2.878642253940091925e-06
-3.679812331777509177e-06
-4.259756102595509548e-06
-4.580689697804525695e-06
-4.670706314163132460e-06
-4.525183297796560975e-06
-4.196214501356430334e-06
-3.701773180485186806e-06
-3.105666125274227778e-06
-2.434029812858198163e-06
-1.748442987651333860e-06
-1.069676500837916957e-06
-4.460299783734800179e-07
1.158775371417898495e-07
5.862399670548069756e-07
9.748386366166085806e-07
1.269109142705990498e-06
1.491499340001598956e-06
1.640535594486843360e-06
1.744020107248085508e-06
1.803462011951573667e-06
1.844332969881194973e-06
1.864204831916063941e-06
1.880985486985819872e-06
1.884833376791167830e-06
1.884845420735553832e-06
1.864444005518781165e-06
1.826537595027878085e-06
1.751756974282543184e-06
1.641797026076593281e-06
1.479734421677875199e-06
1.271165346588810373e-06
1.005909165506941676e-06
6.966803213209835740e-07
3.417338463523861459e-07
-3.892389286040371668e-08
-4.400597939530059024e-07
-8.371654451738719540e-07
-1.221968532274570069e-06
-1.570037861641146361e-06
-1.874935661929571983e-06
-2.116915840573912974e-06
-2.295384301735906237e-06
-2.398247890961650104e-06
-2.432517686181705928e-06
-2.394104260181735867e-06
-2.296648529929995086e-06
-2.141829474263963796e-06
-1.946742871305147549e-06
-1.714996261584732659e-06
-1.463092334880851747e-06
-1.192663854377455025e-06
-9.163082065576676804e-07
-6.312406014572380095e-07
-3.448744819154392680e-07
-4.997564905824057023e-08
2.499571855407087780e-07
5.642013632920462705e-07
8.898226957627571844e-07
1.234222203083279374e-06
1.590904045587232531e-06
1.961533534377132603e-06
2.332854389990999929e-06
2.698678577826270683e-06
3.038223902218432933e-06
3.338261268952554595e-06
3.572901981710990573e-06
3.725849002053806558e-06
3.771379136317965715e-06
3.696370408208959748e-06
3.481991717270853814e-06
3.125000292528747550e-06
2.619552380752953347e-06
1.977248758240106254e-06
1.208559126431369233e-06
3.412587559650236939e-07
-5.987927517697072604e-07
-1.570872447303059673e-06
-2.539168442340778989e-06
-3.457344588557284874e-06
-4.288426141998266608e-06
-4.990092796553316229e-06
-5.534002611236341804e-06
-5.891064680316156750e-06
-6.049503740171625678e-06
-5.999459326620687063e-06
-5.749302586752329597e-06
-5.309223576397675933e-06
-4.705707462019587498e-06
-3.964222770912312401e-06
-3.122231902395459186e-06
-2.211541748321505070e-06
-1.270609699561042106e-06
-3.274078132833061562e-07
5.880556810397487044e-07
1.459498896355724382e-06
2.270864106618707340e-06
3.020159356890295002e-06
3.704664694885075647e-06
4.332866876640883938e-06
4.908689461536879023e-06
5.442168615379981030e-06
5.933606241402426533e-06
6.384105878960596282e-06
6.780853855472747466e-06
7.108729667653243196e-06
7.337780572032657047e-06
7.436738663494909969e-06
7.363148739323368114e-06
7.078834238437416913e-06
6.542227650688820690e-06
5.724874211144452753e-06
4.604610206137273438e-06
3.181430730887048929e-06
1.469629393581398207e-06
-4.888730156262388155e-07
-2.635189665620509527e-06
-4.884084993370035287e-06
-7.138344563460762937e-06
-9.283585879932275441e-06
-1.120586565652340588e-05
-1.278944934612545062e-05
-1.393573338079540608e-05
-1.456146364853802654e-05
-1.461608906143452085e-05
-1.407739275945813110e-05
-1.296438849444873000e-05
-1.132789074009800369e-05
-9.257187379913488744e-06
-6.864695720013542613e-06
-4.286648225313101163e-06
-1.663205826073704335e-06
8.643588894974876346e-07
3.174663334635726653e-06
5.168400283675477229e-06
6.785976038131037289e-06
8.004630192455282564e-06
8.848772399212231118e-06
9.379001648937008550e-06
9.693396614220143033e-06
9.908240215522480561e-06
1.015178475523090268e-05
1.053989891282503715e-05
1.116706616785746836e-05
1.208290669038267116e-05
1.328709245438028070e-05
1.471355579293426525e-05
1.623562273181598963e-05
1.766302686712007398e-05
1.876060666101064204e-05
1.925919965432146001e-05
1.888641045629405675e-05
1.738722009318428312e-05
1.456015434787282218e-05
1.027882723556332981e-05
4.523270008855474484e-06
-2.608467887992450050e-06
-1.088436884895115278e-05
-1.994599030380591139e-05
-2.931477687730234415e-05
-3.842248968845613150e-05
-4.663976372919054458e-05
-5.332534994057293342e-05
-5.786882238942689150e-05
-5.974694334575540651e-05
-5.856600740628841351e-05
-5.410909939448244472e-05
-4.636145163864335963e-05
-3.553304723548042656e-05
-2.205397281190338334e-05
-6.563214308824117241e-06
1.013023262399521234e-05
2.709101526725670594e-05
4.332340797650525201e-05
5.783479595550000571e-05
6.971151987118864325e-05
7.818162548898738935e-05
8.267834192698958083e-05
8.288012895623976279e-05
7.874211148103493329e-05
7.049791396668607867e-05
5.864920175110125187e-05
4.392608499548011539e-05
2.723858919961468829e-05
9.606230977108652790e-06
-7.912087944352146659e-06
-2.429837377014696411e-05
-3.864358559728289354e-05
-5.021352432707061402e-05
-5.849203458361859051e-05
-6.321321502518737259e-05
-6.436570056185334507e-05
-6.218354992980835354e-05
-5.711102128424227489e-05
-4.975854955355380729e-05
-4.084070834065100191e-05
-3.111501244432554109e-05
-2.131419047041097144e-05
-1.209043474636490089e-05
-3.964100460305491176e-06
2.706951341564174841e-06
7.746804188566904371e-06
1.115720339468913914e-05
1.310172616601061555e-05
1.386977132208281580e-05
1.383492492776374821e-05
1.340200277601528945e-05
1.295826332086508747e-05
1.282423979595671483e-05
1.321863048250435411e-05
1.423179431867158763e-05
1.581935814435474110e-05
1.780806261618871273e-05
1.992140485281745688e-05
2.181436371953512332e-05
2.312107925282455621e-05
2.350288310350615397e-05
2.269841469578209671e-05
2.056327808205211542e-05
1.710100033567512283e-05
1.247499229145916818e-05
7.005350148338743603e-06
1.144159454606093447e-06
-4.563605297414405648e-06
-9.535517639638414392e-06
-1.321346292820945683e-05
-1.513028113271812254e-05
-1.497000849443063360e-05
-1.261911928785571016e-05
-8.198790409352909930e-06
-2.077081997080454372e-06
5.145119257639307390e-06
1.267187216843237094e-05
1.957459504153565672e-05
2.487242837035544496e-05
2.762646896011379354e-05
2.703795216546250218e-05
2.254301368911456035e-05
1.389334609626573367e-05
1.215137768348024044e-06
-1.496182344979313231e-05
-3.370943000861819592e-05
-5.374349408389467127e-05
-7.350206441967425464e-05
-9.125528697811520094e-05
-1.052399501266010801e-04
-1.138077525022304122e-04
-1.155763409215570500e-04
-1.095686207510322333e-04
-9.532900087032680889e-05
-7.300287370596092256e-05
-4.337226527841210209e-05
-7.839291645907098309e-06
3.164143229607672026e-05
7.268158521460765342e-05
1.126183235352616629e-04
1.487059579506450578e-04
1.783214078228045007e-04
1.991707586782224648e-04
2.094749918178257517e-04
2.081232213268164656e-04
1.947745315890894410e-04
1.699037765863461492e-04
1.347807334330410327e-04
9.138907350955631352e-05
4.228524461427937930e-05
-9.584815068562100524e-06
-6.110222900365056822e-05
-1.091996345394044419e-04
-1.510816830854658081e-04
-1.844159629826344182e-04
-2.074869361262140881e-04
-2.192934591680604692e-04
-2.195921156456250283e-04
-2.088767442282765370e-04
-1.883074537608807016e-04
-1.595886373463371963e-04
-1.248179910182628896e-04
-8.631118111505710930e-05
-4.642761991794226413e-05
-7.401388107561249258e-06
2.879932336061264935e-05
6.058562554478801688e-05
8.681662898369010026e-05
1.068327044947593599e-04
1.204427322822692697e-04
1.278822396195976351e-04
1.297368897729133947e-04
1.268528846076846274e-04
1.202306613074177272e-04
1.109247925482132255e-04
9.994482960433197173e-05
8.817824455285779061e-05
7.632629693118032790e-05
6.487063363483963250e-05
5.405667224883940503e-05
4.390817076709920572e-05
3.425472750699926473e-05
2.478419420778993072e-05
1.509889939515432009e-05
4.786738521084167681e-06
-6.515634187832017971e-06
-1.905612254139484260e-05
-3.291978976562701564e-05
-4.798732852806884407e-05
-6.392094946111767618e-05
-8.016138526609628155e-05
-9.595552855898005712e-05
-1.103946354199690022e-04
-1.224799919628639727e-04
-1.311922431312205332e-04
-1.355793255000661206e-04
-1.348363591507381967e-04
-1.283913896284804375e-04
-1.159688114709981016e-04
-9.764545275748951739e-05
-7.387212467015672596e-05
-4.547902124582939195e-05
-1.364072409798016214e-05
2.017572215024601384e-05
5.429974651051891092e-05
8.695416216282657773e-05
1.163765718846448494e-04
1.409323285627844000e-04
1.592344602261238262e-04
1.702364950608464171e-04
1.733152913806090161e-04
1.683115780566150346e-04
1.555501340733304134e-04
1.358118308054305869e-04
1.102859411696579205e-04
8.047977917905723973e-05
4.811987246037791423e-05
1.502496580171800279e-05
-1.701152739777991475e-05
-4.634880431370637366e-05
-7.159737176855887576e-05
-9.171071655496948157e-05
-1.060339144365553867e-04
-1.143358602636766687e-04
-1.167934306220950888e-04
-1.139603425922481629e-04
-1.066931060950830802e-04
-9.607199347840461373e-05
-8.329205621072493246e-05
-6.956534370489218626e-05
-5.600969732838539548e-05
-4.356600261687508275e-05
-3.291698940572984562e-05
-2.444774842287778473e-05
-1.821659190047670765e-05
-1.397306990123594280e-05
-1.118637771594010144e-05
-9.117425361261818873e-06
-6.892751453413617484e-06
-3.610812069872336216e-06
1.565036204687095430e-06
9.297180833855133903e-06
1.999523468109892617e-05
3.373705866018722102e-05
5.023562407405145181e-05
6.881652852945609471e-05
8.844958232195062155e-05
1.077935290348715230e-04
1.252930696873827171e-04
1.392808776083759531e-04
1.481197771828606793e-04
1.503324836002880259e-04
1.447521419338067207e-04
1.306383461992151340e-04
1.077925599557291784e-04
7.661747360207769593e-05
3.815798404255278632e-05
-5.928372776226922024e-06
-5.342672121715124007e-05
-1.016920091037138509e-04
-1.477943077267052574e-04
-1.887220344472970114e-04
-2.215812641798615718e-04
-2.438261234279409293e-04
-2.534527349115076110e-04
-2.491908719363363292e-04
-2.306252368134366262e-04
-1.982854809412918403e-04
-1.536422360030448829e-04
-9.905872056673366711e-05
-3.764452658614181855e-05
2.692579036101334824e-05
9.067214392375502296e-05
1.495715208429375268e-04
1.998597105610574608e-04
2.382911262192059982e-04
2.623933653774058279e-04
2.706371439356612999e-04
2.625668502365071690e-04
2.388210941837427912e-04
2.011023333385363119e-04
1.520365776279541546e-04
9.499704987420255840e-05
3.384301117584400374e-05
-2.734145992174615944e-05
-8.455358163733000306e-05
-1.341343360430945555e-04
-1.730352130482333919e-04
-1.990031047987580017e-04
-2.107397189487821975e-04
-2.079558533337087724e-04
-1.913881859688112779e-04
-1.627068735912357109e-04
-1.243937663349420776e-04
-7.952763517082969604e-05
-3.156741331142621940e-05
1.592525660151120241e-05
5.952691053322286798e-05
9.621669218484163173e-05
1.235669419247276710e-04
1.399266422833973810e-04
1.445040455870926920e-04
1.374252205687212394e-04
1.196814611607627021e-04
9.305488139131765839e-05
5.994265482090310439e-05
2.318102194774111714e-05
-1.420534598035525631e-05
-4.921883571054374494e-05
-7.914336335396990243e-05
-1.017254425641815158e-04
-1.153623455669863600e-04
-1.191876327345357009e-04
-1.131453935788710339e-04
-9.794958595553213555e-05
-7.503321431088270466e-05
-4.639039749448895840e-05
-1.442888325909887286e-05
1.825981304874787416e-05
4.908597998894767279e-05
7.569684309567628231e-05
9.613078804061078297e-05
1.089915261657061797e-04
1.135130061323513497e-04
1.096281127262760825e-04
9.791736788184634199e-05
7.956596645844608341e-05
5.621080134751214289e-05
2.981932130332997098e-05
2.483006198461666437e-06
-2.372421145891496548e-05
-4.694513639054719066e-05
-6.564236073392583663e-05
-7.873785104984431420e-05
-8.563537621543107102e-05
-8.627266455457879607e-05
-8.105181557654188274e-05
-7.081050564316181649e-05
-5.668264269260196801e-05
-4.002356377720305599e-05
-2.224308418407637349e-05
-4.730012505627208808e-06
1.129876562857752440e-05
2.483534656138066578e-05
3.518525260591092292e-05
4.194571632668317007e-05
4.505502920878578892e-05
4.471322930420929117e-05
4.138733681797548313e-05
3.569260876547154131e-05
2.837833243916226302e-05
2.019649643741159637e-05
1.189587746525856337e-05
4.102459141506506238e-06
-2.656956375294561606e-06
-8.047922517340129364e-06
-1.186565955053463425e-05
-1.410066004281600533e-05
-1.484086990394234560e-05
-1.432121907135812429e-05
-1.280416423402794427e-05
-1.063088771711367813e-05
-8.095050162389409059e-06
-5.511505254547307249e-06
-3.092223678938409100e-06
-1.041686045451274596e-06
5.643532886333569322e-07
1.653333130184747435e-06
2.280078844437077373e-06
2.470769418172833627e-06
2.362047636607041837e-06
2.015148006231199187e-06
1.587331025829710514e-06
1.111545044991839998e-06
7.223854763438005081e-07
3.823325336886162263e-07
1.983266197342338020e-07
4.180894630896571979e-08
4.745822872505904520e-08
-6.761969607172802222e-08
