-4.594867487792232615e-05
-7.828619603349335485e-05
-7.069794642950309109e-05
-7.183648801224904129e-05
-6.297682261916399135e-05
-5.670728562479129939e-05
-4.365470567005416209e-05
-3.189232874339779141e-05
-1.538804767858979776e-05
-3.516472113191370766e-07
1.748414943246133965e-05
3.298675775939560804e-05
4.942889865313792198e-05
6.251159056190211340e-05
7.501048781824889132e-05
8.340421312290073239e-05
9.030176647298959823e-05
9.292742006204836390e-05
9.389438129516473235e-05
9.107735889338400119e-05
8.710576587105578385e-05
8.031831182597344815e-05
7.324356154807597317e-05
6.443388171161639529e-05
5.613789118022481840e-05
4.687670289755522022e-05
3.846841941670318233e-05
2.924810826306610962e-05
2.056665474106859188e-05
1.057372842844532617e-05
2.770817146673365625e-07
-1.218852136031122007e-05
-2.588943713806329166e-05
-4.241785473828327491e-05
-6.058275562373476302e-05
-8.140851223614411656e-05
-1.031800111997872979e-04
-1.261874570011256797e-04
-1.481180532245420227e-04
-1.685999583230846956e-04
-1.849198335819132353e-04
-1.963902865368634995e-04
-2.003509208817158441e-04
-1.963527519249787766e-04
-1.823794014431097486e-04
-1.588185419864117745e-04
-1.248297148837468925e-04
-8.206570491549887816e-05
-3.112143580531146424e-05
2.501837366164844364e-05
8.448743701258409889e-05
1.433562598678209750e-04
1.990952637752157713e-04
2.476121077245376509e-04
2.866265215432382330e-04
3.128466472319348557e-04
3.251858081016063807e-04
3.219856657331984957e-04
3.040047558055035491e-04
2.716129426687210373e-04
2.275109696972778468e-04
1.738646711367827324e-04
1.147667291920262785e-04
5.333784274335862617e-05
-6.000690767873484156e-06
-6.037831978147508696e-05
-1.062819657926523487e-04
-1.422525214006081470e-04
-1.666544136614679205e-04
-1.801233261821735257e-04
-1.832175907582254102e-04
-1.785767893827522855e-04
-1.684433358221646185e-04
-1.565692514632911465e-04
-1.456765365378514122e-04
-1.392228565971759930e-04
-1.389295494411108380e-04
-1.465559828357177949e-04
-1.616382024979744973e-04
-1.834073287400364279e-04
-2.088400111547252685e-04
-2.347884930232631273e-04
-2.563566351888523723e-04
-2.692088864540477544e-04
-2.681823417173921772e-04
-2.496446411637966265e-04
-2.101719209004544893e-04
-1.487695959244815394e-04
-6.542184417106635189e-05
3.700010970377967537e-05
1.544645427867370692e-04
2.802792981990002465e-04
4.071352396157127264e-04
5.259863179076265357e-04
6.283195615550741554e-04
7.052610141009831805e-04
7.498730792367566634e-04
7.562518187438214317e-04
7.216088317657824366e-04
6.451243878317675269e-04
5.296136755849971921e-04
3.799843817795905661e-04
2.044058855979534559e-04
1.236363985416120522e-05
-1.845943409026112902e-04
-3.750600100324716292e-04
-5.472299483011463638e-04
-6.911110151973439298e-04
-7.979177554442958616e-04
-8.620081896085837617e-04
-8.799675892158611602e-04
-8.520826776745750843e-04
-7.809893557146525573e-04
-6.726482391952611200e-04
-5.346013664252244725e-04
-3.765704323305231146e-04
-2.085008806473389600e-04
-4.100440698287170880e-05
1.165678034507857850e-04
2.555931197000948650e-04
3.698507128458538152e-04
4.547126542758046699e-04
5.084314354381286403e-04
5.309827130822539903e-04
5.249622676337117617e-04
4.941362868456242391e-04
4.440590353602984143e-04
3.804812687518116087e-04
3.098656374756950495e-04
2.378376486404004176e-04
1.697774909856136273e-04
1.094694205756016262e-04
5.989345621776289206e-05
2.215269405054193328e-05
-3.501970300505372401e-06
-1.848197524296736415e-05
-2.465995428461271143e-05
-2.500882630803701395e-05
-2.233735465494683528e-05
-1.988274629746564613e-05
-2.010471270019442274e-05
-2.534198808225177077e-05
-3.675330182653731341e-05
-5.510041038149404344e-05
-7.986825379477050662e-05
-1.101787116857882109e-04
-1.440672188788917922e-04
-1.794844750233557111e-04
-2.136712221883385501e-04
-2.441821172130078147e-04
-2.682896577104722452e-04
-2.839650939419634842e-04
-2.892533784158422307e-04
-2.831651243186666792e-04
-2.649892323539225405e-04
-2.350771758409927396e-04
-1.940870631245617981e-04
-1.436663076850381226e-04
-8.564169586602515046e-05
-2.262222130552042943e-05
4.283957721993622407e-05
1.076963443247571360e-04
1.692444960333738889e-04
2.245946912934019418e-04
2.714812155350359571e-04
3.077248836731246340e-04
3.319855511653364345e-04
3.431915528990767974e-04
3.412140487017613767e-04
3.262468154769780247e-04
2.993936127996354828e-04
2.619965603041156214e-04
2.161432503952091723e-04
1.639580578539726074e-04
1.080516610361781469e-04
5.080423548781854576e-05
-5.208197392111806893e-06
-5.790197823440923486e-05
-1.052453114796596777e-04
-1.458837787290144853e-04
-1.786570960077708597e-04
-2.031425481918302687e-04
-2.191198090352336773e-04
-2.270345713906827428e-04
-2.274237754001496139e-04
-2.213214375359019498e-04
-2.096733535504871008e-04
-1.937192689925111469e-04
-1.744320696400598588e-04
-1.529094480582679060e-04
-1.298652952054822694e-04
-1.060515874344342580e-04
-8.181347358081839788e-05
-5.754355583859361174e-05
-3.329302641595145197e-05
-9.242532714657719287e-06
1.465348091651927121e-05
3.820625414752504631e-05
6.134386434974210161e-05
8.368769284982475413e-05
1.049211515615240399e-04
1.244177946553642823e-04
1.416341677338185537e-04
1.557873252288289798e-04
1.662620546122736893e-04
1.723215013208373469e-04
1.735083628933473772e-04
1.693658556520517236e-04
1.598104774473494002e-04
1.448429331253209967e-04
1.248763667897585339e-04
1.004263565019295298e-04
7.239013489212939778e-05
4.171721035618001231e-05
9.646762576305379405e-06
-2.263014016731395878e-05
-5.376138829904754054e-05
-8.256542259233778447e-05
-1.078352069270887995e-04
-1.286490207021345267e-04
-1.441737570865677168e-04
-1.539427581720476427e-04
-1.576478927853501414e-04
-1.553760586552518366e-04
-1.473838627576965106e-04
-1.342895755109702613e-04
-1.168304907453159166e-04
-9.601454131908138969e-05
-7.286858147235523151e-05
-4.856184619620862176e-05
-2.416024436458332272e-05
-7.387916184127334328e-07
2.084048510596593970e-05
3.981029688691269130e-05
5.568212608630158272e-05
6.811109919657903683e-05
7.703536060639936572e-05
8.252230759986133371e-05
8.486684458628224246e-05
8.442751266899418115e-05
8.169660955416822021e-05
7.714223240245044811e-05
7.126783671883979692e-05
6.447743092590822408e-05
5.713997242998250818e-05
4.948970878814334419e-05
4.170292868886315115e-05
3.383559150657945903e-05
2.590915032047677477e-05
1.787725642812796364e-05
9.708782294966420174e-06
1.369477262175379309e-06
-7.112529801765857634e-06
-1.566392773080818343e-05
-2.412962063332870803e-05
-3.229661057560911241e-05
-3.988977716923846619e-05
-4.660134245020400041e-05
-5.211357111430840668e-05
-5.612479684616975711e-05
-5.838767262839460073e-05
-5.871945716251722480e-05
-5.704392376309089870e-05
-5.337553502807716342e-05
-4.785708992685876488e-05
-4.071303231897358243e-05
-3.228174179589916583e-05
-2.294050286141681400e-05
-1.313817254051334069e-05
-3.299925370951091656e-06
6.130036159488668714e-06
1.479373865058129980e-05
2.235673125238359755e-05
2.861463247632798140e-05
3.340370962911818156e-05
3.670476856643809833e-05
3.852604272048296385e-05
3.900642879991050849e-05
3.827513295603542483e-05
3.656071644184789382e-05
3.403516136370332573e-05
3.093695679351267418e-05
2.740741224853280651e-05
2.363461185230237218e-05
1.968697789663672484e-05
1.568099189903050401e-05
1.161237336979593340e-05
7.545579040266403302e-06
3.438276458839902323e-06
-6.532998812822498525e-07
-4.763527849070566228e-06
-8.802941810539375200e-06
-1.276691169923904528e-05
-1.651603468519579872e-05
-2.000619515458413084e-05
-2.306325166474095298e-05
-2.563195972328199176e-05
-2.754061806588481231e-05
-2.876363651302921330e-05
-2.917052104602372705e-05
-2.879718394552167559e-05
-2.757543862765741860e-05
-2.561106371543181155e-05
-2.289347626059228961e-05
-1.958211822811095596e-05
-1.569907883290327556e-05
-1.142768670265452027e-05
-6.792214255058048539e-06
-1.973000191879950715e-06
3.023080754556257731e-06
8.027944227841703694e-06
1.304955451750440519e-05
1.791767604611320270e-05
2.263106580045890685e-05
2.698764730273441783e-05
3.094749822890567609e-05
3.425390708527911444e-05
3.681866805564799059e-05
3.833901231185763559e-05
3.870832657875645854e-05
3.762911995071228103e-05
3.504668441565248486e-05
3.075252233720140489e-05
2.483330064163045424e-05
1.725521559839045553e-05
8.318394036749274988e-06
-1.787579604194492704e-06
-1.253192565190937480e-05
-2.352212285765181967e-05
-3.405753242372582424e-05
-4.364314881344515703e-05
-5.154360777516418519e-05
-5.732281883690126974e-05
-6.038634993688564889e-05
-6.053296026202133645e-05
-5.746986065798766245e-05
-5.136129063824218364e-05
-4.230319764131031172e-05
-3.085903739248816433e-05
-1.748805212245418253e-05
-3.067994627932107442e-06
1.171849564706085307e-05
2.586453668487646306e-05
3.868132787657177013e-05
4.926565478252611550e-05
5.715326104362425722e-05
6.175486524759604310e-05
6.300392767756706771e-05
6.074664709731975628e-05
5.537396127989915282e-05
4.715973378729880017e-05
3.687722890887204768e-05
2.509082447486610053e-05
1.276809338448300479e-05
5.400400466386220971e-07
-1.067244384913091129e-05
-2.041000529210596591e-05
-2.801375026533957179e-05
-3.337063514216938212e-05
-3.620298916024146466e-05
-3.679858721481252390e-05
-3.524662343655398294e-05
-3.215518347807909725e-05
-2.784175477413010133e-05
-2.305219742066209906e-05
-1.812329552662531260e-05
-1.372390408261723735e-05
-1.000987438764129036e-05
-7.406691850014582135e-06
-5.771638467998390776e-06
-5.228478670915356236e-06
-5.340634774763639475e-06
-5.996257824310905966e-06
-6.583976721975468264e-06
-6.915787233298189146e-06
-6.388357301996352694e-06
-4.925800517253820615e-06
-2.107708137634590662e-06
1.884305429116110011e-06
7.185710573597799222e-06
1.330736058638043111e-05
2.010653585157388116e-05
2.684887297571765505e-05
3.322646854223820756e-05
3.841332008451427935e-05
4.211824990454442446e-05
4.361836966286885262e-05
4.283157637518576234e-05
3.931176059079925588e-05
3.332702459474330323e-05
2.480371983954399322e-05
1.440195742488266091e-05
2.402795305334222589e-06
-1.021862794665481092e-05
-2.295906678849292355e-05
-3.470689868359750561e-05
-4.494954057810791127e-05
-5.267009663335535900e-05
-5.758017542186021217e-05
-5.897534386846326902e-05
-5.697759001262844885e-05
-5.133403308438564761e-05
-4.265807883214304711e-05
-3.116241845829351961e-05
-1.789625406387498587e-05
-3.413193280987731439e-06
1.098766754236168058e-05
2.464815215293809814e-05
3.628893730036924554e-05
4.543197913578778802e-05
5.109516588840731772e-05
5.323040403738610516e-05
5.135373728437220688e-05
4.598313372752460169e-05
3.719009389452736101e-05
2.603124425359037796e-05
1.301943165036740356e-05
-4.433928368604180457e-07
-1.366410146564697212e-05
-2.520388088190845448e-05
-3.452298846334592977e-05
-4.047652084053339158e-05
-4.298030179581465576e-05
-4.142972951142628282e-05
-3.636679075503665632e-05
-2.780437821820260657e-05
-1.688758303712084374e-05
-4.121159655003937331e-06
8.965017289699831396e-06
2.167127595370116016e-05
3.243342035484302830e-05
4.073455855994437031e-05
4.534735316783790847e-05
4.627254788991587718e-05
4.288605785748843561e-05
3.588197239459438092e-05
2.530480489002231520e-05
1.249184096481937259e-05
-2.009652676289163779e-06
-1.648505167633604039e-05
-3.023109553793410320e-05
-4.155097801812970577e-05
-4.999807832824451647e-05
-5.428436420309123279e-05
-5.455833902255686254e-05
-5.019338822087456112e-05
-4.208119411761576597e-05
-3.028269840254001622e-05
-1.633817199620571484e-05
-7.842676162835454458e-07
1.449676037110880412e-05
2.887208163532628013e-05
4.053216592736074309e-05
4.916704230586020261e-05
5.342174303558271039e-05
5.362668262509005080e-05
4.910197625495831252e-05
4.093009603298447134e-05
2.909418940452738065e-05
1.530225211845684231e-05
-3.575941080586151568e-08
-1.490356811075866164e-05
-2.884333173960549693e-05
-3.993051674694698234e-05
-4.805632210281703619e-05
-5.173982403540521268e-05
-5.151013951724231591e-05
-4.652267582596665433e-05
-3.803840479087960529e-05
-2.582619357609998011e-05
-1.175594987902740380e-05
4.015148437777301965e-06
1.930106556036359923e-05
3.390799877427097645e-05
4.569845057272735767e-05
5.480884704211113544e-05
5.947093419353532561e-05
6.042300382811159550e-05
5.644592146383274676e-05
4.898098137149282689e-05
3.734824335643731916e-05
2.360400981253793802e-05
7.419092655411068450e-06
-8.771898848484628930e-06
-2.525037332014654887e-05
-3.950583412066177130e-05
-5.209669900830288399e-05
-6.070824299036983192e-05
-6.643266853540347227e-05
-6.731267130497469798e-05
-6.510322484655603655e-05
-5.821508376662882367e-05
-4.905180533972148675e-05
-3.625568382777625561e-05
-2.275040657187439393e-05
-7.167297431247861820e-06
7.231602598456475198e-06
2.211375389486043531e-05
3.403958894133593641e-05
4.525078359410829662e-05
5.220109034167462220e-05
5.793673346682885359e-05
5.873229175677212923e-05
5.863437315784537072e-05
5.347842645861452106e-05
4.854787516675297221e-05
3.871649193735529230e-05
3.097968747488093980e-05
1.821168669578759344e-05
1.044003581480756428e-05
-4.225392552787055715e-06
-7.011093360030954967e-06
5.767724834173418416e-05
1.003942277709324061e-04
8.521972918694167506e-05
8.314959946741257190e-05
6.678716744975340004e-05
5.518295057744623962e-05
3.469792277551389531e-05
1.763261315046213187e-05
-4.830640079134055013e-06
-2.334862534873233833e-05
-4.434621661736067797e-05
-6.034179708641391907e-05
-7.654142272789440785e-05
-8.695027123064110906e-05
-9.623563183201089462e-05
-9.970197017410468120e-05
-1.018270028084515907e-04
-9.899626027911016671e-05
-9.556772136975895903e-05
-8.868360415548372938e-05
-8.243721272187206934e-05
-7.432308265211415646e-05
-6.791998748230213022e-05
-6.068787558200692639e-05
-5.547775543610730285e-05
-4.947029545470483592e-05
-4.474440397503071115e-05
-3.819667643408938357e-05
-3.133192611390330049e-05
-2.101930549529371439e-05
-8.607452417709551709e-06
8.623595460921776778e-06
2.896798372539347436e-05
5.428329041691748572e-05
8.209069249919726289e-05
1.131267202502390083e-04
1.440163268779969040e-04
1.744761986585848228e-04
2.005209286156086821e-04
2.213610442900927492e-04
2.330706178829948126e-04
2.351743705619836538e-04
2.246740345735455619e-04
2.022821567002016144e-04
1.666903689869485988e-04
1.203966705454907597e-04
6.411306015345779089e-05
2.154920119356271518e-06
-6.306978780787502229e-05
-1.260902189202550868e-04
-1.837944944589105386e-04
-2.307970176333911999e-04
-2.646985175683920131e-04
-2.816578365413802110e-04
-2.813758088320975938e-04
-2.627208162080435136e-04
-2.283240650609000722e-04
-1.801387198854992365e-04
-1.235858150108821367e-04
-6.300305583850797754e-05
-5.370393718617581618e-06
4.429380701819005811e-05
7.949879996035845680e-05
9.678708533907286497e-05
9.239047865716926763e-05
6.643839438806502869e-05
1.948897888515423331e-05
-4.373722987957146511e-05
-1.181046483859639443e-04
-1.948855105535152654e-04
-2.658129325956146475e-04
-3.203970377557246963e-04
-3.501562103960516683e-04
-3.462147487615853565e-04
-3.034540923450327558e-04
-2.180824783456465979e-04
-9.139195308295204384e-05
7.301353998853651113e-05
2.661191440584404063e-04
4.768197430851076773e-04
6.895871545148097703e-04
8.883504388440319590e-04
1.054816404503673699e-03
1.172690856833329002e-03
1.226322523593066215e-03
1.204861167514986254e-03
1.100761342536215985e-03
9.134055882032115613e-04
6.470143052876734056e-04
3.133529501503561575e-04
-7.123590185211621170e-05
-4.841845392903844011e-04
-9.005397605417586994e-04
-1.292198513902895109e-03
-1.632291538231927684e-03
-1.894831790865577270e-03
-2.059072176880010104e-03
-2.108931759862177173e-03
-2.036689202065451124e-03
-1.841590166956994174e-03
-1.532384379901123063e-03
-1.124764387317121837e-03
-6.425831776429585676e-04
-1.141603044661047443e-04
4.275731644058208738e-04
9.494668765009743865e-04
1.418482283594425276e-03
1.806079837376173974e-03
2.088268501453700941e-03
2.249250336021762445e-03
2.280531662993768964e-03
2.183316107621367363e-03
1.966355782052699435e-03
1.646991574674337841e-03
1.247862480833264454e-03
7.969204234539461768e-04
3.234940435447294710e-04
-1.420994135027529490e-04
-5.724507074124454177e-04
-9.431584414099765347e-04
-1.236053360375137262e-03
-1.438481699913406447e-03
-1.545477010265777556e-03
-1.558013960739621992e-03
-1.484095044772432235e-03
-1.336111626899299902e-03
-1.131135721554634961e-03
-8.877954743071714803e-04
-6.262604183663620728e-04
-3.651524788373192859e-04
-1.217373752143751308e-04
9.067042448044623304e-05
2.619371171791037779e-04
3.869521772180469638e-04
4.641453448159917408e-04
4.965750342740712876e-04
4.898506553701418437e-04
4.526893476231799046e-04
3.945418678558211046e-04
3.259640499390533113e-04
2.563049891737681821e-04
1.942360019871400278e-04
1.457975123387241802e-04
1.153168946653442147e-04
1.039631024470494811e-04
1.111164221830955286e-04
1.334064840169916913e-04
1.664330899392206325e-04
2.041215438608203446e-04
2.405841064233129104e-04
2.695564123114119063e-04
2.861619952707263482e-04
2.862093775904287559e-04
2.676765237795681153e-04
2.297337625189878156e-04
1.738719793988352557e-04
1.026341919832803138e-04
2.042852896599561363e-05
-6.794208687259720419e-05
-1.566536620953490387e-04
-2.403815915682861251e-04
-3.136989245209921020e-04
-3.724906937613886755e-04
-4.132372371383210793e-04
-4.342118451581264741e-04
-4.345729594012714123e-04
-4.153089091369761257e-04
-3.781412998893228712e-04
-3.262564490703728217e-04
-2.630894856407359466e-04
-1.929357154976352152e-04
-1.197216679579239315e-04
-4.760735996735635124e-05
2.015145337297386506e-05
8.052016197227152743e-05
1.316648684925677171e-04
1.721477169798361960e-04
2.017371714277290914e-04
2.204978074771487032e-04
2.294717591146782883e-04
2.297203616455651819e-04
2.229449868037119715e-04
2.105505496687728952e-04
1.942713352203956421e-04
1.753101972351108395e-04
1.550083639496311922e-04
1.340812218381905369e-04
1.133360390411732759e-04
9.299211841566479959e-05
7.342250307273153300e-05
5.452606480737733915e-05
3.645796328121170726e-05
1.901917276099241368e-05
2.346830216374597404e-06
-1.370012678541416056e-05
-2.890204331631889394e-05
-4.329901651048177026e-05
-5.659694226922159745e-05
-6.878200309831536624e-05
-7.955564230739670247e-05
-8.892652811810867466e-05
-9.665897938968226423e-05
-1.028307240221936831e-04
-1.072873736034482317e-04
-1.101642472935075549e-04
-1.113500837140958050e-04
-1.109811331929930255e-04
-1.089253229441213602e-04
-1.052617459511490702e-04
-9.979761952624956265e-05
-9.254349224679776450e-05
-8.326911571723335387e-05
-7.197594189347172032e-05
-5.848799757443599119e-05
-4.291320200079921948e-05
-2.525645126029796517e-05
-5.854483567229974335e-06
1.500540322359135169e-05
3.669223274816580646e-05
5.861957102061592572e-05
7.990194982117946427e-05
9.975250768949704000e-05
1.171850717324952797e-04
1.314114503206761811e-04
1.415738236350338813e-04
1.471226795144552210e-04
1.475583567013391464e-04
1.427688303856277307e-04
1.327616583379217325e-04
1.179472525406212826e-04
9.885245333417082920e-05
7.634736035518569300e-05
5.134518969336704299e-05
2.498358741273013609e-05
-1.673525158170743568e-06
-2.748082602458449500e-05
-5.148678819277323701e-05
-7.278371060573491052e-05
-9.074106367665747046e-05
-1.048454323549409962e-04
-1.148820765507330534e-04
-1.207608483304552834e-04
-1.226485381896937879e-04
-1.207891615837659106e-04
-1.156003247787637831e-04
-1.075040840493194581e-04
-9.700478811174883024e-05
-8.454720188285293919e-05
-7.059027211268816297e-05
-5.550326582581479082e-05
-3.964175992790708216e-05
-2.328312303730042091e-05
-6.701262991896883177e-06
9.866370585000086837e-06
2.615639868932236866e-05
4.189414386070777942e-05
5.675717814404146190e-05
7.038402490689217746e-05
8.237341066701294736e-05
9.229300919005176064e-05
9.971593841500288021e-05
1.042266303250354270e-04
1.054876297088403440e-04
1.032323588045023214e-04
9.734975805047833830e-05
8.785044014839863866e-05
7.495592583529357895e-05
5.902627772051887778e-05
4.064443959873312637e-05
2.049908226702261928e-05
-5.382015867006394202e-07
-2.157279903089724297e-05
-4.161060982913935148e-05
-5.975046950618209690e-05
-7.509496966889247268e-05
-8.695985868214225545e-05
-9.475551554764005701e-05
-9.819716085993489166e-05
-9.714254249243751364e-05
-9.179176748304485208e-05
-8.247406637075764145e-05
-6.983498913621971789e-05
-5.457479131095924587e-05
-3.763037278695645935e-05
-1.987670932470938940e-05
-2.318439126988869414e-06
1.422871436621502487e-05
2.891887101948467417e-05
4.119780335806039873e-05
5.054197179128986375e-05
5.677322605652205959e-05
5.975018863766352949e-05
5.967526804617058028e-05
5.674226676127681852e-05
5.144366988712258159e-05
4.418512574795517805e-05
3.560560805285574898e-05
2.617164791529858899e-05
1.652271638608516000e-05
7.055436227764646762e-06
-1.698076439614377636e-06
-9.491711479083242092e-06
-1.595274012381260839e-05
-2.101086946619435495e-05
-2.445517052838255131e-05
-2.637621085474000924e-05
-2.669828553508227356e-05
-2.564033539497485978e-05
-2.322784694328107805e-05
-1.977568090328425928e-05
-1.538070212132207955e-05
-1.042627209610954595e-05
-5.053782687239846896e-06
3.133776345691113899e-07
5.521996692503541703e-06
1.014731377324260899e-05
1.406991096306841043e-05
1.691541379592739693e-05
1.865403994528178752e-05
1.901776971499729351e-05
1.811788341091048372e-05
1.583397377447202974e-05
1.244438529389305451e-05
7.982441287458235890e-06
2.877241484686756828e-06
-2.723692406112715149e-06
-8.301215788297616378e-06
-1.367170335672104082e-05
-1.831539711514998140e-05
-2.210664653204421856e-05
-2.461622929328257544e-05
-2.585794032573335844e-05
-2.555847963700396062e-05
-2.391579770825938642e-05
-2.083303334379910506e-05
-1.668753434988661891e-05
-1.152918319943517273e-05
-5.862929286994802028e-06
1.846024963448851612e-07
6.063346320764279873e-06
1.165910497406246057e-05
1.646589030216310376e-05
2.046526744196985729e-05
2.326668322049574980e-05
2.500214257501034296e-05
2.543023312810953148e-05
2.484403216483335237e-05
2.313781722980883803e-05
2.072993360546905060e-05
1.759517972209995119e-05
1.420818218527458589e-05
1.054754072111506862e-05
7.067254075173384716e-06
3.679265081512580652e-06
7.596158807635513971e-07
-1.886222579158813698e-06
-3.979167797905290945e-06
-5.818259911549064335e-06
-7.199616286225273983e-06
-8.489201151382595056e-06
-9.509236358465404277e-06
-1.063794657877064796e-05
-1.166843807066048346e-05
-1.294105614251671890e-05
-1.417859072314464908e-05
-1.565513751544162866e-05
-1.700917226668148937e-05
-1.845014946918115023e-05
-1.954812021186292479e-05
-2.047663444265133696e-05
-2.077529909718252413e-05
-2.062596369624961466e-05
-1.958372995876823754e-05
-1.788339024428980590e-05
-1.513514931510772269e-05
-1.165978563692802765e-05
-7.147201647024094369e-06
-2.020724972938648813e-06
3.941898969275888239e-06
1.021379213313167010e-05
1.693588225875887094e-05
2.349095918202004886e-05
2.995960533491079031e-05
3.566268771569917185e-05
4.065763287890393344e-05
4.424888142877082619e-05
4.652533732693157106e-05
4.683718943161743845e-05
4.537389572900716195e-05
4.160392769343720736e-05
3.589068507471890817e-05
2.788951985996794320e-05
1.819692863863769396e-05
6.697489827891512641e-06
-5.759073371373370977e-06
-1.906801385470164469e-05
-3.216801106391057837e-05
-4.481182824815480893e-05
-5.583864883426241003e-05
-6.500284416250636172e-05
-7.121202838012723646e-05
-7.440514089738702269e-05
-7.374220160855627878e-05
-6.951857329235108557e-05
-6.129004329418428207e-05
-4.981062569026258047e-05
-3.507987880695249592e-05
-1.829785620007936964e-05
1.700419448947299981e-07
1.881728516360261046e-05
3.710804405376433703e-05
5.346658820872674775e-05
6.745121972966904554e-05
7.768804513216011332e-05
8.408865080281516095e-05
8.570669016600475929e-05
8.298377854976788271e-05
7.551309963314264484e-05
6.430661995310681263e-05
4.946012505618937327e-05
3.244625080501309752e-05
1.368651105765049244e-05
-5.114730117186870935e-06
-2.347692093400656829e-05
-3.974647198146444554e-05
-5.366408035098683673e-05
-6.388213690118900293e-05
-7.057735417667885560e-05
-7.286497319487700633e-05
-7.144974906062986149e-05
-6.592934825022951487e-05
-5.748791624498046757e-05
-4.609172887803456432e-05
-3.323972651790848090e-05
-1.906235332253572345e-05
-5.149343079299051834e-06
8.434838553043586299e-06
2.022559029577299973e-05
3.041589763262631598e-05
3.781761223804385255e-05
4.298883828962588900e-05
4.507304081306074919e-05
4.500047997204818632e-05
4.220329728557099998e-05
3.790256066365941726e-05
3.170263945700263069e-05
2.497990588012468288e-05
1.736150909348077969e-05
1.023289333755642841e-05
3.104599050050732656e-06
-2.745919877842156411e-06
-8.019768583825037965e-06
-1.160840852206256598e-05
-1.445686596361287483e-05
-1.562091771734379163e-05
-1.625880073139415353e-05
-1.552895289166502949e-05
-1.472565559487390079e-05
-1.301461762828327394e-05
-1.173119352579430401e-05
-9.951102763626906310e-06
-8.970957497458609514e-06
-7.708736222356492331e-06
-7.384960925656079582e-06
-6.742051338278854767e-06
-6.941117030280165113e-06
-6.582194060739239009e-06
-6.828237232348960284e-06
-6.201803207876165746e-06
-5.946973981041987783e-06
-4.574409157126662617e-06
-3.475143307233177642e-06
-1.185437746479151750e-06
7.268966039147574035e-07
3.705411833502727359e-06
6.017170995172802017e-06
9.130689013031033114e-06
1.118935754431509892e-05
1.375405942977721991e-05
1.489379995070101511e-05
1.632869689768279422e-05
1.608788812672712280e-05
1.609811790075099487e-05
1.435285648035715561e-05
1.300433422802241950e-05
9.980104419600815293e-06
7.652100275775231038e-06
3.825639964073606288e-06
1.077408256480069830e-06
-2.975773508640278972e-06
-5.556970535651086127e-06
-9.299957810372492010e-06
-1.120753572744697712e-05
-1.421888845452521059e-05
-1.506874391964879844e-05
-1.705943273230799836e-05
-1.658623944949088859e-05
-1.739404098533379255e-05
-1.544577250143827738e-05
-1.505059531687065744e-05
-1.161289711527338839e-05
-1.019108612806794581e-05
-5.434878965457492742e-06
-3.432432943464722635e-06
2.264000651862917968e-06
4.079370256585219254e-06
1.021163229329434302e-05
1.072407665345539230e-05
1.697424610953651863e-05
1.450807032062511028e-05
2.190885088900564170e-05
1.137019959092199578e-05
-3.513080710497129387e-05
5.823864178589511764e-06
-3.741213666628033093e-06
1.933222270127383668e-06
-1.939951501335944909e-06
1.230748922881075135e-06
-1.133572827418761909e-06
1.123595551053425105e-06
-5.289022419403350104e-07
1.256592124424521458e-06
9.796780393285369110e-09
1.489981867806445353e-06
4.815484586108115376e-07
1.720354228135944825e-06
8.377743954886387208e-07
1.855938631432630699e-06
1.018684819533508332e-06
1.823201802970287827e-06
9.785083777420354121e-07
1.580339041943932448e-06
7.038530971243448113e-07
1.127906899255210783e-06
2.232007812408508681e-07
5.113505571836074063e-07
-3.943130027736607555e-07
-1.865073568111587839e-07
-1.050480848174769499e-06
-8.617665470157446893e-07
-1.637009260381619770e-06
-1.410665189825149782e-06
-2.057007591065001802e-06
-1.750414814059239745e-06
-2.243488428023809827e-06
-1.834511153394780968e-06
-2.170370430272143318e-06
-1.659048808386946607e-06
-1.853745446445218765e-06
-1.259224879059945884e-06
-1.344022929078441628e-06
-6.980119522381582173e-07
-7.120861693614596028e-07
-5.101236086492116084e-08
-3.397895285255419320e-08
6.078692573311913723e-07
6.215264468301925620e-07
1.216227575069688653e-06
1.199714976839623141e-06
1.726806771468217819e-06
1.660672922301694149e-06
2.105800782383475851e-06
1.975844921058242409e-06
2.328465404893268765e-06
2.123557498209793618e-06
2.375329806395686637e-06
2.086571285508820293e-06
2.231516674758156181e-06
1.853359269497799638e-06
1.889890334171658200e-06
1.422798329663051603e-06
1.356749032683425627e-06
8.101885886410541129e-07
6.574299124238108472e-07
5.173575286429724016e-08
-1.609393584572943056e-07
-7.948567411320919246e-07
-1.031223524679920722e-06
-1.654519758267433597e-06
-1.872512471901918241e-06
-2.442709627222609375e-06
-2.599100723814218893e-06
-3.074844209939046923e-06
-3.129771107566462593e-06
-3.474916248198113845e-06
-3.395376272808548465e-06
-3.581872119074462391e-06
-3.344050824417494289e-06
-3.353880170608411108e-06
-2.944905197738491676e-06
-2.771896484572966163e-06
-2.191908816614870465e-06
-1.844221526235790265e-06
-1.109309504491558497e-06
-6.127386689173949734e-07
2.416215781521202575e-07
8.404243842775211059e-07
1.756847830244841572e-06
2.389091576388441753e-06
3.288806067791450063e-06
3.866394687448783304e-06
4.654793268833302149e-06
5.078815734482331989e-06
5.656887354770055940e-06
5.831722999355530748e-06
6.112303771186525265e-06
5.963226528509705908e-06
5.888956542112197113e-06
5.379288266374811972e-06
4.937750483903070555e-06
4.080807475957725830e-06
3.312255406764419971e-06
2.174071854218605903e-06
1.168701828269403689e-06
-1.402065905472907788e-07
-1.255629721475096990e-06
-2.597997568036828585e-06
-3.681079228496730015e-06
-4.915612031807079374e-06
-5.831240792060122316e-06
-6.834113762354109830e-06
-7.473065612180487321e-06
-8.152431186657323314e-06
-8.440974298997373559e-06
-8.741351546260311075e-06
-8.640640315560956606e-06
-8.538063838739619796e-06
-8.036253398089313030e-06
-7.528912809923559213e-06
-6.632064765063180588e-06
-5.733212823142795403e-06
-4.461727886142415598e-06
-3.200754130639713339e-06
-1.595626897089166809e-06
-2.934393116972609533e-08
1.832414908526075115e-06
3.601827430490866764e-06
5.588958100334124246e-06
7.398099705972823733e-06
9.314481382962350495e-06
1.093612444227563864e-05
1.252853223423570579e-05
1.369138957395461808e-05
1.468195125362403150e-05
1.511533775860263334e-05
1.525666029682719538e-05
1.475310513107227512e-05
1.389429876237255946e-05
1.237407424626386325e-05
1.051841897019602709e-05
8.074967289905257155e-06
5.408211221130938689e-06
2.315410974239685858e-06
-8.104597883554551970e-07
-4.138691232718451049e-06
-7.268672567319756292e-06
-1.036101198234593169e-05
-1.303379274772816849e-05
-1.546537495123473195e-05
-1.731634841001325413e-05
-1.880249716122004322e-05
-1.964010927222320247e-05
-2.008830843256956242e-05
-1.991650175347021735e-05
-1.941662916605866029e-05
-1.839308571690966975e-05
-1.714697891031060809e-05
-1.549032522618430037e-05
-1.370555666607030188e-05
-1.158657748906828454e-05
-9.376991441117651121e-06
-6.840289550821863328e-06
-4.179312371736208041e-06
-1.136354293791162803e-06
2.105616880722613590e-06
5.794430368695180266e-06
9.727651350024069259e-06
1.409942456742207390e-05
1.864349674607203861e-05
2.346065313897177608e-05
2.819045501321261363e-05
3.282428036622066675e-05
3.690927926821790744e-05
4.034993805676560227e-05
4.264486528037341449e-05
4.367624614731886994e-05
4.297618191526721604e-05
4.049944521566317760e-05
3.591248448247088328e-05
2.934192988670990553e-05
2.067744110350853585e-05
1.028771818940214965e-05
-1.670870370645168318e-06
-1.457680290335439348e-05
-2.803342058581710346e-05
-4.123119453931207388e-05
-5.363512543109095316e-05
-6.438190056698146714e-05
-7.295738143146177329e-05
-7.861837383962032354e-05
-8.104857454088455456e-05
-7.979190340360661088e-05
-7.487434818079371449e-05
-6.623693146644261346e-05
-5.431403574911692565e-05
-3.945910573887311136e-05
-2.247656816987526299e-05
-4.040945384013854939e-06
1.481255485531298428e-05
3.326713476323918129e-05
5.026331196396716745e-05
6.506255741553318656e-05
7.680051453988260798e-05
8.502034217066701312e-05
8.922618890530687277e-05
8.937469279009780635e-05
8.541987925973530888e-05
7.775798977405603066e-05
6.676267376432438441e-05
5.318634696607352973e-05
3.769228587780745391e-05
2.122252094097460017e-05
4.538822732282641704e-06
-1.142930246494464972e-05
-2.602116605211930722e-05
-3.850369706354162712e-05
-4.847433606409375274e-05
-5.551758024689162912e-05
-5.956836146183061011e-05
-6.056349038312691685e-05
-5.876618235484822814e-05
-5.441587757869818722e-05
-4.802018015792135469e-05
-4.001102668672715566e-05
-3.101337822127191781e-05
-2.151724144300108430e-05
-1.213241703647722223e-05
-3.284418040883989904e-06
4.538106770162350387e-06
1.105909089963156877e-05
1.597245507906254000e-05
1.918923079227594460e-05
2.060126579248959522e-05
2.030283493882918525e-05
1.836449948951240268e-05
1.503353014863052945e-05
1.052186079190630553e-05
5.188658350464110401e-06
-6.555178891282635538e-07
-6.583048875303841582e-06
-1.222932767184969524e-05
-1.714538314610342934e-05
-2.096434901822710468e-05
-2.327457536593296889e-05
-2.377428683776296319e-05
-2.216573903774812857e-05
-1.829700196528486283e-05
-1.207393380087109835e-05
-3.583734800552958055e-06
6.982703137242994187e-06
1.923436005833951005e-05
3.265702145314904037e-05
4.655326238495957082e-05
6.012659509844313230e-05
7.246320787939994660e-05
8.262510908149674042e-05
8.967095231557938148e-05
9.275064982861113262e-05
9.115283178561102114e-05
8.438411086092053833e-05
7.222300088184166749e-05
5.476183500498043563e-05
3.244516121143779981e-05
6.054399337097905608e-06
-2.328506932306899829e-05
-5.418630395319317365e-05
-8.502734892023119289e-05
-1.140947207425740847e-04
-1.396291286663512560e-04
-1.600078081519078492e-04
-1.737807714269336507e-04
-1.798591523831170164e-04
-1.775075744810395686e-04
-1.665056118513883268e-04
-1.470678132465587655e-04
-1.199571033391093545e-04
-8.632063804365370521e-05
-4.775420959253403328e-05
-6.064158837749087956e-06
3.669636323282981648e-05
7.850986871412016016e-05
1.173506442219039784e-04
1.514731391321564571e-04
1.793227726292710429e-04
1.997972368290778177e-04
2.120867243337550868e-04
2.158932767012437738e-04
2.111970692085765231e-04
1.984421865825759768e-04
1.782474035242170819e-04
1.515844729493228435e-04
1.194633213616296132e-04
8.313297529416093250e-05
4.376739162942871179e-05
2.708420156896202825e-06
-3.883774998144993030e-05
-7.951573365946445213e-05
-1.181241368236636281e-04
-1.533070288519676775e-04
-1.838803590916447466e-04
-2.085245700094705572e-04
-2.261565590848005716e-04
-2.356389249956631368e-04
-2.362033255702744225e-04
-2.271700339180777193e-04
-2.084040627220137864e-04
-1.800148002487578182e-04
-1.428063773277637213e-04
-9.791430177579059314e-05
-4.720805010895961742e-05
7.171300936567337864e-06
6.248053174459025237e-05
1.159444444801203527e-04
1.644873851641217330e-04
2.053822981083267810e-04
2.359974125189405263e-04
2.544634911740135908e-04
2.593660044931551663e-04
2.503592683221582404e-04
2.277378462701871650e-04
1.929440734564976810e-04
1.479832874334296468e-04
9.581242489753543344e-05
3.961127832412003499e-05
-1.691072741070830319e-05
-7.032878864999363969e-05
-1.172022968711232589e-04
-1.548897317592303727e-04
-1.811673829844918666e-04
-1.949642681283327136e-04
-1.958328068495056426e-04
-1.845572352352688877e-04
-1.624539822465271546e-04
-1.318585475798585962e-04
-9.528634776163118713e-05
-5.585246391967641703e-05
-1.636472091143405223e-05
2.024067955176630824e-05
5.178858621876191435e-05
7.633310024373363167e-05
9.296282383530364156e-05
1.011249018732419838e-04
1.013218379453159732e-04
9.429127865045272376e-05
8.161855996382115139e-05
6.481622166514832447e-05
4.591203770464218032e-05
2.649601798615367878e-05
8.353693782447278133e-06
-7.455802971087137373e-06
-1.986852992110770027e-05
-2.867062938982842043e-05
-3.365130763971412530e-05
-3.539283005167797452e-05
-3.432710846423985321e-05
-3.149588967617151538e-05
-2.755589542383607394e-05
-2.356008940092491725e-05
-1.996096801375304012e-05
-1.745739461844700860e-05
-1.602959653255303494e-05
-1.587302198847630530e-05
-1.647155214830275884e-05
-1.761187931999789284e-05
-1.847547690710783466e-05
-1.870581641033825047e-05
-1.748507429098402550e-05
-1.461947118669607541e-05
-9.567217494116095816e-06
-2.515007327936774034e-06
6.662541507617759825e-06
1.734420032756584757e-05
2.927100792761219502e-05
4.149487377317853952e-05
5.353914071523152373e-05
6.433241325696940959e-05
7.339856636414453868e-05
7.975393820576574247e-05
8.310998800633692045e-05
8.272148612483971961e-05
7.859719278164155483e-05
7.029948472325171598e-05
5.816991224634024713e-05
4.208902991900121922e-05
2.272789220407460899e-05
2.763731457744117363e-07
-2.427307375013243150e-05
-5.042839681189533949e-05
-7.688540767342334640e-05
-1.028719369131061913e-04
-1.268185093257067503e-04
-1.477589234677836102e-04
-1.639967775436577892e-04
-1.745728693922982328e-04
-1.779295432473865929e-04
-1.734398538409640282e-04
-1.600531279938857340e-04
-1.378616947354255470e-04
-1.066936189246402882e-04
-6.767962923898575951e-05
-2.175206594353129325e-05
2.882404441873984903e-05
8.207642275284430578e-05
1.348468374806062020e-04
1.845444421143893697e-04
2.277035540959591908e-04
2.618340426618459126e-04
2.839667925203529170e-04
2.925429343006425136e-04
2.858793941753158194e-04
2.640311709085036243e-04
2.271139746402356299e-04
1.770906675073191400e-04
1.159152131247346884e-04
4.722956887329342676e-05
-2.566685698117415290e-05
-9.818118829465172193e-05
-1.665866893253586012e-04
-2.263822635791583793e-04
-2.745075981174052737e-04
-3.076155841997806886e-04
-3.242649862959973454e-04
-3.230315794162420817e-04
-3.046217351860460842e-04
-2.697802746368644744e-04
-2.213086643580996777e-04
-1.617715794614874264e-04
-9.544795129446236189e-05
-2.587966121312999538e-05
4.218008198725488192e-05
1.053046177671163318e-04
1.593658681629881303e-04
2.020821336735721782e-04
2.308350032095038244e-04
2.451689950050338048e-04
2.444056322201880959e-04
2.300724336690917148e-04
2.033061676515058994e-04
1.672303457235721762e-04
1.241791402864520562e-04
7.807791696959624685e-05
3.154708412233664107e-05
-1.164046802419548486e-05
-4.950795126017851639e-05
-7.926841109383327816e-05
-1.002711696463742623e-04
-1.111961921588826616e-04
-1.129729477795043084e-04
-1.057581506006644527e-04
-9.183847162272806440e-05
-7.241068399309964678e-05
-5.051423291733756870e-05
-2.766092832232307846e-05
-6.864713626254944830e-06
1.082114358875544896e-05
2.310803753222279578e-05
2.997914330716710637e-05
3.027594773348496314e-05
2.522859123918820589e-05
1.480494465136822110e-05
1.278730430125955693e-06
-1.464502302516399442e-05
-3.017686738986873906e-05
-4.450240790000337419e-05
-5.497812406102623052e-05
-6.132985641338757577e-05
-6.163132638413592484e-05
-5.660705920338775899e-05
-4.534365889410446821e-05
-2.968834779137337576e-05
-9.670020309762092099e-06
1.198259198621349444e-05
3.470450107753215345e-05
5.540281900848799130e-05
7.357952002074188925e-05
8.639457434882219121e-05
9.401815684344591193e-05
9.437477678492211251e-05
8.870792747548011405e-05
7.594402630514697462e-05
5.847929330672820290e-05
3.612461522165454699e-05
1.215935654372624818e-05
-1.315793939561329560e-05
-3.619070182926794401e-05
-5.684894891176122821e-05
-7.174495675884403538e-05
-8.155775862782671461e-05
-8.363443713225153118e-05
-7.982132078137489932e-05
-6.840549923988427567e-05
-5.247873410128032839e-05
-3.112244579943759180e-05
-8.420182339313801002e-06
1.620831987807152494e-05
3.817686724364622198e-05
5.836029094961744994e-05
7.222379690234152240e-05
8.156830713625875683e-05
8.233917742037885667e-05
7.773005071447847733e-05
6.431380154954341943e-05
4.688181459503376136e-05
2.241474739330131011e-05
-2.749571636304919925e-06
-3.181799785945390387e-05
-5.708818450627444157e-05
-8.289304476542886583e-05
-1.002114967213023209e-04
-1.158306386948355254e-04
-1.187893841089581452e-04
-1.205868840343057478e-04
-1.053512318135803636e-04
-9.662212310577141037e-05
4.741605048855492420e-06
-3.152669966121057640e-07
2.705620829224602691e-06
3.141041389822262505e-06
5.473849966358156228e-06
6.594857132882310268e-06
8.886281852784456452e-06
1.034127935288100156e-05
1.255489041630257523e-05
1.399601509997918380e-05
1.582894806420690817e-05
1.679302530777282819e-05
1.779523908798732819e-05
1.777469346295326236e-05
1.749825350446803540e-05
1.609029090368825372e-05
1.426552811051730562e-05
1.133619786117706775e-05
8.022985453801082840e-06
3.819570970201601644e-06
-5.260875058684199170e-07
-5.369897077245782194e-06
-9.954450483079275714e-06
-1.454388703031942836e-05
-1.842048924695691199e-05
-2.183253673013633230e-05
-2.416396350070286917e-05
-2.571980027725053356e-05
-2.603572654801180402e-05
-2.551914155903065566e-05
-2.387289619837200473e-05
-2.160773526859020605e-05
-1.856242264627026251e-05
-1.530392477907025918e-05
-1.173394744553091735e-05
-8.394930702283604065e-06
-5.159345969105241390e-06
-2.460325421152471193e-06
-6.346487263348560985e-08
1.760880619998899229e-06
3.383940104675970103e-06
4.692450750930345237e-06
6.157715129231087176e-06
7.750914838579802966e-06
9.945322188295244249e-06
1.267584506111323700e-05
1.629017240731202393e-05
2.056086342887354746e-05
2.560338660702642718e-05
3.095008587286427338e-05
3.645032934958883217e-05
4.141130432969817470e-05
4.548775027795888792e-05
4.788572329370853643e-05
4.823857861038186468e-05
4.585945796304817621e-05
4.058983037412984253e-05
3.207844994519794187e-05
2.058286381294208479e-05
6.250674608472248331e-06
-1.014401699678292951e-05
-2.793505214534879879e-05
-4.590119841360124292e-05
-6.302088474106505426e-05
-7.787554439605847464e-05
-8.941233563745880201e-05
-9.639054107029012479e-05
-9.812532866853203317e-05
-9.394295355762674246e-05
-8.387209319386778326e-05
-6.807298243505813208e-05
-4.744816296479536214e-05
-2.302232998876730993e-05
3.538716386911199543e-06
3.059925209945495519e-05
5.611371141058638817e-05
7.832582889171486157e-05
9.537192211851327984e-05
1.059655041781377489e-04
1.089944807763425184e-04
1.041425813101027085e-04
9.143360102491159230e-05
7.175201816741983915e-05
4.630675842069648443e-05
1.703947844297114150e-05
-1.398862911185448814e-05
-4.427928856862822207e-05
-7.155138525769753595e-05
-9.346416050088009501e-05
-1.082548893989661206e-04
-1.144403813168584416e-04
-1.113787023734961595e-04
-9.889608470894577328e-05
-7.773340118348403942e-05
-4.907474297762945723e-05
-1.487482999956955888e-05
2.269588435195591175e-05
6.100882148397074838e-05
9.756738241752099935e-05
1.297902808200633996e-04
1.555742576962403350e-04
1.730421814258690800e-04
1.810268041543484821e-04
1.787451030178446453e-04
1.661825495942187024e-04
1.436911717271438613e-04
1.122903671138055794e-04
7.321907062566816043e-05
2.819464770531436860e-05
-2.103499810236379841e-05
-7.242924242673117634e-05
-1.240652057006832109e-04
-1.738462870240120768e-04
-2.198650659094218240e-04
-2.600883070785891811e-04
-2.926937804323260887e-04
-3.157645047932301188e-04
-3.276392370622364437e-04
-3.266551009125158878e-04
-3.115441162600882780e-04
-2.812422766829940227e-04
-2.353316035302450949e-04
-1.738927606430603191e-04
-9.794794076579258131e-05
-9.292457121085077857e-06
8.913951701678523426e-05
1.935484310013918410e-04
2.990602833677905221e-04
4.001703931176366818e-04
4.907311655212023230e-04
5.645736321331629431e-04
6.156604882312831720e-04
6.388134908098157608e-04
6.299213434412818989e-04
5.866316910568354550e-04
5.084522044244611403e-04
3.972400214527962840e-04
2.570390956799594286e-04
9.423773830959310835e-05
-8.294463349301020312e-05
-2.646633648586264897e-04
-4.402814968483277744e-04
-5.988433729902120119e-04
-7.300719149787686379e-04
-8.249053850209185938e-04
-8.764223530940754275e-04
-8.801934427873049031e-04
-8.348980212342684004e-04
-7.422893651610290534e-04
-6.073554030796622736e-04
-4.378167950194414987e-04
-2.438269100916213607e-04
-3.707550850851891623e-05
1.698254239661555528e-04
3.644232393287728951e-04
5.350992620900530371e-04
6.720611565342405952e-04
7.678070254437379533e-04
8.177850707559359590e-04
8.204520240905474257e-04
7.774701332950229634e-04
6.933045664790301894e-04
5.749798485346539843e-04
4.313110745409111271e-04
2.723773714678432182e-04
1.085918372179857253e-04
-4.987456784619368150e-05
-1.939443673829173941e-04
-3.160334615775841662e-04
-4.106304840318956637e-04
-4.743735163637512295e-04
-5.062668996446661714e-04
-5.074050908869417965e-04
-4.808575989953700765e-04
-4.311247330659665595e-04
-3.638192940588487034e-04
-2.850126704828271512e-04
-2.008860580749495268e-04
-1.171376835321073665e-04
-3.875790517733894869e-05
3.037669452589686516e-05
8.751566720451683294e-05
1.312074748159922078e-04
1.610962108957282395e-04
1.778982369861793885e-04
1.830530988564934907e-04
1.785972955132857825e-04
1.667752261099194450e-04
1.499179638072019435e-04
1.301137873354716462e-04
1.091745840016295486e-04
8.842505285800488705e-05
6.878896284162200347e-05
5.070158237325729256e-05
3.429485899802608501e-05
1.939096104893847151e-05
5.729674677870868354e-06
-7.020951140400862147e-06
-1.905867273310713552e-05
-3.047612704998618063e-05
-4.112087112523417560e-05
-5.069282651634656297e-05
-5.868100408528326194e-05
-6.452214023323165997e-05
-6.759068526909282177e-05
-6.738268851994397995e-05
-6.351527697315798189e-05
-5.588946499200160177e-05
-4.465517668776371586e-05
-3.031628152569427264e-05
-1.363544728274039756e-05
4.330908597368520385e-06
2.238630108694629101e-05
3.921422084274306700e-05
5.356344689338863658e-05
6.428677104554021465e-05
7.051585522112034676e-05
7.167502004206502029e-05
6.760526762176563716e-05
5.852023882385211509e-05
4.505739985287036346e-05
2.816692723994091371e-05
9.094302487969501764e-06
-1.078074216135630855e-05
-3.000180954941655329e-05
-4.721013810174015744e-05
-6.120113870682148609e-05
-7.107035004422281054e-05
-7.623078896128439937e-05
-7.649930292684151644e-05
-7.205289991386542550e-05
-6.344491148948956910e-05
-5.150174799691824328e-05
-3.728215799857092534e-05
-2.193802366302740134e-05
-6.648260208000324429e-06
7.520048142381376941e-06
1.966541697072363734e-05
2.915481067460363413e-05
3.563449667970933530e-05
3.907409324178768255e-05
3.972139426005982218e-05
3.808528943413079526e-05
3.484317912926871482e-05
3.078155706066263542e-05
2.668317524479631362e-05
2.325828571241144582e-05
2.104714161125432578e-05
2.037658899726731309e-05
2.130838199295741732e-05
2.364460951202768140e-05
2.693608678914925626e-05
3.054028578120399480e-05
3.368250182660421769e-05
3.554863199375208303e-05
3.537252814588856770e-05
3.253046265641057353e-05
2.661818913836563590e-05
1.751108769923969116e-05
5.399097974507213667e-06
-9.211958482366323130e-06
-2.552237193173230375e-05
-4.249972136729761600e-05
-5.895005016254358952e-05
-7.362325444798355342e-05
-8.530649063566855350e-05
-9.294080968346387262e-05
-9.570088566248782867e-05
-9.308731719941891036e-05
-8.496061879001068611e-05
-7.158347975861587302e-05
-5.359171884004848275e-05
-3.197882616800638703e-05
-8.006151625770262817e-06
1.685844584450321644e-05
4.107096856315924630e-05
6.309172142420718004e-05
8.152522285636434689e-05
9.518708946618938908e-05
1.032218193224655788e-04
1.051276767103823356e-04
1.008290819408221489e-04
9.064287029580452915e-05
7.529635724607452508e-05
5.583411641086026832e-05
3.358883668923770007e-05
1.004300901924002121e-05
-1.322674843522683412e-05
-3.470757119654730745e-05
-5.300387608703528843e-05
-6.698507677464043389e-05
-7.580818981666493934e-05
-7.902953758837593344e-05
-7.657516776272645835e-05
-6.880142858610660767e-05
-5.640528147993761085e-05
-4.043371106287844957e-05
-2.214179279266197364e-05
-2.966325847900559642e-06
1.564656412147809591e-05
3.227694952793359618e-05
4.570465373271116798e-05
5.492409792737058333e-05
5.929091696237340562e-05
5.849158955764909164e-05
5.264374098591996542e-05
4.220734313082548811e-05
2.803255946734962677e-05
1.121389673135634465e-05
-6.905259930880343257e-06
-2.491919885795707500e-05
-4.137601597409857479e-05
-5.497751758619346074e-05
-6.458569002893143349e-05
-6.940489845838108637e-05
-6.894904636795527210e-05
-6.318011108233068617e-05
-5.241550903489773487e-05
-3.740974402204494284e-05
-1.919716847078148356e-05
8.787579735249746833e-07
2.137361939572834834e-05
4.074293049669698412e-05
5.757210324069492072e-05
7.057354544692150599e-05
7.880245842844769099e-05
8.161484568093212383e-05
7.883759749826064361e-05
7.066213240511658340e-05
5.775216835789335318e-05
4.106650164315370926e-05
2.190901179298954476e-05
1.695783939725620307e-06
-1.802774106940297847e-05
-3.584285820973279852e-05
-5.043580312372171568e-05
-6.083786423150099314e-05
-6.636125759639234750e-05
-6.679058904566638586e-05
-6.225136926090120480e-05
-5.333779817590095777e-05
-4.090996722074020405e-05
-2.616563319328658202e-05
-1.038443862554964972e-05
5.028796610164109474e-06
1.881880631529443825e-05
2.982719915220002170e-05
3.724782145281170119e-05
4.052882275720774339e-05
3.957847612977942860e-05
3.459984290170065209e-05
2.623519158435198872e-05
1.533252508436475366e-05
3.039376062044211154e-06
-9.477740550249484067e-06
-2.096039268279587938e-05
-3.035035488124717364e-05
-3.669922277493258402e-05
-3.943484975643294591e-05
-3.822044575546356342e-05
-3.316980839481072763e-05
-2.463982095044276355e-05
-1.338941832635203860e-05
-3.113180786243230779e-07
1.344890946317910874e-05
2.679692826654715774e-05
3.857892751407926250e-05
4.788679863833980235e-05
5.392080488773844853e-05
5.626432267216297108e-05
5.469434133403308868e-05
4.940889599969704301e-05
4.077812787907095438e-05
2.952747234767269784e-05
1.644146813949197853e-05
2.522888022086913607e-06
-1.132519548290424147e-05
-2.413564572564208692e-05
-3.518839293528854386e-05
-4.381588493231714865e-05
-4.968654368257475513e-05
-5.256501914533565561e-05
-5.256152212654184510e-05
-4.984801874458159876e-05
-4.488216336913689145e-05
-3.809389206795929929e-05
-3.010292006247822501e-05
-2.139641201879065020e-05
-1.256082027318594177e-05
-3.968793167871687858e-06
3.960152600482812813e-06
1.105457446682851884e-05
1.709821302567285435e-05
2.210959586074246912e-05
2.602448704394423436e-05
2.897195750919976054e-05
3.094582425734256515e-05
3.209164970155703439e-05
3.237987842036021670e-05
3.191410085429496722e-05
3.061199640675682228e-05
2.853712426907537467e-05
2.558518588427741885e-05
2.183349228096048814e-05
1.722325393857950215e-05
1.191614442549233349e-05
5.961068288320852413e-06
-3.523268558529175026e-07
-6.850978004078927767e-06
-1.313282858919756039e-05
-1.894985942947025547e-05
-2.386731485345418811e-05
-2.766590136068615974e-05
-2.999525596448919765e-05
-3.078306429041638778e-05
-2.986900238688764542e-05
-2.740846306329746673e-05
-2.347627883190852753e-05
-1.845866570825222745e-05
-1.262402054024473337e-05
-6.505928839994093903e-06
-4.476880959435556129e-07
5.012227052980770486e-06
9.608534289439776721e-06
1.294554588783746157e-05
1.496387639985745954e-05
1.550510448951357691e-05
1.476754020264370480e-05
1.283335104513372279e-05
1.011373322559901574e-05
6.842907023936314365e-06
3.522772212514707580e-06
3.961979405158905046e-07
-2.093143872912496555e-06
-3.833264936834070875e-06
-4.553837197662081254e-06
-4.353578143383739103e-06
-3.171918124759208509e-06
-1.309590534280090179e-06
1.135982114878297281e-06
3.748535618513780130e-06
6.383379914225628753e-06
8.629278873054157200e-06
1.041148231404517584e-05
1.142382140913613413e-05
1.173514927076131649e-05
1.118429264799333408e-05
9.989030330821510261e-06
8.105270751214101575e-06
5.846007096824820279e-06
3.212552811191575119e-06
5.352059830401872394e-07
-2.214272132521746718e-06
-4.749626802859778934e-06
-7.170903123141844801e-06
-9.253694505060126518e-06
-1.116449245159018740e-05
-1.271361619089421119e-05
-1.409287487640524694e-05
-1.509829582801710376e-05
-1.590098808592718913e-05
-1.624618445542497043e-05
-1.626655715968868899e-05
-1.565968408514926578e-05
-1.454744307371189193e-05
-1.262695902064613068e-05
-1.007329076930009154e-05
-6.652774346265925117e-06
-2.662390380638171518e-06
2.008003139750694529e-06
6.905357817528708401e-06
1.201330703188624339e-05
1.675093555993647785e-05
2.103946892943416553e-05
2.426184369754530283e-05
2.639388378684760564e-05
2.690878977631933560e-05
2.596599223826802672e-05
2.324062190111010541e-05
1.916357838436910153e-05
1.365705132646777300e-05
7.425537127169340513e-06
5.846849899344576106e-07
-5.985870236848535340e-06
-1.212420343853234144e-05
-1.694813801865991071e-05
-2.044447853963299858e-05
-2.191339632590264683e-05
-2.166178213357044212e-05
-1.929449616524658574e-05
-1.551656172233323088e-05
-1.023902002374634956e-05
-4.510714356255833439e-06
1.587019645907126562e-06
6.837211869513191124e-06
1.122538710143052380e-05
1.360154893307560920e-05
1.427798484815498884e-05
1.237297619225510429e-05
8.715866393111163139e-06
2.769238930913234577e-06
-4.069152545643047990e-06
-1.209778507121304507e-05
-1.945141838153468562e-05
-2.647748453303084881e-05
-3.103511856312563623e-05
-3.394765953056467513e-05
-3.293774001977755949e-05
-2.984762832404656409e-05
-2.206520195306704507e-05
-1.339007041185419234e-05
8.739515157798106164e-07
1.182878710634988111e-05
2.496099342833464900e-05
2.027278621982599369e-05
2.053576785198748744e-05
1.721252951032592690e-05
1.607419237681441166e-05
1.273544017330374856e-05
1.070668944064290408e-05
6.972614594369487796e-06
4.053007306279024533e-06
-3.486234639368701845e-07
-4.239050088060848298e-06
-9.428793038205549262e-06
-1.420965700976791741e-05
-2.000780572439459634e-05
-2.526342115965532611e-05
-3.108603994273861064e-05
-3.600343973819759738e-05
-4.088525756649027720e-05
-4.434999442843168130e-05
-4.712676110368961698e-05
-4.797503485476906207e-05
-4.759690977049065529e-05
-4.496303735488183862e-05
-4.085210843441604951e-05
-3.450220441269898948e-05
-2.683276326547549468e-05
-1.736042703840806985e-05
-7.147170728746810800e-06
4.063186219661004606e-06
1.513203316354828807e-05
2.619770439285868787e-05
3.616081358652484387e-05
4.518131146190606406e-05
5.232683822741121505e-05
5.790485162100956546e-05
6.124272883884824973e-05
6.286282420135543513e-05
6.237053167729714664e-05
6.048331200643703392e-05
5.701326103572347065e-05
5.276745334704116612e-05
4.762247463738063328e-05
4.231969505787226612e-05
3.663752056856450719e-05
3.110798486316023489e-05
2.529521605379055806e-05
1.945653510962038320e-05
1.293139593948161379e-05
5.760583568272914925e-06
-2.820371433942374717e-06
-1.280413652683101522e-05
-2.483253809366995209e-05
-3.867564558353821848e-05
-5.459639071161442614e-05
-7.190831019795640888e-05
-9.031618585266469991e-05
-1.085741188515388207e-04
-1.258273426369535997e-04
-1.403808007082010584e-04
-1.510503341252267934e-04
-1.560323344250507890e-04
-1.542502567666033766e-04
-1.442943289638066052e-04
-1.257290946604452963e-04
-9.805653266550604780e-05
-6.193997311177268492e-05
-1.814141729909005975e-05
3.137773882310900317e-05
8.458047120143543447e-05
1.383948439655983248e-04
1.899058697248435547e-04
2.355234440138983089e-04
2.722144302688647602e-04
2.967499138596254118e-04
3.069195257241132298e-04
3.007870778444486116e-04
2.778150591614172429e-04
2.380549657110164654e-04
1.831188912665807111e-04
1.152520211700929008e-04
3.811994935013569337e-05
-4.424864419226492773e-05
-1.268443770173598032e-04
-2.048281474146983389e-04
-2.730226144429117956e-04
-3.270803703843922568e-04
-3.629933222012562207e-04
-3.781832587803577459e-04
-3.709339972852837542e-04
-3.413201981522800033e-04
-2.904916842678234275e-04
-2.213922506395417790e-04
-1.378701530952060068e-04
-4.518862850257677344e-05
5.101109052199292001e-05
1.443548062657131501e-04
2.288470471385602124e-04
2.985803739273532238e-04
3.488206260671251283e-04
3.756731563092809275e-04
3.770378313639901171e-04
3.521361211791878502e-04
3.022564315960801513e-04
2.300822262439389991e-04
1.401941145936111096e-04
3.819182249134794540e-05
-6.902465247890141563e-05
-1.742902893207706153e-04
-2.700391436667021455e-04
-3.494001668795525305e-04
-4.060922003081639232e-04
-4.354566298695088447e-04
-4.342551129123733348e-04
-4.015158747519159427e-04
-3.381223558002797547e-04
-2.473828033842345015e-04
-1.343466583497353274e-04
-6.069012545630012010e-06
1.293364245548657605e-04
2.626882455454345334e-04
3.848592837065228835e-04
4.868978044295534839e-04
5.611708402970678718e-04
6.014418119047850245e-04
6.038542857675369352e-04
5.667899607355420628e-04
4.915369908659480936e-04
3.818047903170295040e-04
2.439986170265500429e-04
8.636575209978943372e-05
-8.109006690405739235e-05
-2.477393002074301169e-04
-4.026258983086005079e-04
-5.356845266911077494e-04
-6.380324660103976623e-04
-7.030397688163041604e-04
-7.263856405371256920e-04
-7.067795341969855191e-04
-6.456240281666791913e-04
-5.472900161589644387e-04
-4.183607085111861888e-04
-2.675122924341928241e-04
-1.044618634940637969e-04
6.036503484963347586e-05
2.169638386911772741e-04
3.560623734981609276e-04
4.700998170503279208e-04
5.533125221727639353e-04
6.023968204703022099e-04
6.162535620115498032e-04
5.962778017739486488e-04
5.457656689668066762e-04
4.698924966625436859e-04
3.748924536904386126e-04
2.678728463894196506e-04
1.559359534866499902e-04
4.600534025139820058e-05
-5.594367892742687466e-05
-1.449011029092365664e-04
-2.173711641068982938e-04
-2.711596344446346699e-04
-3.056714664551719949e-04
-3.214788370149882857e-04
-3.204155762420410640e-04
-3.050040562707960153e-04
-2.784461192110848074e-04
-2.440196647041516340e-04
-2.050784277158121264e-04
-1.645218220398588372e-04
-1.248903940646371009e-04
-8.797245279940382431e-05
-5.503257488549096149e-05
-2.656493472832636534e-05
-2.638991923978244369e-06
1.723915413698201581e-05
3.371933351284194360e-05
4.770371904584744108e-05
5.994654840232839580e-05
7.117451398889400142e-05
8.175123086768503312e-05
9.186616084635366953e-05
1.012914732315343930e-04
1.096490242027884482e-04
1.162509435490741795e-04
1.204200157620600488e-04
1.213761342035694386e-04
1.185636778200812279e-04
1.115336938091485651e-04
1.002300353952420157e-04
8.482542831480463237e-05
6.593506953553162763e-05
4.438814394182533313e-05
2.136490993887205816e-05
-1.886235356320277527e-06
-2.396497920253516371e-05
-4.362262215663414397e-05
-5.969006824233289267e-05
-7.135741009500308279e-05
-7.807081404416710627e-05
-7.975146014656954538e-05
-7.663351043716422567e-05
-6.940587233193818762e-05
-5.898747422245707557e-05
-4.660170017897639281e-05
-3.351091858628084131e-05
-2.105493801818563262e-05
-1.038199524567750130e-05
-2.491516776573542172e-06
1.998154337265495746e-06
2.765464634009718291e-06
-4.927655717175911712e-08
-5.990591652122428952e-06
-1.419914923187143903e-05
-2.361783724929777546e-05
-3.296440100341149813e-05
-4.097134842953793245e-05
-4.638602619140147081e-05
-4.820524273268118063e-05
-4.566157361083532590e-05
-3.841297179629686668e-05
-2.648022150179661429e-05
-1.036429007318097612e-05
9.082143984333930175e-06
3.061480436055563506e-05
5.278524465858817194e-05
7.395977995429854894e-05
9.253729269470431463e-05
1.069908544335074305e-04
1.160755283232774632e-04
1.188514245303622574e-04
1.148428253726181886e-04
1.040094165778638111e-04
8.683148713306974484e-05
6.421387880887098750e-05
3.749275395461540081e-05
8.278924118959696035e-06
-2.159628153070216399e-05
-5.027117419828916911e-05
-7.593393967460923479e-05
-9.700656862570253985e-05
-1.122095945619089660e-04
-1.206997061721363010e-04
-1.220835999152430689e-04
-1.164815778210674809e-04
-1.044728364234367090e-04
-8.707901070129238884e-05
-6.564697127399492195e-05
-4.176998369024160070e-05
-1.713570609052995883e-05
6.579649887370553925e-06
2.785813363294165009e-05
4.543167945610545976e-05
5.838465936126750538e-05
6.619741715944072911e-05
6.877871735666989973e-05
6.644564090166782833e-05
5.988198458105050364e-05
5.006224032688801138e-05
3.815436231831752727e-05
2.541517147975946899e-05
1.307138597391422273e-05
2.224040445004141437e-06
-6.254170200598944286e-06
-1.177032428373161103e-05
-1.406858721118647997e-05
-1.321709017842905416e-05
-9.609768847684339150e-06
-3.889460786104014416e-06
3.094388372722586159e-06
1.040582102485420350e-05
1.708092261376234150e-05
2.225850497900801713e-05
2.522050653152727912e-05
2.550033670485345153e-05
2.287680254307300205e-05
1.743906379922794853e-05
9.521980270290095506e-06
-2.746606670370039412e-07
-1.120212614390586483e-05
-2.237323439147477665e-05
-3.290659486516806962e-05
-4.193891985833440427e-05
-4.876768691477226491e-05
-5.283644541635946292e-05
-5.385099704781490319e-05
-5.171891358665703793e-05
-4.662819691189275126e-05
-3.893829763064775366e-05
-2.922678888587276885e-05
-1.814456703359580217e-05
-6.448823440061444931e-06
5.155819444688185955e-06
1.597487261985766239e-05
2.547463935968857188e-05
3.321087934739245037e-05
3.895649953857675433e-05
4.259228497804751597e-05
4.420903385804848877e-05
4.396406155155493082e-05
4.216730604160991928e-05
3.911756606274135670e-05
3.518940072718567167e-05
3.066670642183164927e-05
2.584709911894575275e-05
2.088684214649770202e-05
1.593297388684490953e-05
1.098504931786590477e-05
6.055388210115495358e-06
1.042800546061671055e-06
-4.088203469500155880e-06
-9.434144864673945285e-06
-1.496838457371376032e-05
-2.068244338130512678e-05
-2.640940022740241521e-05
-3.198970531147020662e-05
-3.710819271127275925e-05
-4.148619872992664144e-05
-4.472951671844063666e-05
-4.654037511172131887e-05
-4.656676916616459927e-05
-4.462297578399460161e-05
-4.052806836968584416e-05
-3.432317974000540753e-05
-2.608840147269653320e-05
-1.614796227941990079e-05
-4.858967026270594850e-06
7.199016656633196394e-06
1.946380646765223120e-05
3.121346476073072885e-05
4.182825839011279330e-05
5.061600659968994251e-05
5.708351618418393335e-05
6.074968577997929609e-05
6.141121788701696708e-05
5.892903427781136098e-05
5.347645285032390477e-05
4.529063817959563039e-05
3.489967567174343503e-05
2.284018569156365231e-05
9.869400292454905509e-06
-3.340897825372413398e-06
-1.599364639640874741e-05
-2.748076221441505621e-05
-3.715747339998938547e-05
-4.464954031520885358e-05
-4.959938099686392440e-05
-5.195652613194425424e-05
-5.168978294811707832e-05
-4.906012768599879258e-05
-4.430269582959507814e-05
-3.789049967880024020e-05
-3.019772360461980219e-05
-2.176789172572065896e-05
-1.297221195077228527e-05
-4.295196889555180140e-06
4.001356669933768881e-06
1.156750509393117249e-05
1.829173950703821472e-05
2.396478614912703474e-05
2.860078479900091252e-05
3.208275931598838371e-05
3.448807106903624132e-05
3.572621004000196197e-05
3.587953301612127101e-05
3.484274452687706290e-05
3.268597936033991919e-05
2.929905776886546491e-05
2.477621228700974622e-05
1.906000360542958790e-05
1.233945546277759211e-05
4.682548828612543888e-06
-3.564107436139103748e-06
-1.216615521276229009e-05
-2.061006526854866733e-05
-2.852448968053034010e-05
-3.529966808785653002e-05
-4.053753389346641218e-05
-4.367496961671488327e-05
-4.445171855593333337e-05
-4.252257086411926506e-05
-3.792642027616589502e-05
-3.066972932475682447e-05
-2.118097201938720457e-05
-9.852429439956476867e-06
2.527557234591056025e-06
1.527671436268869369e-05
2.740434698412200123e-05
3.814770149461415942e-05
4.656004234230404866e-05
5.206290296853894060e-05
5.401551812925510070e-05
5.226165927346776094e-05
4.665947771955642652e-05
3.760531310341042342e-05
2.551000796929429326e-05
1.129206767046003004e-05
-4.201343053521677550e-06
-1.972612507717414333e-05
-3.426387686896788530e-05
-4.656012968869101466e-05
-5.576822084279503186e-05
-6.096765354942873489e-05
-6.180224612773215691e-05
-5.795148924151698330e-05
-4.973956051566010358e-05
-3.754047942653697959e-05
-2.234673132957879741e-05
-5.104528232758318873e-06
1.275149852728717388e-05
3.001834667883829193e-05
4.520012627428474420e-05
5.725424280811389042e-05
6.504273914269246442e-05
6.807016574719097334e-05
6.587704070144811833e-05
5.874165185338762525e-05
4.699414922784508512e-05
3.167156246861945292e-05
1.375130897628720548e-05
-5.229445643334639784e-06
-2.400086595188138255e-05
-4.094687892627247872e-05
-5.495849405671239573e-05
-6.478732441107213106e-05
-6.988844352607005684e-05
-6.970641649082889889e-05
-6.448145675228334254e-05
-5.444913262321416172e-05
-4.060350660820477906e-05
-2.381376675644213920e-05
-5.560456072484894448e-06
1.300734709256414523e-05
3.032993670930484546e-05
4.540449002060031701e-05
5.699942085539055680e-05
6.461379375776097581e-05
6.761866448561289786e-05
6.618951459778787017e-05
6.036285837862464507e-05
5.094292651883262452e-05
3.848187783476847131e-05
2.418043812225965179e-05
8.814854988180237459e-06
-6.338423194620909264e-06
-2.060120904142508463e-05
-3.291544691650515216e-05
-4.294551236223695032e-05
-5.002761522331736639e-05
-5.426826739737046376e-05
-5.541747290509297578e-05
-5.397143114237095232e-05
-4.997969650525219956e-05
-4.417179187376533235e-05
-3.671594714435296814e-05
-2.839281833862425958e-05
-1.932196522905105132e-05
-1.020089108006810131e-05
-1.006627295472704990e-06
7.692063859436517465e-06
1.606260658613547373e-05
2.362634658920140387e-05
3.063068063861331108e-05
3.660653200464116132e-05
4.180369557128253737e-05
4.569762568025493421e-05
4.850417169097354000e-05
4.963815361994429497e-05
4.931541493373350210e-05
4.695498352008216022e-05
4.286716073915667328e-05
3.658162275907609300e-05
2.861468970039205103e-05
1.870125206702774527e-05
7.635105232924253014e-06
-4.615515530123534154e-06
-1.699339563190669259e-05
-2.936640230954269779e-05
-4.052620878328936109e-05
-5.033638516735378175e-05
-5.762001336069504467e-05
-6.243985656311750300e-05
-6.384224788647985976e-05
-6.226734500203641193e-05
-5.711474421986927953e-05
-4.928967771161419905e-05
-3.855966110408467177e-05
-2.625664504627119923e-05
-1.240025617838190657e-05
1.407130163634931540e-06
1.511094824083286050e-05
2.706303165867799331e-05
3.742869708971476321e-05
4.473177319268360069e-05
4.957325170897183641e-05
5.078434103769975574e-05
4.951598100772674934e-05
4.490908431404155426e-05
3.865124594468754172e-05
3.005204481072927772e-05
2.121557737033403048e-05
1.136609171090828455e-05
2.860805977289175113e-06
-5.473852744906644490e-06
-1.114106791172682383e-05
-1.603670973303842625e-05
-1.747418636829410426e-05
-1.842472353358876381e-05
-1.562621122749561397e-05
-1.373847461979765960e-05
-7.643025284136800216e-06
-6.142908449922610023e-06
-3.714420162253504213e-05
3.101498448922642239e-06
-6.768687952025898468e-06
-4.596732078697549495e-07
-4.297970884358751509e-06
-4.462667926788219398e-07
-2.535707029135134904e-06
4.578953215636584038e-07
-7.815130087717895488e-07
1.750652696141149949e-06
9.583942468762567400e-07
3.128632952777315458e-06
2.527897283398511600e-06
4.335701753602361292e-06
3.745941775862817430e-06
5.167697746899934140e-06
4.470546925076472340e-06
5.498202093669494850e-06
4.635503113813013232e-06
5.292927187423966475e-06
4.259817731572226990e-06
4.601519820420881581e-06
3.430589504826581195e-06
3.527845042798305725e-06
2.267428589687956281e-06
2.189523946864129674e-06
8.833052841400063722e-07
6.829162461630602127e-07
-6.412990813089095874e-07
-9.312565022680653399e-07
-2.258688263872490903e-06
-2.614130103539512685e-06
-3.926827397203673730e-06
-4.311299903652501546e-06
-5.565636443002684116e-06
-5.908350229210230004e-06
-7.017581353281657051e-06
-7.202693255217587809e-06
-8.036117890244813181e-06
-7.912955097927996956e-06
-8.318394196926862802e-06
-7.735278321990216987e-06
-7.582836792380722788e-06
-6.437475373644260156e-06
-5.672803327819100368e-06
-3.963401417348637477e-06
-2.651756614760066932e-06
-5.088644231893636606e-07
1.149423653937328878e-06
3.467192880362492440e-06
5.162292568109520344e-06
7.315074209693215573e-06
8.693449581684114448e-06
1.034091020671308689e-05
1.109518475008934846e-05
1.198842394328888863e-05
1.194340138136821338e-05
1.199727294922767178e-05
1.116133642995234803e-05
1.047927404705371731e-05
9.039003252413245907e-06
7.876505540208787772e-06
6.130926075100418156e-06
4.805469316786457449e-06
3.059118872061101063e-06
1.836046515612955754e-06
2.886155048842809523e-07
-7.141599419553723075e-07
-2.037577451938632179e-06
-2.885120892734050289e-06
-4.129650512596247332e-06
-5.023635225563101409e-06
-6.418416218686311406e-06
-7.577507395313589929e-06
-9.293125324468187270e-06
-1.080116250614482926e-05
-1.280446055682177150e-05
-1.448847246107847021e-05
-1.645946566138036901e-05
-1.785858265435556026e-05
-1.922035509848287081e-05
-1.968024537871239634e-05
-1.975523508922247563e-05
-1.863696977135513398e-05
-1.689293052171193685e-05
-1.383529316589019690e-05
-1.013955614484350127e-05
-5.279282254187226263e-06
-5.988300740096989242e-08
5.887988274008031378e-06
1.165848894085589414e-05
1.752110109511438005e-05
2.254869565396179829e-05
2.700916783585984940e-05
3.006110024144629698e-05
3.207965424491987283e-05
3.240702792024402126e-05
3.160471775398129477e-05
2.924721424931398878e-05
2.609570007801988108e-05
2.192856410764357301e-05
1.763802952874296892e-05
1.309883955441540441e-05
9.197245515282869878e-06
5.747080897192479820e-06
3.467055393597762257e-06
1.958327104919014671e-06
1.648231556588649639e-06
1.842919081916341884e-06
2.651752166315890860e-06
3.121805038716297832e-06
3.147507716042320279e-06
1.682306778166133647e-06
-1.374644630715996996e-06
-6.906971066904475304e-06
-1.473709855809173617e-05
-2.532118300245443475e-05
-3.797326912356885229e-05
-5.255415130101133008e-05
-6.778558615478867645e-05
-8.295199878446210420e-05
-9.631363939431399524e-05
-1.068231112416181478e-04
-1.126269890807413295e-04
-1.127786495985711113e-04
-1.057982605266573009e-04
-9.134628839473615456e-05
-6.879913361305699585e-05
-3.884080062492741952e-05
-2.011576338955436933e-06
3.981720440771667301e-05
8.494917358619805776e-05
1.305187940462275464e-04
1.740532429269375401e-04
2.122430824767177642e-04
2.425309097791075697e-04
2.619526577224644661e-04
2.686996813612341000e-04
2.609687568567493508e-04
2.384347093584941594e-04
2.010472154117118662e-04
1.503610643635384036e-04
8.823763123309974195e-05
1.800811598400549552e-05
-5.692752092342289285e-05
-1.320900815045872225e-04
-2.033918196778563832e-04
-2.662263284841011888e-04
-3.169426681485360800e-04
-3.519575755548180166e-04
-3.691508395527097431e-04
-3.669170685967904902e-04
-3.454074478262107338e-04
-3.054578374215936843e-04
-2.496328555234608964e-04
-1.810075511496891303e-04
-1.040172573566114893e-04
-2.312138344456199186e-05
5.648638318581870860e-05
1.302566004162027666e-04
1.936199598588566131e-04
2.433049198221884553e-04
2.766126224720204621e-04
2.925728114364701030e-04
2.910697551113350335e-04
2.737706626533661014e-04
2.430638002236944510e-04
2.027537583269544417e-04
1.568398023425842790e-04
1.100406972096211152e-04
6.650562783817982957e-05
3.028584377235338782e-05
4.110251565371582145e-06
-1.005815192172306807e-05
-1.205111171992563884e-05
-2.740324599918985667e-06
1.521333915727066107e-05
3.835979580662794209e-05
6.199213563919047060e-05
8.134747303137996807e-05
9.133040643574270845e-05
8.778458823656568402e-05
6.724551598753654945e-05
2.810325514562964550e-05
-2.979899814758793045e-05
-1.042812686893715603e-04
-1.915244615273938489e-04
-2.855641153414913277e-04
-3.793286697433652702e-04
-4.644929027607570967e-04
-5.327759709753044802e-04
-5.760131601635021465e-04
-5.875219381785117944e-04
-5.621631850325033890e-04
-4.975285974859297751e-04
-3.937469384804924769e-04
-2.542732423467275482e-04
-8.526534665706778820e-05
1.041364409938926147e-04
3.028983852345915810e-04
4.982760571165001937e-04
6.772400304163240419e-04
8.269173949596940031e-04
9.360914696596696685e-04
9.956006394169797814e-04
9.995977202381944610e-04
9.456053124064168949e-04
8.352749736739417110e-04
6.739034314962455289e-04
4.705795467215375034e-04
2.371440452633183805e-04
-1.219456103397162863e-05
-2.622833670792156934e-04
-4.976882571307740663e-04
-7.041919506586649148e-04
-8.693975011117287700e-04
-9.839620307290769530e-04
-1.041830536003020497e-03
-1.040951695759361395e-03
-9.829657991275398896e-04
-8.733185376868262588e-04
-7.204162724398332617e-04
-5.352456019453874720e-04
-3.301860098645941670e-04
-1.183884913073558883e-04
8.746313256014794351e-05
2.757122788738986430e-04
4.367341341568846402e-04
5.631896584841125783e-04
6.506111089303973040e-04
6.972363390824727700e-04
7.041375912550768782e-04
6.746717549418196217e-04
6.142538262548846500e-04
5.295768146907339552e-04
4.282189131178163431e-04
3.178377932383252445e-04
2.058131292555215178e-04
9.859673603291194892e-05
1.538542024196433658e-06
-8.150198944877529075e-05
-1.480875858442379288e-04
-1.973180369682687074e-04
-2.295493049186383874e-04
-2.462996540956255984e-04
-2.498471473831904315e-04
-2.430339983674802693e-04
-2.288547709051198928e-04
-2.102671469106759102e-04
-1.898667187333295131e-04
-1.697819004825472855e-04
-1.514910544329413258e-04
-1.358337958751368703e-04
-1.229793345019826207e-04
-1.125416345349696852e-04
-1.036682268946156421e-04
-9.521457791665062433e-05
-8.589938952495348307e-05
-7.447942292461959041e-05
-5.991201502520063899e-05
-4.147456398274477248e-05
-1.888540250670771555e-05
7.671315965323261582e-06
3.749409953327851436e-05
6.944855426248367760e-05
1.019859660043582854e-04
1.333238276023776037e-04
1.615083585760207496e-04
1.846542469234868091e-04
2.010063753670432950e-04
2.091898116203487338e-04
2.082212340581405152e-04
1.977229269720592810e-04
1.778442237884738904e-04
1.494096481049196721e-04
1.137327262581799798e-04
7.269441888655404330e-05
2.845914722874413601e-05
-1.649382572503701406e-05
-5.971881314391836902e-05
-9.877769013636840195e-05
-1.316058592368225864e-04
-1.564425072861706345e-04
-1.721666568628291486e-04
-1.781413520407711148e-04
-1.744862865257867490e-04
-1.618137335632342897e-04
-1.414289436672690030e-04
-1.149626609098324242e-04
-8.451749522682874675e-05
-5.222671679808107314e-05
-2.038587437134458001e-05
9.016306790633948082e-06
3.413141072055521125e-05
5.369889158951583969e-05
6.679916204878986867e-05
7.324235269061587638e-05
7.321466079831956690e-05
6.759539207706405850e-05
5.749776691639906786e-05
4.453023673388087984e-05
3.026130260113236401e-05
1.646655664626385721e-05
4.566737892618244754e-06
-4.086556627658082211e-06
-8.748183061694599007e-06
-8.909222602162845269e-06
-4.773976257339459576e-06
3.217642107304310429e-06
1.398083007685520965e-05
2.636267611992601317e-05
3.877692396226751841e-05
4.984369609955433786e-05
5.802248534793701243e-05
6.226459657961959328e-05
6.159402272176824013e-05
5.572762495641064092e-05
4.456754613073171114e-05
2.876486268151934059e-05
9.111922163496396869e-06
-1.294866589414724858e-05
-3.601799862300933549e-05
-5.826153174937741009e-05
-7.815603024195068272e-05
-9.400024544252621528e-05
-1.046730180917056837e-04
-1.090922724371912471e-04
-1.069465157943701487e-04
-9.807001989277376304e-05
-8.312437612038518873e-05
-6.287628391147844604e-05
-3.882767750104705069e-05
-1.240614185224879506e-05
1.443461577430242770e-05
4.008103884456495268e-05
6.265087942146553178e-05
8.087502001866637210e-05
9.343817539826036441e-05
9.983751896933331391e-05
9.963944314794950113e-05
9.329079800986035036e-05
8.127777975206828089e-05
6.488840518738468147e-05
4.528340115789970469e-05
2.423140209250223735e-05
3.121984333355070867e-06
-1.628870223081427336e-05
-3.288202847244070146e-05
-4.537933462015819526e-05
-5.332596191554538068e-05
-5.621061633843790664e-05
-5.440817938908058072e-05
-4.820491797001353522e-05
-3.870129025365856562e-05
-2.675467398584675577e-05
-1.386475169647350912e-05
-1.063442466504627022e-06
1.018161107522112949e-05
1.909361066970881928e-05
2.462945764590352478e-05
2.659271074313827903e-05
2.459856355243574951e-05
1.915817716895794597e-05
1.055854978488113869e-05
-7.942658457431557583e-08
-1.199683530502730381e-05
-2.374736262926944511e-05
-3.444644222916747874e-05
-4.270275199135830139e-05
-4.789163231685168292e-05
-4.903713813412585362e-05
-4.608256967142688310e-05
-3.869881082393026277e-05
-2.753479036591603975e-05
-1.294084966340191046e-05
3.802986922294825111e-06
2.184406472322785847e-05
3.953761500906035915e-05
5.586564588596817091e-05
6.920113890132508373e-05
7.876162492687488329e-05
8.332681054714213560e-05
8.269846480589899713e-05
7.634411792432720372e-05
6.484214128514933801e-05
4.843521437098606352e-05
2.845348992272376854e-05
5.777146096226768990e-06
-1.775313074156260006e-05
-4.094930023397931043e-05
-6.185445173227277114e-05
-7.940471024490802613e-05
-9.196470200308688898e-05
-9.900725638592793260e-05
-9.957429966299723514e-05
-9.394860048032390072e-05
-8.201811753263680746e-05
-6.492756805350752259e-05
-4.334050089363605915e-05
-1.907642657562545120e-05
6.717066961039010455e-06
3.191904002792956966e-05
5.532682223798708002e-05
7.496996675686449683e-05
9.003416870318661899e-05
9.910137219095501576e-05
1.020790372419006403e-04
9.834206892224001400e-05
8.865313132611998847e-05
7.319731307306268379e-05
5.349609244471867977e-05
3.034246647660318949e-05
5.726892016597379315e-06
-1.930630520113544972e-05
-4.269271297276337870e-05
-6.354344558342872693e-05
-8.010847053450651271e-05
-9.200014060528036207e-05
-9.806218426653104023e-05
-9.860688338299054779e-05
-9.317779765617387893e-05
-8.279975361912992812e-05
-6.763655811367745325e-05
-4.926545450944638593e-05
-2.824167971676447080e-05
-6.418010377916264397e-06
1.556563343783648289e-05
3.589304998997720162e-05
5.413865694744481039e-05
6.878703807902378415e-05
7.984404167410358375e-05
8.625118066369099592e-05
8.853817550563540008e-05
8.612798226028371435e-05
8.003794890079767867e-05
7.007979467255087171e-05
5.762391218527460160e-05
4.270317632449778918e-05
2.685765372189653831e-05
1.015111873633841876e-05
-5.887703195820028077e-06
-2.133021772715462498e-05
-3.479762106070471457e-05
-4.660694877712762363e-05
-5.560377540605914093e-05
-6.239409925208055257e-05
-6.605649215621982296e-05
-6.746928211482480146e-05
-6.590145670418135447e-05
-6.244757582735521978e-05
-5.649741696163751057e-05
-4.929151699416597633e-05
-4.026752166285791593e-05
-3.074756345135901136e-05
-2.015567161942846702e-05
-9.845956054026260015e-06
8.180485834609668621e-07
1.048657320966990249e-05
1.989352470592763017e-05
2.772244771096772875e-05
3.483724944698110212e-05
3.997976921449247425e-05
4.417216742923456952e-05
4.623151253602174673e-05
4.735421583642694524e-05
4.643039181688725868e-05
4.482242106911438223e-05
4.146148908950037361e-05
3.783701275625541994e-05
3.285938637025881718e-05
2.808350071027941326e-05
2.232333180216721633e-05
1.713876810076038151e-05
1.118656156490026609e-05
6.002830845882172447e-06
6.906780167558740348e-08
-5.077723498698457445e-06
-1.109553365218187195e-05
-1.636968114140715798e-05
-2.262354654666537781e-05
-2.806344975848064713e-05
-3.440397823104699077e-05
-3.959000430688689744e-05
-4.529874141582470904e-05
-4.919134088050236374e-05
-5.295915309547064628e-05
-5.403826776504610450e-05
-5.427233555176895209e-05
-5.099838896824886771e-05
-4.640717749571296322e-05
-3.788007112301595432e-05
-2.814636128872172603e-05
-1.472069824749451185e-05
-9.912166716669204425e-07
1.542703671246169737e-05
3.048406812170507271e-05
4.665509198161188172e-05
5.934207281894693289e-05
7.144743910953642004e-05
7.799757389197573573e-05
8.275081055982861299e-05
8.048036353061837039e-05
7.625195803993742001e-05
6.451712061142742688e-05
5.209163226877656661e-05
3.267834923852353863e-05
1.536863066801125578e-05
-7.931663984509492455e-06
-2.481379091778946044e-05
-4.762016535564557972e-05
-5.716895852743479828e-05
-7.892835608057134709e-05
