-1.237293581995701950e-05
-1.673896770861746025e-05
9.584608940640657950e-07
1.345175870929253610e-05
2.993951411827213389e-05
4.296183279890678500e-05
5.673984185333618758e-05
6.643284739441676569e-05
7.479483243392919033e-05
7.838176858394610088e-05
7.949304774999749787e-05
7.576999529718787341e-05
6.950369330243747520e-05
5.924763557735526916e-05
4.742205739672885023e-05
3.325997812665979430e-05
1.921752263769476530e-05
4.876845124630550217e-06
-7.515035755277544155e-06
-1.840545180253107068e-05
-2.604276013626253378e-05
-3.123018433985902826e-05
-3.291278533249333057e-05
-3.241437028809665815e-05
-2.938792591927574224e-05
-2.560820673009256751e-05
-2.121318342853644381e-05
-1.812618632397500250e-05
-1.655585941189876252e-05
-1.812891035790990859e-05
-2.264627816402685974e-05
-3.100991342657772345e-05
-4.224716482908985447e-05
-5.630465198612723190e-05
-7.134784215571524687e-05
-8.646938807813222628e-05
-9.924857007248655380e-05
-1.083845803021244662e-04
-1.114691970253025259e-04
-1.075174917188093137e-04
-9.487941331450987974e-05
-7.361420405760072218e-05
-4.345554749681991731e-05
-5.972650201122463697e-06
3.748221270453850327e-05
8.385908243514863028e-05
1.305121995970149414e-04
1.735191222357591022e-04
2.098094463019664223e-04
2.356517445628070499e-04
2.487349349891659726e-04
2.467165781299290352e-04
2.291539532119273926e-04
1.959977089031654995e-04
1.492784677005302714e-04
9.146066235863715770e-05
2.683938643885058306e-05
-4.026434857079510459e-05
-1.043652554705251677e-04
-1.607133931851602564e-04
-2.043041320072357776e-04
-2.317394495821108636e-04
-2.402251086422035756e-04
-2.292326514659029282e-04
-1.993240731283930076e-04
-1.534847436182961810e-04
-9.567753802097802858e-05
-3.180417219021493594e-05
3.200169174246702566e-05
8.870924703020120663e-05
1.322300537068266644e-04
1.568661247976119134e-04
1.590680268138563948e-04
1.367602830373854247e-04
9.079010416202891313e-05
2.392415849950451983e-05
-5.816700690832496656e-05
-1.483347521526034041e-04
-2.374454778408812577e-04
-3.161624874309241682e-04
-3.747649012363486027e-04
-4.050639922795326239e-04
-4.002669122290593057e-04
-3.567159506204477183e-04
-2.734761205155878338e-04
-1.536016035346902779e-04
-3.200317926006570964e-06
1.679396110586487279e-04
3.478809643172020550e-04
5.225124024472761752e-04
6.775272554527237865e-04
7.987456633855717462e-04
8.742030675633166411e-04
8.944209725966008502e-04
8.541840541617853194e-04
7.523501934663450949e-04
5.929610485968183319e-04
3.843222880771290299e-04
1.392963662604019062e-04
-1.263656318985411427e-04
-3.944250229407431693e-04
-6.463152115865542207e-04
-8.638636240915442644e-04
-1.031488216645628630e-03
-1.136740692874998277e-03
-1.172042557726902731e-03
-1.134597261699638732e-03
-1.027304319301269820e-03
-8.578054046440453800e-04
-6.384998853773209918e-04
-3.848190605213667299e-04
-1.146037177422506976e-04
1.539970814114770162e-04
4.032963847424370562e-04
6.180226977137150092e-04
7.857441506985483708e-04
8.982638686159581881e-04
9.514004778552225461e-04
9.456557394970753353e-04
8.853077467704553684e-04
7.784255567179365230e-04
6.354515045063982310e-04
4.688214159571691157e-04
2.913476774264713780e-04
1.157821335242085326e-04
-4.666759618518609085e-05
-1.865278678098991345e-04
-2.971536068875589034e-04
-3.744785003422220556e-04
-4.176059126128482853e-04
-4.280873878858125091e-04
-4.100605047069802705e-04
-3.691791005260056211e-04
-3.124806425166092158e-04
-2.471898810701964912e-04
-1.805567717568529065e-04
-1.187706116638689445e-04
-6.698214262235810022e-05
-2.850052336840456176e-05
-5.119979378915475379e-06
3.339163467315024127e-06
-1.603555152997586420e-06
-1.692025671836668854e-05
-3.891387783552697094e-05
-6.320174982063245738e-05
-8.560360096988433058e-05
-1.021170191506445829e-04
-1.097032065932190299e-04
-1.061224073746913648e-04
-9.051459956211681322e-05
-6.302677560888307064e-05
-2.516024861994033571e-05
2.079859265609077806e-05
7.161491886430861140e-05
1.237912455730916955e-04
1.734866767966836230e-04
2.172094396127407416e-04
2.517111670276091944e-04
2.745905482400823046e-04
2.840844890508697736e-04
2.795270542208790434e-04
2.610058374646397083e-04
2.296693471061049801e-04
1.872634962893609655e-04
1.363215858031170181e-04
7.963028224587950863e-05
2.036256231975871523e-05
-3.846227924015083058e-05
-9.383908204562279871e-05
-1.432649435267885081e-04
-1.845444223316635107e-04
-2.161906180238115183e-04
-2.371551690492495763e-04
-2.471380185146413626e-04
-2.462509590642240290e-04
-2.352550753623197611e-04
-2.151831575898282070e-04
-1.875343493752165257e-04
-1.538869690231178475e-04
-1.160824390609022230e-04
-7.585774851909416209e-05
-3.504229796174831340e-05
4.774234331562354581e-06
4.202355806281847777e-05
7.545370354416367973e-05
1.038938701201026950e-04
1.265233932517162874e-04
1.426344343538321884e-04
1.518891918675877039e-04
1.540904572904194629e-04
1.494312802320893236e-04
1.382701437535900212e-04
1.213628486026640309e-04
9.962695291486960906e-05
7.433907510816268477e-05
4.687324576831554645e-05
1.885266615440796048e-05
-8.142735817318333400e-06
-3.246633650693828507e-05
-5.271488202749703727e-05
-6.763705507625184410e-05
-7.642877497781939272e-05
-7.862094391372044988e-05
-7.431856399300316746e-05
-6.402966668734270820e-05
-4.881921934598411957e-05
-3.006286543201169641e-05
-9.514678065345705577e-06
1.099891001940995619e-05
2.956618532213026927e-05
4.451195323959519686e-05
5.438725229273824800e-05
5.825182397825881488e-05
5.561276944849442399e-05
4.662022103811271035e-05
3.191861511957569267e-05
1.273521240365582526e-05
-9.357939244968075082e-06
-3.244587445022571558e-05
-5.456459075670529478e-05
-7.374596531403529605e-05
-8.831057344737961497e-05
-9.689414735017345579e-05
-9.867919211537403269e-05
-9.335022777256936604e-05
-8.122470690706384410e-05
-6.311476084019769441e-05
-4.035445625167558020e-05
-1.458386257952544008e-05
1.229541776036652396e-05
3.837015549001601141e-05
6.178061858588915775e-05
8.095096089534005131e-05
9.462392685428331035e-05
1.020273152026537227e-04
1.028434221400031744e-04
9.728876120413514625e-05
8.600900372506346651e-05
7.007652770137752030e-05
5.082769582616172431e-05
2.980542515598733039e-05
8.574101014380775476e-06
-1.135226768827469472e-05
-2.867536622681537257e-05
-4.235858656072303749e-05
-5.173727525459882048e-05
-5.651101811712523322e-05
-5.678064814771400224e-05
-5.298031371087868308e-05
-4.584759479581809098e-05
-3.631383061607323237e-05
-2.543551808981986151e-05
-1.427705716880249735e-05
-3.839303280231273732e-06
5.031859785533413250e-06
1.169201341264257781e-05
1.574345199430172610e-05
1.704432423592698137e-05
1.570307635479434584e-05
1.205304010705865487e-05
6.605599049908575139e-06
4.888822736756480768e-09
-7.042639767256228386e-06
-1.381456443512225449e-05
-1.964782020634473053e-05
-2.396839710324577180e-05
-2.635565059296968613e-05
-2.654210873689383902e-05
-2.445731529126253290e-05
-2.019279215632538088e-05
-1.402500430416145541e-05
-6.349214212388221895e-06
2.310986232219268467e-06
1.139053623951877496e-05
2.027449778086691325e-05
2.839282669811581857e-05
3.520103721968724291e-05
4.027253599285504285e-05
4.326014378989724818e-05
4.398019127295352618e-05
4.235124829223428145e-05
3.846818917474796769e-05
3.251801855251705575e-05
2.484559237729807297e-05
1.584970349196113349e-05
6.044745345889759376e-06
-4.058064534282059899e-06
-1.388775921084418045e-05
-2.294161377317203298e-05
-3.071473097230172176e-05
-3.683058072237691563e-05
-4.095621959069747854e-05
-4.292889665773373886e-05
-4.265124579564065190e-05
-4.020991190295625061e-05
-3.574863030975038137e-05
-2.957905593498688304e-05
-2.203402233572410358e-05
-1.357492095608310032e-05
-4.630945500604190594e-06
4.289991494273369999e-06
1.276843283751799115e-05
2.035120011959558632e-05
2.671825419282333245e-05
3.154417514702879239e-05
3.466181885475238877e-05
3.590657298270378937e-05
3.527815281785812981e-05
3.277089903497580527e-05
2.853854475417627766e-05
2.271562171180886090e-05
1.558943511739775947e-05
7.414852300100906312e-06
-1.406354924641835998e-06
-1.051944967904374918e-05
-1.943362665167747046e-05
-2.772926611340758039e-05
-3.487564851880400061e-05
-4.045555592829236488e-05
-4.398593114556741628e-05
-4.515907364857164251e-05
-4.366138545594492747e-05
-3.942228049723162558e-05
-3.241859745030899317e-05
-2.291713847916340607e-05
-1.125055879665428249e-05
1.958513212584599731e-06
1.605842354438944216e-05
3.016562910861573344e-05
4.345967028624918521e-05
5.499302313392413847e-05
6.400681766771748008e-05
6.973596553543350246e-05
7.172579867274170664e-05
6.961168519739457255e-05
6.341717376742329469e-05
5.329163879833892769e-05
3.977864916170562303e-05
2.350648977965736071e-05
5.428740719416137347e-06
-1.352381778860795594e-05
-3.221581484511058471e-05
-4.967526213491401662e-05
-6.485800382211954964e-05
-7.701413230343335061e-05
-8.542424566599546808e-05
-8.974792882278347648e-05
-8.971993406712071458e-05
-8.547460853949563836e-05
-7.720137696199046672e-05
-6.545018470576387259e-05
-5.075554557832344930e-05
-3.393566353051284863e-05
-1.569912563341157531e-05
3.047567668119726283e-06
2.159712736900314158e-05
3.911381503156486489e-05
5.502597430231966584e-05
6.867273466376859080e-05
7.968990674843800105e-05
8.763193692802027674e-05
9.235564682954258394e-05
9.362414675936477581e-05
9.149682975521149990e-05
8.592329177169714559e-05
7.714665379576761569e-05
6.529179564640963298e-05
5.078386606799415403e-05
3.392951109122342002e-05
1.534697346556929801e-05
-4.466269505631950676e-06
-2.470004709241426178e-05
-4.468706983833399646e-05
-6.347484719114596726e-05
-8.031165823397933706e-05
-9.422691962208447217e-05
-1.045460501230866554e-04
-1.104716185754208319e-04
-1.116146343667401465e-04
-1.075595282724496339e-04
-9.839320681711680899e-05
-8.423426421044369154e-05
-6.574229829080028545e-05
-4.359697022368455636e-05
-1.897922088959681452e-05
7.002251051186375477e-06
3.285287982847726859e-05
5.730735726546252643e-05
7.887708829386115182e-05
9.648521054354130969e-05
1.089941246120836526e-04
1.158345160878912564e-04
1.164875129151509559e-04
1.110863792178782634e-04
9.983680083749038180e-05
8.358268347037973902e-05
6.316329919516598906e-05
3.995076643141134661e-05
1.515805899590081042e-05
-9.631201900622275204e-06
-3.318006632878505217e-05
-5.404959779183052612e-05
-7.131639258086097362e-05
-8.398175376237128006e-05
-9.167139881328886808e-05
-9.398887319461886065e-05
-9.119085672104504403e-05
-8.348338985071129717e-05
-7.167819126173125249e-05
-5.644091904762375892e-05
-3.894262321601719138e-05
-2.007558690313172563e-05
-1.117775450303116887e-06
1.706740129088236743e-05
3.333757177521264904e-05
4.707539999360675111e-05
5.745540235373611487e-05
6.424569867462422406e-05
6.703093621221628583e-05
6.601207054015846261e-05
6.118678839734840265e-05
5.315207281712361651e-05
4.224626166746041985e-05
2.936065431911433584e-05
1.504798333075242620e-05
3.496847335726220740e-07
-1.412445610397535901e-05
-2.734679527398665421e-05
-3.881620292320502941e-05
-4.767888706360913140e-05
-5.369068566609780206e-05
-5.629957794621224772e-05
-5.561977842399228809e-05
-5.146838932212389220e-05
-4.434758446916553721e-05
-3.443123950372544199e-05
-2.255620122859922238e-05
-9.159917766350395962e-06
4.712911474529751478e-06
1.851626356876921015e-05
3.117069479122954237e-05
4.220469758129152983e-05
5.068504825982085614e-05
5.638487930889020730e-05
5.866501395554546785e-05
5.766246821349742388e-05
5.311449925325452832e-05
4.556521948697220509e-05
3.512763975369003735e-05
2.270976125503161930e-05
8.713188313904413632e-06
-5.715865682268943558e-06
-2.004872405676623280e-05
-3.308806341988455017e-05
-4.438378030788931936e-05
-5.289673309431771654e-05
-5.845805865517629876e-05
-6.036562665369216249e-05
-5.887685722342346723e-05
-5.372260604554341930e-05
-4.562862557743341279e-05
-3.473800539226800396e-05
-2.216497543378659598e-05
-8.325229748729388808e-06
5.464853171022338413e-06
1.874254226411285583e-05
3.023278283400453737e-05
3.967468578047756426e-05
4.606375639394870555e-05
4.953880916351115752e-05
4.950979255067685064e-05
4.660064197657909574e-05
4.064797775334584985e-05
3.270699459870087200e-05
2.291645712306354557e-05
1.258725797166343164e-05
1.938076325095736439e-06
-7.703711038681220372e-06
-1.628722297344420769e-05
-2.269061754224607362e-05
-2.722180400452712862e-05
-2.909288227587956740e-05
-2.904247206878815747e-05
-2.660933464164569163e-05
-2.289917039345784304e-05
-1.764439865171159267e-05
-1.215446676296790939e-05
-6.153079211375163262e-06
-9.620734972521870843e-07
3.897803047348133841e-06
7.235084353347263047e-06
9.852394902374857219e-06
1.073168092913667878e-05
1.101645808769018235e-05
9.796539883405553525e-06
8.486878727676111465e-06
6.143040990388534992e-06
4.346170256620339497e-06
1.953601246643569165e-06
6.361046750320716879e-07
-1.082133459022343369e-06
-1.435186490166080028e-06
-2.317358315737864504e-06
-1.753173625774139769e-06
-2.119012997138268798e-06
-9.988859965568569301e-07
-1.380953072001273105e-06
-2.529479310489287035e-08
-9.225717266821434749e-07
7.610316754384920365e-07
-1.269842971722415791e-06
2.245445779093021444e-06
9.435067230275838467e-08
1.411977947496470295e-06
2.969370123430456680e-06
4.318815176192826250e-06
5.475275606813345321e-06
6.315610509326693029e-06
6.827026327346368208e-06
6.951514462966044049e-06
6.705146925449781530e-06
6.085277537504092321e-06
5.146259697469975369e-06
3.931381100792057765e-06
2.526057396284129453e-06
1.002805627191630971e-06
-5.389104547764354563e-07
-2.019055135082372958e-06
-3.345179036430635301e-06
-4.451789971744317950e-06
-5.272945053834439902e-06
-5.775216194954077026e-06
-5.932293088382054485e-06
-5.751888019891958507e-06
-5.250874410746775710e-06
-4.476651103359980564e-06
-3.482220746391491815e-06
-2.342936452127011884e-06
-1.131739323791195821e-06
6.732399980658632749e-08
1.182814922398105752e-06
2.143873667043740153e-06
2.901602382045366079e-06
3.416722249378541530e-06
3.677367519746413222e-06
3.684990345249681912e-06
3.467814824276716827e-06
3.064358803205671879e-06
2.532719314635527004e-06
1.932185672207935593e-06
1.329624959600111785e-06
7.807543085000688332e-07
3.357984120976501265e-07
2.267790510135271245e-08
-1.455695820592126504e-07
-1.834861833345252150e-07
-1.220446271299316005e-07
-1.598044689512356847e-08
7.167889780955089205e-08
6.722862415134183698e-08
-9.519837726658042692e-08
-4.733729658037487350e-07
-1.098436494906539310e-06
-1.975702573893129227e-06
-3.070038179118249974e-06
-4.311680916834378660e-06
-5.588989212823767091e-06
-6.761973442603498082e-06
-7.663887665042598186e-06
-8.122560776089118002e-06
-7.969255522233103779e-06
-7.064633465199193179e-06
-5.310144862072508234e-06
-2.672681346874811115e-06
8.083311928409464022e-07
5.004688661450595240e-06
9.703439025267485095e-06
1.460487934098024216e-05
1.934198485483039210e-05
2.349474762522224788e-05
2.662457526442140319e-05
2.830172225280248605e-05
2.814863928233647127e-05
2.587189195130064389e-05
2.130380282292290288e-05
1.442680358851283226e-05
5.400852091904977829e-06
-5.431805218747498426e-06
-1.754388323180046955e-05
-3.024578928329918934e-05
-4.271200523193081504e-05
-5.403173220556941491e-05
-6.326038610520306755e-05
-6.948971651324965012e-05
-7.191185592086168942e-05
-6.989291638618044041e-05
-6.303108661444550148e-05
-5.121396892326764085e-05
-3.465113292950144908e-05
-1.389717823191018690e-05
1.015636442108911747e-05
3.630323680289801106e-05
6.307725287400819752e-05
8.882029835393962392e-05
1.117785169370788084e-04
1.302047536809769783e-04
1.424788789123562251e-04
1.472220670742768181e-04
1.434142076716851254e-04
1.304897119660319643e-04
1.084201433924879016e-04
7.776026193595689349e-05
3.966749117175586038e-05
-4.125171037838215105e-06
-5.136927158432189440e-05
-9.940875168077772895e-05
-1.453167894711008136e-04
-1.860702075259089590e-04
-2.187377063894609661e-04
-2.406851373249330043e-04
-2.497702507530206312e-04
-2.445269965352510843e-04
-2.243113759012923939e-04
-1.894094345970665611e-04
-1.410821186740568846e-04
-8.155184179894500935e-05
-1.391307415525736947e-05
5.801920713509659249e-05
1.299301696908385269e-04
1.972706984984328544e-04
2.555641492324557738e-04
3.007211463003724747e-04
3.293512271361460171e-04
3.390344911501949436e-04
3.285416173729976790e-04
2.979697431840062308e-04
2.487904278497570149e-04
1.837893586755197167e-04
1.069085649444010208e-04
2.298774871660343755e-05
-6.256759828038919145e-05
-1.441781153452652276e-04
-2.165012937726205346e-04
-2.748380030212161035e-04
-3.154900038696971821e-04
-3.360473110259768544e-04
-3.355686773967494888e-04
-3.146469808136044023e-04
-2.753411639673491573e-04
-2.209887670012897979e-04
-1.559062230133594421e-04
-8.501529122527293994e-05
-1.342278508490844129e-05
5.399508816321898119e-05
1.129720910769519852e-04
1.601519396608625532e-04
1.932954913292701685e-04
2.113760493779989400e-04
2.145725871378581127e-04
2.041607970621506804e-04
1.823265345578656803e-04
1.519147128090434353e-04
1.161471986348724912e-04
7.832722321123052923e-05
4.156388779565570445e-05
8.531557490965451898e-06
-1.870944421812162722e-05
-3.882745336988741464e-05
-5.125775450128843328e-05
-5.617547233774864264e-05
-5.440402525169059334e-05
-4.728014785820264547e-05
-3.648462339033034198e-05
-2.386369807293116417e-05
-1.125014460270926461e-05
-3.049574901075610079e-07
7.616805883394899384e-06
1.156171301354153810e-05
1.103765749329827172e-05
6.029031823382946273e-06
-3.024678875775920030e-06
-1.528972108560829973e-05
-2.962526721426126202e-05
-4.469463011501712603e-05
-5.908379590664531480e-05
-7.142320115689689561e-05
-8.049711810518089361e-05
-8.533903544312025809e-05
-8.530128860284680943e-05
-8.010120605846919475e-05
-6.983603785942837461e-05
-5.497253641835459496e-05
-3.630740014330387737e-05
-1.490760846345651783e-05
7.970401977929705725e-06
3.097158541332768950e-05
5.274175962912158353e-05
7.202294503440157328e-05
8.774230922296468577e-05
9.908262681182976003e-05
1.055333706649171565e-04
1.069131451907504249e-04
1.033667069117918117e-04
9.533316899476985528e-05
8.349437837546560019e-05
6.870489269732067163e-05
5.191531916289274289e-05
3.409233025548501260e-05
1.614784232068284153e-05
-1.120142390330257628e-06
-1.706625222596152067e-05
-3.121854190291193255e-05
-4.327786203297276715e-05
-5.310262089514081044e-05
-6.067920207721376046e-05
-6.608677829308277679e-05
-6.945771519896142411e-05
-7.094264214320621608e-05
-7.068121264356480788e-05
-6.878550672696102312e-05
-6.533393614504956059e-05
-6.037872165571512916e-05
-5.396139564608883537e-05
-4.613623559753720688e-05
-3.699413773537202935e-05
-2.668584559666533354e-05
-1.543738600339259801e-05
-3.557667701392825808e-06
8.566449132836670958e-06
2.048480660377066220e-05
3.170999249713737673e-05
4.174958112887820988e-05
5.014381928846423054e-05
5.650185128980040467e-05
6.053498243151394836e-05
6.208109942883511027e-05
6.112024118505479491e-05
5.777750321213558852e-05
5.231532936732030621e-05
4.511362042056453930e-05
3.664145333352347462e-05
2.742071186525219903e-05
1.798660780007743936e-05
8.846260881373083481e-06
4.407028815236676285e-07
-6.888121622554386494e-06
-1.292042782718177945e-05
-1.757105456459012545e-05
-2.088825007032185549e-05
-2.304026401353083479e-05
-2.428944096637528267e-05
-2.495759206182692145e-05
-2.538436630833858763e-05
-2.588371727946531473e-05
-2.670138171268945560e-05
-2.797908318645497540e-05
-2.972880325807351445e-05
-3.182204458560859641e-05
-3.399544661873690272e-05
-3.587406082161322411e-05
-3.700959157604219880e-05
-3.693080156319336361e-05
-3.520030568103452303e-05
-3.147242131373503837e-05
-2.554493258752915137e-05
-1.739916909454400449e-05
-7.222896652699469693e-06
4.586792748390463788e-06
1.744217780503120333e-05
3.060379747061239158e-05
4.323641255384346783e-05
5.447642078432600763e-05
6.350402397171536707e-05
6.961300775393014680e-05
7.227162898741567253e-05
7.116918657913397445e-05
6.624419387253942606e-05
5.769228562277502035e-05
4.595339318346075021e-05
3.168009767833323756e-05
1.569008877662236579e-05
-1.092212581044157207e-06
-1.770009474855699548e-05
-3.318911967852708830e-05
-4.669759894526632560e-05
-5.749833263026785015e-05
-6.503948450272171392e-05
-6.897199502175773800e-05
-6.916385854299348160e-05
-6.570073690002972298e-05
-5.887507958327011030e-05
-4.916419585157006804e-05
-3.720007876633455606e-05
-2.373144774892818495e-05
-9.581029523026434087e-06
4.401522157248519392e-06
1.738779368950361368e-05
2.861927112367576470e-05
3.745268262215149905e-05
4.340126037154501675e-05
4.616779228668486734e-05
4.566867312136423405e-05
4.204462489937620839e-05
3.565769825383564574e-05
2.707114027706209703e-05
1.701403886848538888e-05
6.330235578197574740e-06
-4.083233227463158961e-06
-1.334593657086033547e-05
-2.066440560583715632e-05
-2.539951557953698877e-05
-2.712267830250263169e-05
-2.565799895166887728e-05
-2.110358114155694951e-05
-1.383186265784451137e-05
-4.465452917579041940e-06
6.167590696907495175e-06
1.709866530135669457e-05
2.729596024562719968e-05
3.575107115955182660e-05
4.156490593672325970e-05
4.402862982656243087e-05
4.268944292859778821e-05
3.739838398836284523e-05
2.833242013631855657e-05
1.599167419305332709e-05
1.167992451181434155e-06
-1.510975057284155731e-05
-3.165313956215539450e-05
-4.720486923271174603e-05
-6.053886736881110189e-05
-7.055792652300740028e-05
-7.638448802618077950e-05
-7.743294764499059556e-05
-7.346106557055723739e-05
-6.459199288600631452e-05
-5.130915221714279340e-05
-3.442041576923578422e-05
-1.499902481563010422e-05
5.697964556459951681e-06
2.632253449784502809e-05
4.553673502306549624e-05
6.210935262480226683e-05
7.500533502543067419e-05
8.345652281586710499e-05
8.701317483295966206e-05
8.556773287407333387e-05
7.935430053335533571e-05
6.891953222662970668e-05
5.507303557269050391e-05
3.881677468699917680e-05
2.126483156571173144e-05
3.554975878885852689e-06
-1.323535061252674643e-05
-2.816730107008915397e-05
-4.050135789598868747e-05
-4.974145066350808847e-05
-5.565368139368180497e-05
-5.826467664529209379e-05
-5.783483193529664884e-05
-5.481575498908908549e-05
-4.979069795240067728e-05
-4.341033690748189253e-05
-3.632417555462508354e-05
-2.912034936871780964e-05
-2.227290157715490531e-05
-1.610752276996742794e-05
-1.078203344845890515e-05
-6.289634528471413421e-06
-2.477456747567442521e-06
9.151129440884394301e-07
4.209542622771462278e-06
7.731116914861228083e-06
1.175536172471320661e-05
1.645704592280939724e-05
2.187487469697555335e-05
2.788866688733781385e-05
3.421919402654018111e-05
4.044350912905528620e-05
4.603204150069693118e-05
5.039613974635597676e-05
5.294922947771682833e-05
5.316769492151222849e-05
5.065355628852233778e-05
4.518459647955134541e-05
3.675497513228704553e-05
2.559353495129415600e-05
1.216579539499888443e-05
-2.849872761836803117e-06
-1.860178899673795949e-05
-3.412605723442167479e-05
-4.841538065625122653e-05
-6.049891197328629921e-05
-6.951731715134079885e-05
-7.479583278371096020e-05
-7.589951823869693713e-05
-7.267510520291547559e-05
-6.526597605947584402e-05
-5.410846664336360309e-05
-3.989984149872979338e-05
-2.355047277555227491e-05
-6.114113995414828973e-06
1.128779828713750477e-05
2.755195932746662809e-05
4.167171408952670126e-05
5.281251320565377727e-05
6.036759664054746705e-05
6.400038263818664923e-05
6.365933553736476049e-05
5.957553014785399312e-05
5.223235464053754877e-05
4.232178613547775669e-05
3.067985714793125475e-05
1.821873355990657515e-05
5.849502859663580815e-06
-5.585883912358807647e-06
-1.538008942893034087e-05
-2.300584282710201883e-05
-2.815036843171705682e-05
-3.072386789955930560e-05
-3.085476407862364082e-05
-2.886005766260456466e-05
-2.520726012960052576e-05
-2.045883854006682343e-05
-1.521812569867711801e-05
-1.006837426879207265e-05
-5.524140639568622436e-06
-1.985118866520518150e-06
2.900388105513769900e-07
1.202694042233671750e-06
8.107960257046236415e-07
-6.811734325061247512e-07
-2.952238618264757076e-06
-5.596972545584322063e-06
-8.171822521967620059e-06
-1.023618810888988772e-05
-1.140028305399957191e-05
-1.135974008761863146e-05
-9.930020997691471580e-06
-7.061448456944574161e-06
-2.850270898991667787e-06
2.471672443889645134e-06
8.550589144498771469e-06
1.494357208677612032e-05
2.115026531242680225e-05
2.665831589227910228e-05
3.098083624642535569e-05
3.370112122471026408e-05
3.450262143036902582e-05
3.320072207915043366e-05
2.975495534623201095e-05
2.428029741272508794e-05
1.703721090274810211e-05
8.421215820678620929e-06
-1.067544508523137114e-06
-1.085200620231421606e-05
-2.032216487868093897e-05
-2.887102649336800752e-05
-3.594166121579882295e-05
-4.106017374924517864e-05
-4.387463641436277847e-05
-4.417464149103631692e-05
-4.191316328261094628e-05
-3.720571026353752613e-05
-3.033047116169812314e-05
-2.170493900932779399e-05
-1.186507281886077986e-05
-1.423247161146387477e-06
8.966541543467836697e-06
1.865972793836628474e-05
2.705837301694051102e-05
3.365879078900979073e-05
3.807874284718794079e-05
4.009022839556604763e-05
3.962692453930533948e-05
3.679465205869824886e-05
3.185421100063654947e-05
2.520788349821139629e-05
1.735964014605985594e-05
8.883631464099061090e-06
3.714630366245086245e-07
-7.604458939410334964e-06
-1.454187332079172619e-05
-2.003535489803125142e-05
-2.381169275183530988e-05
-2.573532683128636271e-05
-2.582043888740464995e-05
-2.421151816847558785e-05
-2.117318282467245982e-05
-1.705121487413224034e-05
-1.224920179185430113e-05
-7.181512676267133448e-06
-2.249535465200966639e-06
2.200731807482399482e-06
5.891087619326584033e-06
8.639359154614328101e-06
1.035370517879122577e-05
1.104353863625541621e-05
1.079585207007574532e-05
9.772229990154881622e-06
8.172973527122322289e-06
6.228205092100145745e-06
4.158827884131151860e-06
2.171482569203147791e-06
4.252633980770290990e-07
-9.617213709417846518e-07
-1.934846907543651680e-06
-2.482208805181830230e-06
-2.647197981530498451e-06
-2.496496110584674039e-06
-2.128304975594799625e-06
-1.635192719471296738e-06
-1.115314671125346162e-06
-6.362931880068682849e-07
-2.557903679650127228e-07
9.937521495937319678e-09
1.532070079371840955e-07
2.027189663019587880e-07
1.802082664873368131e-07
1.299435802275045534e-07
7.028157129271221880e-08
3.031932471055386276e-08
7.368971608263775581e-09
-6.563793246843695026e-09
7.094685905768175059e-08
1.533127950647456784e-07
1.333781742992683746e-07
1.397495240474187419e-07
1.229393079349924370e-07
1.164963113027557304e-07
9.513044914135028376e-08
7.984905702802540606e-08
5.370419011085407711e-08
3.226480869975348856e-08
2.930115344602963703e-09
-2.180207242935317127e-08
-5.188351983398016171e-08
-7.684226519014579667e-08
-1.048982525556931642e-07
-1.270736586175339168e-07
-1.504198297918590819e-07
-1.671489167731433480e-07
-1.835084027393824516e-07
-1.927002490067879649e-07
-2.004050753325300814e-07
-2.006633688736476884e-07
-1.987413659501428170e-07
-1.893957753865500385e-07
-1.775803044565945630e-07
-1.586725879025346933e-07
-1.373924186984002094e-07
-1.096732123356904399e-07
-8.007367210863804456e-08
-4.504620511118037436e-08
-9.058840493329864389e-09
3.093806572767442416e-08
7.051073903986929297e-08
1.122395866905521715e-07
1.517047642286208216e-07
1.910817949201237219e-07
2.260035713262525229e-07
2.583625597085963280e-07
2.839542707438424995e-07
3.045717822522761497e-07
3.163448695608273099e-07
3.211923952163886866e-07
3.157774754023352353e-07
3.023672086017896025e-07
2.783306757581863825e-07
2.464451794883039806e-07
2.048730160433856523e-07
1.569497445699294640e-07
1.015884920155877960e-07
4.258807873523307083e-08
-2.057087009063444537e-08
-8.385431752840002669e-08
-1.475071825058256797e-07
-2.075690887324412734e-07
-2.643437841686098079e-07
-3.142517269350533942e-07
-3.579403523709272625e-07
-3.924284874306311185e-07
-4.188647948994807570e-07
-4.349316466509459643e-07
-4.422695690131871655e-07
-4.391253506568049732e-07
-4.274737168105355505e-07
-4.059111631901859983e-07
-3.765167339767943119e-07
-3.380036654526704902e-07
-2.923636558644402974e-07
-2.382885264578565111e-07
-1.776337754310852875e-07
-1.091110532906469916e-07
-3.458805317637772233e-08
4.696716155046280491e-08
1.333565887967398452e-07
2.249962524003082732e-07
3.189842275655926937e-07
4.147870326723452702e-07
5.085417237808772682e-07
5.986383766746724934e-07
6.802851244572813308e-07
7.510225414606288156e-07
8.055561713810857366e-07
8.412066432183287229e-07
8.529795880695682915e-07
8.389183591395167293e-07
7.953475557184335032e-07
7.220657864724697038e-07
6.176789793130184961e-07
4.845603660318617764e-07
3.241928607585080963e-07
1.418386707534324162e-07
-5.816136638801910093e-08
-2.680275978341266701e-07
-4.812904180570853864e-07
-6.887089388665350238e-07
-8.830233415343348775e-07
-1.055075790497603610e-06
-1.198480203886672942e-06
-1.305836171580361438e-06
-1.373208281894489990e-06
-1.396317205189690406e-06
-1.374730555558796030e-06
-1.307944000365794092e-06
-1.199232024657127958e-06
-1.051594773073446238e-06
-8.712909993366341729e-07
-6.637061008527230958e-07
-4.366670118818687806e-07
-1.963551525821418515e-07
4.944652272784757569e-08
2.952455831342870335e-07
5.345147402124463737e-07
7.632755802539271337e-07
9.766183629575593187e-07
1.171961444452838072e-06
1.345456540209921844e-06
1.495030680936990803e-06
1.616831347028817989e-06
1.708246634889865265e-06
1.764594427720830986e-06
1.782316305234545783e-06
1.756061106754948347e-06
1.682142556243943749e-06
1.556019586401251908e-06
1.375931549604455437e-06
1.140593764804167118e-06
8.527547904729533607e-07
5.167935596817611527e-07
1.418670033966886307e-07
-2.609109243900644841e-07
-6.759923043368891436e-07
-1.086807499924164306e-06
-1.474007802430793462e-06
-1.819381790940527503e-06
-2.104582765835366538e-06
-2.315184469701743683e-06
-2.439419767743672604e-06
-2.471841470579672155e-06
-2.411523338346917030e-06
-2.264825536817646613e-06
-2.042656733659347396e-06
-1.762097998646081554e-06
-1.442667316286301363e-06
-1.106957049793397653e-06
-7.762651324967665318e-07
-4.708039856558919790e-07
-2.054037703117531401e-07
9.908525527907092480e-09
1.733190889627639786e-07
2.895222648050984850e-07
3.716307587209658540e-07
4.379411485601903728e-07
5.122107825000238608e-07
6.190603269872532205e-07
7.830953351937507229e-07
1.023708948798757041e-06
1.354049310078300166e-06
1.776380998891243140e-06
2.282121201460150932e-06
2.848933553879264674e-06
3.442847355592398997e-06
4.017827198516798173e-06
4.520359293459494611e-06
4.891451976930244568e-06
5.073186512790428456e-06
5.012192620968283138e-06
4.666808086872071926e-06
4.010361953120762456e-06
3.037094204282481514e-06
1.763367561183278541e-06
2.306092363505143895e-07
-1.496980645794070530e-06
-3.333436714977422778e-06
-5.177216557711018922e-06
-6.915893503831153593e-06
-8.435299605620235315e-06
-9.626318542485299250e-06
-1.039485498065553399e-05
-1.066820593712840556e-05
-1.040314198585134151e-05
-9.589175272060961494e-06
-8.252344660407424085e-06
-6.453472497096313359e-06
-4.286444424842455953e-06
-1.871086327526386109e-06
6.535113426232116156e-07
3.140034965512780721e-06
5.442293106676236113e-06
7.427237204484477093e-06
8.983616563263493207e-06
1.003147997893720512e-05
1.052681027406676775e-05
1.046565973547966011e-05
9.882680606315111084e-06
8.848789961248747522e-06
7.463588996586492702e-06
5.847664873773930498e-06
4.131036039388022296e-06
2.443081985330150292e-06
9.005976846685558730e-07
-4.007907562517619290e-07
-1.395191695189375228e-06
-2.050222552633185865e-06
-2.369628057331496684e-06
-2.390655584320087891e-06
-2.180241959447982761e-06
-1.826656934806100790e-06
-1.431031831520560292e-06
-1.095978208995132961e-06
-9.158467437014348949e-07
-9.660808823547802287e-07
-1.295994106388774112e-06
-1.922349622250097076e-06
-2.827556239730949634e-06
-3.959518568041497383e-06
-5.236241407190927060e-06
-6.551776184920168845e-06
-7.785919683591920813e-06
-8.813950249942089596e-06
-9.518336626627644294e-06
-9.798671784380939536e-06
-9.581603338646995868e-06
-8.827283978039895536e-06
-7.534270680105541534e-06
-5.739998002242906443e-06
-3.519176771560722501e-06
-9.779679002994418374e-07
1.753323950282132978e-06
4.530554817518215793e-06
7.206023462053807663e-06
9.639847440068465405e-06
1.170945467595363489e-05
1.331824967648901077e-05
1.440088940238545922e-05
1.492651587228956342e-05
1.489806501137316540e-05
1.434946042517448234e-05
1.333951965958268263e-05
1.194475275379149088e-05
1.025042196363353436e-05
8.342181847716600298e-06
6.297927925161351152e-06
4.181953906326008817e-06
2.040895671198700679e-06
-9.704296458532429670e-08
-2.220549018995570656e-06
-4.330581206485425580e-06
-6.434108338667808730e-06
-8.536154083850707472e-06
-1.063190384784020236e-05
-1.269922598724346335e-05
-1.469326488708770412e-05
-1.654342070338456493e-05
-1.815388117224984237e-05
-1.940761485109767401e-05
-2.017417160570307729e-05
-2.032055066890910445e-05
-1.972453071809625983e-05
-1.828911429440514466e-05
-1.595676649917500460e-05
-1.272188263756484702e-05
-8.639955208971124555e-06
-3.832238189123250770e-06
1.515220146548880459e-06
7.158426152252377637e-06
1.280839563881007066e-05
1.814917058931935488e-05
2.286010976336678627e-05
2.664023019244071352e-05
2.923308229463420071e-05
3.044925614390196964e-05
3.018501352751347337e-05
2.843431596572759370e-05
2.529360893081917272e-05
2.095762142746647439e-05
1.570710749434080816e-05
9.888231589279067462e-06
3.886211862033836631e-06
-1.905805693867357752e-06
-7.118745009727621871e-06
-1.143889061219711908e-05
-1.463420623612803980e-05
-1.657456518751120357e-05
-1.724235855891196066e-05
-1.673386108517293974e-05
-1.524942311619877794e-05
-1.307490073396758180e-05
-1.055408255829161813e-05
-8.056282070418988896e-06
-5.939997564061696123e-06
-4.517790651386143093e-06
-4.023499972117472459e-06
-4.586909368821744111e-06
-6.216122652867990326e-06
-8.791672031436661484e-06
-1.207088431933737692e-05
-1.570488503446659901e-05
-1.926472630131426445e-05
-2.227728876953889375e-05
-2.426565439832322819e-05
-2.479345977031566234e-05
-2.350691661549118933e-05
-2.017377671457615170e-05
-1.471298480887628729e-05
-7.215199909384290758e-06
2.050993418254265720e-06
1.264525200183204187e-05
2.397743355118113929e-05
3.534120956816066235e-05
4.596079574798204786e-05
5.504443337121178389e-05
6.184435101655132833e-05
6.571528394690253391e-05
6.617063168452758700e-05
6.292797325552978657e-05
5.594355756130442079e-05
4.542840085734899569e-05
3.184758616549133027e-05
1.589777308803426022e-05
-1.532294291957146032e-06
-1.942009441993877337e-05
-3.667827167489527777e-05
-5.223346376600158713e-05
-6.510465050425685710e-05
-7.447913892259780725e-05
-7.977520734774842847e-05
-8.069021114512686991e-05
-7.722477010582965600e-05
-6.968512458142648170e-05
-5.865825048692276171e-05
-4.496643721359227136e-05
-2.959999456160878841e-05
-1.363861033174941457e-05
1.837320877066568103e-06
1.583284033983498661e-05
2.752003235167489476e-05
3.630254592179772986e-05
4.186239149448845923e-05
4.417879403736304497e-05
4.352256271124482279e-05
4.042045739531026230e-05
3.559830638892216143e-05
2.990205805940783956e-05
2.420992147039669203e-05
1.933785674811378636e-05
1.595364880528127755e-05
1.450175526458900230e-05
1.515273149457596620e-05
1.777632756889474929e-05
2.194816748235047489e-05
2.698383531745842100e-05
3.200476610387962862e-05
3.602379993964818311e-05
3.804976591160624691e-05
3.719469125663194193e-05
3.278062672455672001e-05
2.442851761646134786e-05
1.212699030692034734e-05
-3.734099759796308841e-06
-2.236279185986756737e-05
-4.260635996219998560e-05
-6.302560818073044114e-05
-8.200507078890740837e-05
-9.788291866586710122e-05
-1.090978938340800503e-04
-1.143326637024728116e-04
-1.126486963580041199e-04
-1.035915153242024503e-04
-8.726387287713917469e-05
-6.435006159416686562e-05
-3.609545657175645500e-05
-4.231949428981652135e-06
2.913786662038816194e-05
6.169859702428964309e-05
9.110079077512416609e-05
1.151548352435763313e-04
1.320139263289019289e-04
1.403388852317050204e-04
1.394199531067424295e-04
1.292532227611628863e-04
1.105540541088241774e-04
8.471468402818504854e-05
5.369844042268867525e-05
1.988846655279823965e-05
-1.410722768276246735e-05
-4.566800265244710672e-05
-7.238258375713296376e-05
-9.225111328544750519e-05
-1.038600022177273971e-04
-1.065027858886282401e-04
-1.002462981949517383e-04
-8.592405711448107195e-05
-6.506735576263398472e-05
-3.976773760716408908e-05
-1.249381137594287896e-05
1.413341631768590851e-05
3.757515008939071632e-05
5.561018061551768413e-05
6.653727263647863646e-05
6.933763047181355408e-05
6.376950775557324244e-05
5.039815348829543193e-05
3.054507206509997423e-05
6.173377185585240243e-06
-2.029399502388575194e-05
-4.619396926736377503e-05
-6.887426963387568383e-05
-8.593897907430171070e-05
-9.547940356553569696e-05
-9.625456851311744576e-05
-8.781797793477665883e-05
-7.056409172243556581e-05
-4.570423842818418001e-05
-1.515966749427454617e-05
1.860327851685899796e-05
5.279501639184255304e-05
8.454558002003632487e-05
1.111612992501909131e-04
1.303562228535295315e-04
1.404530069620009002e-04
1.405195905202714631e-04
1.304465461916772993e-04
1.109432758493931169e-04
8.347166859878838157e-05
5.010802423661745542e-05
1.336435972636139097e-05
-2.403072592635078131e-05
-5.935384007240980097e-05
-9.010957156732951807e-05
-1.142174572814623511e-04
-1.301664489546665749e-04
-1.371069346739758963e-04
-1.348939642481421317e-04
-1.240621757706878326e-04
-1.057571714327614572e-04
-8.161237101279756885e-05
-5.360396960128451047e-05
-2.387743178706748786e-05
5.418845698063329337e-06
3.230027201259065328e-05
5.507981809984052225e-05
7.248159703648181663e-05
8.370569684845824920e-05
8.846359599484152894e-05
8.696100027298842884e-05
7.985459679590070073e-05
6.816486097223519022e-05
5.317717909296904092e-05
3.631636928600601974e-05
1.903002682663239271e-05
2.665711312885419323e-06
-1.162294403105328037e-05
-2.296010242220643155e-05
-3.078987340731503819e-05
-3.490182193842987843e-05
-3.541289199993247368e-05
-3.273702244297786398e-05
-2.751857743728580887e-05
-2.056507335266038897e-05
-1.275672347651386885e-05
-4.970837161672944310e-06
2.002897491816157140e-06
7.518736032484940714e-06
1.113037673695634051e-05
1.260977232848695538e-05
1.196179270752084510e-05
9.401191965992498420e-06
5.329120199034479791e-06
2.768129689300640086e-07
-5.142411799027300099e-06
-1.030493385732345616e-05
-1.462848869623377545e-05
-1.763747014669187941e-05
-1.899682656389386695e-05
-1.855175785719912125e-05
-1.632838209633095830e-05
-1.253769813744454466e-05
-7.539419089073602373e-06
-1.814008841582061460e-06
4.099880846634955056e-06
9.649151055817233367e-06
1.433484936600635623e-05
1.774857392290942777e-05
1.962432891190027642e-05
1.984772201195553792e-05
1.847644195994543455e-05
1.571360025795522889e-05
1.189561793377698482e-05
7.435871717766292106e-06
2.793423913318641131e-06
-1.594544128125122147e-06
-5.340963939448454749e-06
-8.165037436196843283e-06
-9.896563199087018503e-06
-1.050548825047287053e-05
-1.007344177779025655e-05
-8.795880753209933613e-06
-6.926418064906962823e-06
-4.764479973689861708e-06
-2.589098465079667426e-06
-6.527210817453604473e-07
8.761923153426868124e-07
1.894673894889979214e-06
2.402807782607899620e-06
2.453674029610693422e-06
2.175289760887504044e-06
1.695867755685791292e-06
1.168826986486987607e-06
6.875645752003983832e-07
3.399029207732895415e-07
1.186544986312543131e-07
3.415724501656531887e-08
-1.053468176099352813e-08
-2.120600792661002050e-06
2.078806140310059610e-05
5.498472989100551236e-05
8.430483204248911792e-05
1.118842311818094151e-04
1.332846182962709326e-04
1.495624308679369802e-04
1.581834164000565793e-04
1.602212586795749084e-04
1.545109059440358907e-04
1.426299362410732676e-04
1.245212259441096905e-04
1.022656515293181241e-04
7.654594203891695924e-05
4.966090353786085189e-05
2.255037822299047639e-05
-2.691077127263302827e-06
-2.536378709617289037e-05
-4.397996244882746992e-05
-5.845882794502764305e-05
-6.815894252066341129e-05
-7.376586512794521661e-05
-7.546832825151306449e-05
-7.458433303772688851e-05
-7.184884890758328748e-05
-6.883373313531532419e-05
-6.634716428360434609e-05
-6.571248267725605756e-05
-6.730069822917731227e-05
-7.173475415298978704e-05
-7.858182161270492580e-05
-8.753753336545069504e-05
-9.729317201719800336e-05
-1.067289596368774479e-04
-1.139461897875608260e-04
-1.174649633116041223e-04
-1.153810635272386440e-04
-1.065311547645064543e-04
-8.970987695323148596e-05
-6.474550826961746562e-05
-3.170497466094521389e-05
8.176017255496427125e-06
5.335740077941745644e-05
1.012415343666757883e-04
1.491279792249955883e-04
1.936260161302068360e-04
2.316724555541868082e-04
2.600514220523159146e-04
2.764036208131264816e-04
2.787602314720447863e-04
2.664489391834238153e-04
2.395421450562192924e-04
1.995752267820916266e-04
1.488381494454188902e-04
9.086645374989977565e-05
2.956490561561989278e-05
-3.049979528584181049e-05
-8.508188986515190959e-05
-1.300635355324676872e-04
-1.624222583736985867e-04
-1.799949001997770508e-04
-1.822846741436669746e-04
-1.700420415692808368e-04
-1.457958997514434310e-04
-1.131676872900879696e-04
-7.709065067571217202e-05
-4.287084801187761188e-05
-1.616541377645654425e-05
-1.911820775772250666e-06
-4.233991101194242701e-06
-2.543981706004423078e-05
-6.607389092375682269e-05
-1.241978552942227243e-04
-1.957833610112445452e-04
-2.744245047440582903e-04
-3.521616511295141082e-04
-4.196416272735803573e-04
-4.673089756231320791e-04
-4.858681657242485373e-04
-4.676240102572999809e-04
-4.069667086479698197e-04
-3.015448826557802237e-04
-1.524430176852329072e-04
3.512601574168467777e-05
2.522194072660071383e-04
4.861455285924531217e-04
7.215354692424749911e-04
9.409816287403787935e-04
1.126647996602602028e-03
1.261315170369741367e-03
1.330177993306706080e-03
1.321868415749588533e-03
1.229969679633322955e-03
1.053541486016425308e-03
7.979140678719166824e-04
4.743576042370728236e-04
9.991452334872356249e-05
-3.038859518115258579e-04
-7.120961901683346999e-04
-1.098367466418098421e-03
-1.436544527717241535e-03
-1.702916764703607359e-03
-1.877755395596281693e-03
-1.947178784819991477e-03
-1.904030484480724768e-03
-1.748832125630412617e-03
-1.489597449410291156e-03
-1.141626608643748434e-03
-7.261923127784418886e-04
-2.693037797421775977e-04
2.004251762139934087e-04
6.535745774007920830e-04
1.062281774226948167e-03
1.401949480550686690e-03
1.653182800096601388e-03
1.802803335756151789e-03
1.844864780631799315e-03
1.780623581590442747e-03
1.618452274133127481e-03
1.372761903546503145e-03
1.062978342172679527e-03
7.117324344244692390e-04
3.433364034973551237e-04
-1.824123896493044477e-05
-3.508458535874454834e-04
-6.358317620014793895e-04
-8.589837319546864353e-04
-1.011475958847367785e-03
-1.089957283090686214e-03
-1.096623754540523290e-03
-1.038460199574123017e-03
-9.265572787597457002e-04
-7.747616012608478635e-04
-5.985851322807290162e-04
-4.136745252666874559e-04
-2.347515135128170423e-04
-7.433082293064672392e-05
5.792405031474893203e-05
1.559258879799890545e-04
2.171809507863349488e-04
2.428550083092624763e-04
2.371740739669940317e-04
2.069483737582364217e-04
1.605639347747743104e-04
1.072398541235201555e-04
5.592720048295370604e-05
1.462970023548797313e-05
-1.047477723820084748e-05
-1.537571328391304141e-05
1.325961456983764007e-06
3.854954827985521896e-05
9.277662543522748723e-05
1.586242620252701924e-04
2.292636587139945952e-04
2.972592201712937073e-04
3.551388112635941313e-04
3.962462836369260669e-04
4.152065758452289719e-04
4.085532496110019828e-04
3.748881028679420624e-04
3.151381174667685888e-04
2.323290340516265132e-04
1.314601894598033604e-04
1.894643485407791178e-05
-9.777697273215985605e-05
-2.109868975703701902e-04
-3.131501855648292855e-04
-3.976305472865001352e-04
-4.590526506961950548e-04
-4.938059065963979356e-04
-5.001495570697272325e-04
-4.784110575042142106e-04
-4.307789909062581307e-04
-3.611945338706810190e-04
-2.748810026166929811e-04
-1.780227034534199559e-04
-7.716084520149079956e-05
2.118818108157529307e-05
1.111099520588031147e-04
1.875778393101876175e-04
2.468641117296773357e-04
2.866202874430325552e-04
3.060507182647178703e-04
3.057570305321024337e-04
2.876843671357629992e-04
2.547775413928143450e-04
2.107790561516251476e-04
1.597978276345598592e-04
1.060702389486961763e-04
5.355223523351769439e-05
5.745200272939266148e-06
-3.460321588669151979e-05
-6.554485093258090300e-05
-8.608221898589643985e-05
-9.607022293511208232e-05
-9.622580882878507054e-05
-8.791206833795083898e-05
-7.304966772286056263e-05
-5.383903571859316705e-05
-3.263690550049424464e-05
-1.168235367525349318e-05
6.998239814425647586e-06
2.180514891187299440e-05
3.158678201357090231e-05
3.576237699784123701e-05
3.425381575909929412e-05
2.751657445595562541e-05
1.639600904129138049e-05
2.092874178445510148e-06
-1.402110916685511608e-05
-3.046351314891534070e-05
-4.582544843056353840e-05
-5.881852369392880347e-05
-6.842431580114105029e-05
-7.389961824556484193e-05
-7.487035278432129361e-05
-7.128315649948699601e-05
-6.344122194575642869e-05
-5.190841397720134001e-05
-3.750071919856953767e-05
-2.116248958811851533e-05
-3.937373467624994466e-06
1.315722387213579313e-05
2.915373609452978515e-05
4.323843068458969841e-05
5.475074178815792625e-05
6.325245754837135299e-05
6.849528249350258992e-05
7.045380297777740738e-05
6.926592907346511535e-05
6.523952216763544143e-05
5.877919987246122042e-05
5.038197779968637727e-05
4.056582356602621628e-05
2.986814653537993609e-05
1.878707074354664917e-05
7.790235222779634159e-06
-2.727288588448289883e-06
-1.242313202988689066e-05
-2.103520475128785205e-05
-2.835509092235611266e-05
-3.424660142989251188e-05
-3.861812581392007511e-05
-4.143737299828114334e-05
-4.270672015222007779e-05
-4.247677136926640567e-05
-4.082608304121095028e-05
-3.787395384104705521e-05
-3.376405313732806492e-05
-2.867511118492598407e-05
-2.280639037354171780e-05
-1.638389789100136630e-05
-9.645562507592952785e-06
-2.841713901764584205e-06
3.780022966657322874e-06
9.978798714021413271e-06
1.553409597776532410e-05
2.025237461027669630e-05
2.397717414459125523e-05
2.659636330939669412e-05
2.804651876032227505e-05
2.831822851076798832e-05
2.745233672667052416e-05
2.554161780386046674e-05
2.271831966344678330e-05
1.915290720862900914e-05
1.503484938477750766e-05
1.057130313837449197e-05
5.964302230625541085e-06
1.412350824670120100e-06
-2.913294581428883543e-06
-6.861608037370172790e-06
-1.032406863017434299e-05
-1.322002419497990441e-05
-1.551559497054701505e-05
-1.720004474629705527e-05
-1.830104620084699448e-05
-1.885333661655634249e-05
-1.891326042366367228e-05
-1.852391835353209401e-05
-1.773387285523854486e-05
-1.656357969814931322e-05
-1.503244724945425449e-05
-1.312961901668517087e-05
-1.085074719257292315e-05
-8.172411009234466670e-06
-5.096019505172352489e-06
-1.621749316635900278e-06
2.205409417130873634e-06
6.327245463350295155e-06
1.062861779589247250e-05
1.497824448353871773e-05
1.918980323731197266e-05
2.307296091712913991e-05
2.639883276638380931e-05
2.895959169737534608e-05
3.053564037412054343e-05
3.096037007224060810e-05
3.008481707888283009e-05
2.784274115897753600e-05
2.420768891805301679e-05
1.925377182185931022e-05
1.310150222547267125e-05
5.972075365682183673e-06
-1.878754563986567378e-06
-1.011215036622016767e-05
-1.838215338682081055e-05
-2.628956903564659388e-05
-3.346394271988413846e-05
-3.951617197904516682e-05
-4.412343372545465120e-05
-4.697816400136673690e-05
-4.787426341799110372e-05
-4.665088194660687324e-05
-4.327795993030598536e-05
-3.779209081881878076e-05
-3.037790241719999455e-05
-2.129177746197657254e-05
-1.093471751926240003e-05
2.400742624725224718e-07
1.166584964923704744e-05
2.277237442195104619e-05
3.293527501054899697e-05
4.160005260281026562e-05
4.823510584500166946e-05
5.245964352622197569e-05
5.398790802487613163e-05
5.274723079665716448e-05
4.879947357565513641e-05
4.243675774477442277e-05
3.407087744887489495e-05
2.430221111792136136e-05
1.377793593823170879e-05
3.240648524669428975e-06
-6.632651811782109396e-06
-1.518533346504725328e-05
-2.194102347998017955e-05
-2.653962741538891095e-05
-2.887455830261779555e-05
-2.899153737036935718e-05
-2.719053270267092739e-05
-2.388217316712122607e-05
-1.965736433784921888e-05
-1.511168974872548643e-05
-1.089952428201370096e-05
-7.548052286742123386e-06
-5.520636348175225131e-06
-5.045753566647836580e-06
-6.213042919421180358e-06
-8.836156933736228906e-06
-1.259441248619798616e-05
-1.693480999680649257e-05
-2.125624676623003330e-05
-2.483921759931193525e-05
-2.705395957282698280e-05
-2.729368686134113381e-05
-2.517954321179679311e-05
-2.046963703280166516e-05
-1.323549032002877306e-05
-3.726323580121195798e-06
7.496598832593594270e-06
1.974616469493064016e-05
3.211433657632992172e-05
4.369787358822373104e-05
5.352383850696564596e-05
6.079001217269166635e-05
6.478181866392277377e-05
6.509705473783606656e-05
6.152552711995226545e-05
5.423437914677204584e-05
4.359381809901414524e-05
3.031544120552903451e-05
1.522589598205713345e-05
-6.303450616497319816e-07
-1.624982288187964047e-05
-3.057681564524457563e-05
-4.276505957444220964e-05
-5.206333769587000545e-05
-5.805184490163964257e-05
-6.048323272750802447e-05
-5.947764738889026458e-05
-5.531158401650640584e-05
-4.857285579773317060e-05
-3.990627985877130294e-05
-3.014474799625571546e-05
-2.003347902807009226e-05
-1.036336179881026523e-05
-1.701530444243963104e-06
5.446197979670638361e-06
1.087597689854756485e-05
1.447817828736430743e-05
1.644138102526954021e-05
1.699995955650179260e-05
1.661086444911201901e-05
1.567291140400720801e-05
1.469799304372852626e-05
1.402571006878436343e-05
1.401257953094706623e-05
1.476275863047859351e-05
1.635222304027264767e-05
1.858682985461407745e-05
2.126657345249264417e-05
2.396862075858815307e-05
2.634261209562245776e-05
2.790335047061405786e-05
2.833822056930230645e-05
2.728868292526177885e-05
2.465022039562832172e-05
2.032542523357820394e-05
1.450386068227839395e-05
7.378944464360678618e-06
-5.937570279906585070e-07
-9.012044060017303633e-06
-1.728122127790953871e-05
-2.494966249413908097e-05
-3.146000804581008514e-05
-3.648855829135713485e-05
-3.967663073544802616e-05
-4.095859340209833619e-05
-4.026035530029269734e-05
-3.780789549011237977e-05
-3.378955251122568623e-05
-2.864804322444216398e-05
-2.271431779886966474e-05
-1.649620146433675229e-05
-1.029986680391253593e-05
-4.533822195763151960e-06
6.640793278452865724e-07
5.090959678962969414e-06
8.835107130116207565e-06
1.190218538320511683e-05
1.455530623367010413e-05
1.690923941383198748e-05
1.926702962616387465e-05
2.169832485624967631e-05
2.439214881928115390e-05
2.723832147949114892e-05
3.021450846206343062e-05
3.298383619263435318e-05
3.532475869697054670e-05
3.674544682878648342e-05
3.695111409525486304e-05
3.546199694252085793e-05
3.210110807194598096e-05
2.659436414828113938e-05
1.905803836519448771e-05
9.560404060588730980e-06
-1.406718466714861377e-06
-1.341704166904712457e-05
-2.565867852907276946e-05
-3.747343026045929883e-05
-4.791675124438749873e-05
-5.633333943103251362e-05
-6.190697253734144423e-05
-6.424985027383105360e-05
-6.291652614311337647e-05
-5.798505044697715657e-05
-4.951441040317182862e-05
-3.810505941471301284e-05
-2.429164323539345177e-05
-9.085118455524882793e-06
6.692323847360122060e-06
2.186648699299300724e-05
3.561483645639613955e-05
4.690094415947717850e-05
5.519320559239149812e-05
5.984815761832828801e-05
6.082533074577393679e-05
5.800110514695187109e-05
5.187245834281187939e-05
4.279626554666987332e-05
3.168950809131831437e-05
1.920261755221779154e-05
6.436422606126448423e-06
-5.932898386316368767e-06
-1.689370535799471185e-05
-2.600362139047434208e-05
-3.256155213162073981e-05
-3.652995583355876842e-05
-3.762243614519077736e-05
-3.624286981521207437e-05
-3.248264539271862952e-05
-2.708847773043599944e-05
-2.037320812305011127e-05
-1.323497260898729321e-05
-5.991748127807399790e-06
5.190536973418227892e-07
6.172585749008738697e-06
1.034817581315523627e-05
1.322699971286575361e-05
1.445360897174946198e-05
1.451330512525529603e-05
1.325119108867100355e-05
1.135904878299861048e-05
8.744002984496049042e-06
6.166678203134577012e-06
3.446730271265419658e-06
1.300700281713570155e-06
-6.438680092910265298e-07
-1.757424299185847552e-06
-2.638713469252636344e-06
-2.706342935866684779e-06
-2.760600702219828438e-06
-2.167051030326864505e-06
-1.886211574859067266e-06
-1.100525995923974084e-06
-9.316498985190971091e-07
-2.370877965481422705e-07
-4.118597939013350386e-07
2.144060521730323117e-07
-3.852064034339490818e-07
5.465934909572624073e-07
3.390372929987309572e-08
2.519414408610194205e-07
5.021642856700694185e-07
7.599962125959595169e-07
1.017088216058170409e-06
1.264178321223816948e-06
1.488940543156444922e-06
1.681753662767920894e-06
1.830963429718635382e-06
1.928899618244106383e-06
1.967507603931700197e-06
1.943564798279532210e-06
1.854629138585837237e-06
1.703284846962253720e-06
1.493191951229657183e-06
1.232404149324470754e-06
9.294448499323232396e-07
5.958934424510667658e-07
2.425852172519516618e-07
-1.182271103351297428e-07
-4.763430089570581812e-07
-8.215447496823002905e-07
-1.146528210054999969e-06
-1.444673070200206876e-06
-1.712333053286039471e-06
-1.946358864849690488e-06
-2.145819008289177665e-06
-2.309383031519624889e-06
-2.436713216585649571e-06
-2.525965071476254935e-06
-2.575182689721035230e-06
-2.580215032042968483e-06
-2.536415798630634983e-06
-2.437182042928822037e-06
-2.276101185348526599e-06
-2.046117373108223713e-06
-1.742032431290848899e-06
-1.360065288848224493e-06
-9.003856624744542472e-07
-3.666467136555153091e-07
2.318966845394570932e-07
8.813481813667467438e-07
1.561875363580390279e-06
2.249495765227571504e-06
2.915797647256197540e-06
3.530595610272098832e-06
4.062522728705067612e-06
4.482243004745060958e-06
4.763429091423211294e-06
4.885923510617730156e-06
4.836401940426703673e-06
4.610766812648154974e-06
4.213814659635432388e-06
3.660297431041555038e-06
2.973194919495348745e-06
2.183273813168344095e-06
1.326045075114610143e-06
4.401725406512761745e-07
-4.362861521237102360e-07
-1.267805733902136571e-06
-2.024909371560561838e-06
-2.685400089338076211e-06
-3.236638561694141036e-06
-3.675210166867469959e-06
-4.007322856026056060e-06
-4.246567865172213583e-06
-4.412457695484297079e-06
-4.526679337948822706e-06
-4.610544063161017164e-06
-4.680821094899688545e-06
-4.747423266166960330e-06
-4.810259418569603705e-06
-4.858576830832832833e-06
-4.870084559456339601e-06
-4.812899932370727133e-06
-4.647458304381850415e-06
-4.331062755078749944e-06
-3.822013982989354919e-06
-3.085643884618944016e-06
-2.099053575427869578e-06
-8.566493041351391315e-07
6.266995570128423442e-07
2.312811667869593439e-06
4.140590318182596199e-06
6.027400720865307847e-06
7.873934914597521952e-06
9.569952546900795272e-06
1.100289398638350278e-05
1.206639747711938363e-05
1.267028727914171768e-05
1.274886763772071519e-05
1.226890059075381717e-05
1.123419953487148441e-05
9.688361166366200522e-06
7.712998718963976329e-06
5.423455360822001956e-06
2.960039487176309293e-06
4.773807081445609735e-07
-1.869325175650211704e-06
-3.938037626600760806e-06
-5.614272024517415081e-06
-6.822813648358495351e-06
-7.537366797154091998e-06
-7.785043572709343594e-06
-7.646744244163512905e-06
-7.251100130676721900e-06
-6.763889397312593402e-06
-6.371670514108147364e-06
-6.262555602269035945e-06
-6.603907536944540642e-06
-7.520665611932931119e-06
-9.074698272984738689e-06
-1.124908004155912340e-05
-1.393758579065073697e-05
-1.694270439304107915e-05
-1.998156750030161117e-05
-2.270178234262791459e-05
-2.470509058441165351e-05
-2.557916399414684531e-05
-2.493387715662907949e-05
-2.244087327167422030e-05
-1.787165734195602287e-05
-1.113228930564937588e-05
-2.289779579185904477e-06
8.411355301713814155e-06
2.054621879732187019e-05
3.352035262603308003e-05
4.659603818820043082e-05
5.893181526519536840e-05
6.963455175990622859e-05
7.781948720764332399e-05
8.267549187376364709e-05
8.352945960988912111e-05
7.990620187418796989e-05
7.157772985249276929e-05
5.859893371609241694e-05
4.132492572686229229e-05
2.040901359773001519e-05
-3.220860900846512432e-06
-2.840536647740761790e-05
-5.381578239053981885e-05
-7.803002065089189535e-05
-9.961921415291524577e-05
-1.172382109018073348e-04
-1.297151592035710626e-04
-1.361329529395982336e-04
-1.358978909304425970e-04
-1.287893620855691318e-04
-1.149876384962954560e-04
-9.507597634545853534e-05
-7.001690020055406150e-05
-4.110205591733287798e-05
-9.878905185384669895e-06
2.194276776355071399e-05
5.259789494917828032e-05
8.038082692832521222e-05
1.037589508209411649e-04
1.214780685213311920e-04
1.326505928766618801e-04
1.368203478916874168e-04
1.339972150152714953e-04
1.246586590624180688e-04
1.097157005944300877e-04
9.044538385171560957e-05
6.839268682270188010e-05
4.524920478064627040e-05
2.271649356894536888e-05
2.365450494137130228e-06
-1.449763059739528046e-05
-2.694589010810156170e-05
-3.451768063949849969e-05
-3.726355880772673425e-05
-3.574913424724964845e-05
-3.101032406741841772e-05
-2.446308518313803563e-05
-1.777225039588002385e-05
-1.268958522446922004e-05
-1.087309208102460260e-05
-1.370359547730936944e-05
-2.211451865507953914e-05
-3.645216236039859294e-05
-5.638085192917456379e-05
-8.084571823782540478e-05
-1.081002347963246882e-04
-1.358017207048743159e-04
-1.611708028782735255e-04
-1.812061388400670197e-04
-1.929388284222043450e-04
-1.937075683909344646e-04
-1.814311289078313137e-04
-1.548545619720115469e-04
-1.137450242370861229e-04
-5.901709324702886694e-05
7.228934533770118285e-06
8.176465884924877031e-05
1.603894228143674602e-04
2.381772985502102224e-04
3.098010071157193202e-04
3.699101227556346374e-04
4.135361146089577334e-04
4.364920520785596936e-04
4.357347069831806700e-04
4.096574713548874246e-04
3.582878939383475473e-04
2.833695545742556622e-04
1.883177186894021728e-04
7.804734386082695836e-05
-4.131663560194489149e-05
-1.628278338397392991e-04
-2.791775989746226412e-04
-3.831913737583740338e-04
-4.683245018279296313e-04
-5.291201869871641449e-04
-5.615942851250443468e-04
-5.635180080336404246e-04
-5.345768711472415145e-04
-4.763946070522526426e-04
-3.924205419739534959e-04
-2.876901627787824289e-04
-1.684777459854915527e-04
-4.186864157315860609e-05
8.471655165608174337e-05
2.040107347794506833e-04
3.093675040416931569e-04
3.951739754199487162e-04
4.571815952614627062e-04
4.927336658287819479e-04
5.008769972781126640e-04
4.823535224900184627e-04
4.394773407131835987e-04
3.759108189546791069e-04
2.963610889824840641e-04
2.062227681967295813e-04
1.111954003341295434e-04
1.690353190124518684e-05
-7.145408547516164091e-05
-1.494038497860220331e-04
-2.134280534559613001e-04
-2.611163445892082267e-04
-2.912330293759181018e-04
-3.037015293815666030e-04
-2.995127984528061387e-04
-2.805698105020009532e-04
-2.494836832157291051e-04
-2.093394250831652373e-04
-1.634498017934985111e-04
-1.151155260342422864e-04
-6.740806046762011700e-05
-2.298857485687315699e-05
1.602706542182027186e-05
4.815126441879171278e-05
7.255402629528869723e-05
8.904114904447030482e-05
9.798763595579424693e-05
1.002356360935390391e-04
9.696821094881837412e-05
8.957107684830294917e-05
7.949447839621223352e-05
6.812640656331960909e-05
5.668651652014479681e-05
4.614752653224361091e-05
3.718775799834327306e-05
3.017575422243802885e-05
2.518514073012375555e-05
2.203519932158319990e-05
2.035035351537916080e-05
1.963094751918875754e-05
1.932730356780465878e-05
1.890960016631573507e-05
1.792705986501420755e-05
1.605177787681053768e-05
1.310410552027476239e-05
9.058789921896011522e-06
4.033031449067489274e-06
-1.740009375336524586e-06
-7.947600925264789920e-06
-1.423824707739175940e-05
-2.026203668521047257e-05
-2.570597389337399139e-05
-3.032106072637050931e-05
-3.393880495410485609e-05
-3.647664815139515246e-05
-3.793267577133406862e-05
-3.837152572798210588e-05
-3.790399258896785941e-05
-3.666394680162214106e-05
-3.478573631048912881e-05
-3.238540871483742170e-05
-2.954778217674662732e-05
-2.632100799793909374e-05
-2.271869697488424489e-05
-1.872901426678447325e-05
-1.432840348396003809e-05
-9.497526785263448617e-06
-4.236189835163024898e-06
1.424880265793755203e-06
7.417198086225040504e-06
1.363266245714253660e-05
1.992673314382816338e-05
2.612543597440960738e-05
3.203532916799985819e-05
3.745443903381549843e-05
4.218264708723316550e-05
4.602947295065403210e-05
4.881899378931738482e-05
5.039184271968504268e-05
5.060572758262803781e-05
4.933533092480823465e-05
4.647351562784117219e-05
4.193497999903281318e-05
3.566420914709858878e-05
2.764781914490483511e-05
1.793135946758850620e-05
6.638534890980217216e-06
-6.009156933111926453e-06
-1.967599635868376044e-05
-3.390170494058314057e-05
-4.810115023251762800e-05
-6.157640497205107304e-05
-7.354344828041477959e-05
-8.317315140051683667e-05
-8.964568998200874296e-05
-9.221459703557311524e-05
-9.027627096107520633e-05
-8.343837144335965487e-05
-7.158102991007740342e-05
-5.490355440264399088e-05
-3.395131019257549728e-05
-9.617343126283863791e-06
1.688372989929869342e-05
4.407118660458069707e-05
7.028084140869766462e-05
9.377155727767835661e-05
1.128482355079544206e-04
1.259929356980324659e-04
1.319928666501028302e-04
1.300548791760407783e-04
1.198948700775879275e-04
1.017933211070563967e-04
7.660918878988132240e-05
4.574924353553683497e-05
1.109193717372943143e-05
-2.512978088919334116e-05
-6.048019850940928579e-05
-9.249571253956904277e-05
-1.188705176240269391e-04
-1.376374246942633963e-04
-1.473293956006913638e-04
-1.471067107460803550e-04
-1.368389172934154809e-04
-1.171324550701376220e-04
-8.930094185002257674e-05
-5.527806538232973318e-05
-1.747978011265000523e-05
2.137488262359031279e-05
5.846950138974973818e-05
9.110696109605868648e-05
1.169185181844568721e-04
1.340489602549185236e-04
1.413014958399365817e-04
1.382312259116142295e-04
1.251782611839043517e-04
1.032387622845977926e-04
7.417545583305406958e-05
4.027629532714150425e-05
4.171820183334170240e-06
-3.137301117937848073e-05
-6.367697297935157952e-05
-9.035202285268739881e-05
-1.094881589392680842e-04
-1.197975126752140137e-04
-1.207071800092137878e-04
-1.123922300359257503e-04
-9.574776360148814212e-05
-7.230181413775399598e-05
-4.407851649715650025e-05
-1.342278091009020990e-05
1.719678415589107829e-05
4.539095362397219184e-05
6.904045594753146944e-05
8.645941006638520603e-05
9.651715617092602876e-05
9.871069031316892712e-05
9.318184058118786773e-05
8.068093332944464781e-05
6.248061928348771566e-05
4.025050698107816768e-05
1.590349360580016477e-05
-8.570629010599648226e-06
-3.127104327770373305e-05
-5.053570964006272607e-05
-6.506451858969433894e-05
-7.400515386349779622e-05
-7.699777243105846857e-05
-7.417542257106627388e-05
-6.612401406473225423e-05
-5.380584900618298793e-05
-3.845680366784451880e-05
-2.146596318352926084e-05
-4.250652608007012427e-06
1.186383738461963923e-05
2.574829282384583391e-05
3.655114341903856353e-05
4.375027063107945601e-05
4.717400315524123143e-05
4.698935786332498576e-05
4.366183996388605103e-05
3.788989555550760274e-05
3.052271331298955049e-05
2.246755399136029680e-05
1.459721113271273748e-05
7.664330567920103158e-06
2.232348823860326249e-06
-1.372804972793183722e-06
-3.084326687293096466e-06
-3.090174871547465852e-06
-1.801817988207554708e-06
1.983964332941381806e-07
2.228086886381721719e-06
3.585028678340586056e-06
3.631172464495538965e-06
1.870246808477257402e-06
-1.986447161599729001e-06
-7.974886611295677502e-06
-1.585638876737380490e-05
-2.512391937951199099e-05
-3.503455834184613629e-05
-4.466837993257101328e-05
-5.300686740641751986e-05
-5.902685130948648074e-05
-6.179937060633190077e-05
-6.058696183883952415e-05
-5.492765032563088902e-05
-4.469988984499624499e-05
-3.015904232079859261e-05
-1.194367615237778981e-05
8.952834886792566810e-06
3.124166863679094875e-05
5.342790916158966303e-05
7.392050568334981885e-05
9.115693165196715427e-05
1.037292247916477076e-04
1.105034720866969732e-04
1.107191947370267105e-04
1.040627212737147529e-04
9.070473899606806541e-05
7.130161279159298203e-05
4.695679851523341659e-05
1.914838482044913404e-05
-1.037499285925923720e-05
-3.971830961161506104e-05
-6.697798749478392087e-05
-9.037906724706075380e-05
-1.084045336200949709e-04
-1.199030625573980439e-04
-1.241705382645735096e-04
-1.209954698552930083e-04
-1.106691493708136039e-04
-9.395666627969696209e-05
-7.203598792305469355e-05
-4.640659378511417950e-05
-1.877937070227742188e-05
9.047831353250108209e-06
3.531524612079228146e-05
5.842222823188762351e-05
7.703134861784330790e-05
9.015315020884621814e-05
9.720125043296534684e-05
9.801933845557064232e-05
9.287404195425432590e-05
8.242034578184614956e-05
6.763793152501371760e-05
4.974930138353980935e-05
3.012081341099305786e-05
1.015992565046475469e-05
-8.789326646023990679e-06
-2.553888626092345998e-05
-3.913661671731661859e-05
-4.892162092675017646e-05
-5.455760067232929926e-05
-5.603562569373327648e-05
-5.365398402725025728e-05
-4.797092719100713471e-05
-3.974292072837630631e-05
-2.984710940301131592e-05
-1.920312443176879866e-05
-8.692940317259416390e-06
9.059785833330414023e-07
8.977753953042258452e-06
1.510206489724739359e-05
1.907278961256622603e-05
2.089097800423642533e-05
2.074471873536680897e-05
1.896805295309697727e-05
1.599551038242357510e-05
1.230526280870153675e-05
8.369965640942372638e-06
4.606624848199743501e-06
1.344946794869685943e-06
-1.198886398928235952e-06
-2.924502186644919243e-06
-3.844973523320875794e-06
-4.061773095670294584e-06
-3.742838744925970402e-06
-3.083276554072920277e-06
-2.280682486189625507e-06
-1.498072566372477138e-06
-8.541863693864785931e-07
-4.012253228004984109e-07
-1.433438817039258918e-07
-2.870356468494915297e-08
-6.216224588453805710e-09
-2.970848343943955250e-06
-1.105138785744523702e-05
-1.627735642742046611e-05
-2.144862099090971767e-05
-2.487826268312021488e-05
-2.733793409018267728e-05
-2.793645051854883962e-05
-2.728051485744703344e-05
-2.490613817024653025e-05
-2.143969381638729344e-05
-1.670338015406056691e-05
-1.135623634032317431e-05
-5.386075637953535073e-06
5.674878120662346003e-07
6.464470172039577943e-06
1.175192954005327169e-05
1.642811725809571898e-05
2.007659751567978943e-05
2.278610162627964540e-05
2.429250864530260829e-05
2.478522534119217887e-05
2.413377934855400541e-05
2.260518125832635289e-05
2.016144777263868557e-05
1.710778215124504078e-05
1.345234741386960879e-05
9.500528163416985551e-06
5.269981959039205592e-06
1.041513622969673124e-06
-3.177695015436308261e-06
-7.140331936760559217e-06
-1.085513647631877854e-05
-1.410697963199105323e-05
-1.691978615889378086e-05
-1.910837575843976196e-05
-2.071400584509180073e-05
-2.158550376777839877e-05
-2.179098004265195496e-05
-2.122452785067700532e-05
-1.999528722189381196e-05
-1.805492995119644265e-05
-1.556380325137227352e-05
-1.253445703760257831e-05
-9.174669951024926021e-06
-5.543758792740570002e-06
-1.873835340477252495e-06
1.761820384747945180e-06
5.145656893576996236e-06
8.233516791693291866e-06
1.086425213536684829e-05
1.306002873516624467e-05
1.474296077947217963e-05
1.601512903243732444e-05
1.687836479964984531e-05
1.749361483178392117e-05
1.790357613945511159e-05
1.827485673613423345e-05
1.862725115369270152e-05
1.906568206914624396e-05
1.952281407299773016e-05
1.998931821930757832e-05
2.027674049184843543e-05
2.025305686054415673e-05
1.962960509755175411e-05
1.820417166159558331e-05
1.567002051253596579e-05
1.186219825350624536e-05
6.580164385767243284e-06
-1.730288999688563604e-07
-8.367685373669015141e-06
-1.772865982747651135e-05
-2.792556312846744868e-05
-3.838553523342795804e-05
-4.850560251383118955e-05
-5.750105176319912512e-05
-6.463959565545313241e-05
-6.911888545008106554e-05
-7.031118198033748138e-05
-6.765321721294989478e-05
-6.088130150255456678e-05
-4.991059581596960887e-05
-3.503776802392063495e-05
-1.678788465263695315e-05
3.933010737834594015e-06
2.603586765579417398e-05
4.815099322929060024e-05
6.886797665112020963e-05
8.668110254534059224e-05
1.002515165806180166e-04
1.083685228692234668e-04
1.102019962927950464e-04
1.052443466495126402e-04
9.351813978884228014e-05
7.546617817669336900e-05
5.208783681352192988e-05
2.475874829418869000e-05
-4.712025541227684315e-06
-3.432930454045389962e-05
-6.191821192080132746e-05
-8.541198448784144079e-05
-1.028856817216783370e-04
-1.128411711179943801e-04
-1.142200871850498027e-04
-1.066371564459777976e-04
-9.032598393178019520e-05
-6.628065066695973330e-05
-3.610332530515546971e-05
-2.035555614002562032e-06
3.329638796125738629e-05
6.694832154012801597e-05
9.598686835235375266e-05
1.176107168797037186e-04
1.294966922004471565e-04
1.299086315124075837e-04
1.179885940898958311e-04
9.378059302690340841e-05
5.839979246442117281e-05
1.391508062340711505e-05
-3.664310235206444730e-05
-8.955979918082355670e-05
-1.405827619585553229e-04
-1.853267059823481640e-04
-2.195174946385720102e-04
-2.394427974224639733e-04
-2.421942769453845862e-04
-2.260547416773300399e-04
-1.906256793988862015e-04
-1.370449798016711777e-04
-6.790982032864724491e-05
1.273983995087100382e-05
9.973556812623551578e-05
1.870265969971410074e-04
2.681876326780701161e-04
3.368124783578450073e-04
3.870997232005545245e-04
4.142526880080641392e-04
4.149869355034158905e-04
3.877776435591775853e-04
3.331407868110398225e-04
2.536037683502852290e-04
1.536723944141527747e-04
3.948268078955058694e-05
-8.153622533748739831e-05
-2.012652000523551120e-04
-3.114220561822683112e-04
-4.042630192450743674e-04
-4.731114416399013166e-04
-5.129532856680609496e-04
-5.207666491923143614e-04
-4.958362580157605996e-04
-4.397520962774556399e-04
-3.563630234204963397e-04
-2.514197478017925614e-04
-1.321989307223742625e-04
-6.877491773296584693e-06
1.160322818814473725e-04
2.283933828292169968e-04
3.229895693671788726e-04
3.941089793802066013e-04
4.378747662551578379e-04
4.525406284642368967e-04
4.384922309831410501e-04
3.981940588354773865e-04
3.358588720874799440e-04
2.571015791425783261e-04
1.683839789664589269e-04
7.652316181278466024e-05
-1.191286417071640961e-05
-9.105418578922707404e-05
-1.562015597768794085e-04
-2.040756289520324234e-04
-2.330351087484870297e-04
-2.430456573830141825e-04
-2.356107558343493752e-04
-2.134780305977452761e-04
-1.803511693958711451e-04
-1.404444681708771057e-04
-9.811346707469223753e-05
-5.740736668973525853e-05
-2.176850324299940204e-05
6.279044205114693015e-06
2.524733685756590340e-05
3.478129471742536172e-05
3.555714840194873467e-05
2.916997313932405479e-05
1.785660613898734680e-05
4.251168332623176493e-06
-8.964353378719755404e-06
-1.931792522357361988e-05
-2.484747233253442413e-05
-2.425883904045438393e-05
-1.708228879031025558e-05
-3.664059134653048834e-06
1.485448366575672417e-05
3.671096332140198315e-05
5.968573557357405827e-05
8.137769510381698431e-05
9.942465550402459769e-05
1.117821588076226729e-04
1.168997254593458283e-04
1.139091200505137566e-04
1.026782981213539194e-04
8.385387260497071456e-05
5.876588273176575273e-05
2.932783643537649593e-05
-2.175840102685026018e-06
-3.327599369551351041e-05
-6.157437860194720067e-05
-8.493171027248132342e-05
-1.016809247282696410e-04
-1.107391519260047337e-04
-1.117147292872991106e-04
-1.048976811303823297e-04
-9.123694926346903708e-05
-7.220976222565288780e-05
-4.969328179114021319e-05
-2.575824583048311599e-05
-2.496775078000634408e-06
1.818830002090671114e-05
3.472607670247122375e-05
4.602471674661091358e-05
5.152852667212408345e-05
5.126235779534323061e-05
4.578352260368362717e-05
3.612374919914400036e-05
2.365446171147648311e-05
9.960352459159559814e-06
-3.335760408594042686e-06
-1.471330041460706791e-05
-2.291153094508674280e-05
-2.702784925551307186e-05
-2.660926694799983005e-05
-2.167163691941561190e-05
-1.270222741035785641e-05
-5.926964935387673140e-07
1.343846458149457948e-05
2.797562851617088378e-05
4.152793020430882058e-05
5.267723467018050189e-05
6.019588080356997510e-05
6.316521240209242434e-05
6.104644910213296227e-05
5.373572315817728133e-05
4.156539144835857665e-05
2.528500464937495987e-05
5.994025199732496465e-06
-1.493917004338628505e-05
-3.599071776390500574e-05
-5.559369716608904716e-05
-7.226234478586406453e-05
-8.469913145267975196e-05
-9.189481577621922510e-05
-9.319958282847745591e-05
-8.837420373374033208e-05
-7.760724391125735247e-05
-6.150686249436542808e-05
-4.106140994080542125e-05
-1.757613700120116442e-05
7.412832517880635271e-06
3.224168752108921875e-05
5.523119532333825322e-05
7.480471392473482463e-05
8.959806976434735322e-05
9.856155899489889272e-05
1.010360909097847995e-04
9.680970572780129917e-05
8.613495322075394279e-05
6.972147880921417942e-05
4.868480757145820224e-05
2.447563444025813362e-05
-1.228360362705517206e-06
-2.663519773215588984e-05
-4.997508560730137378e-05
-6.962117497903473693e-05
-8.421695929123211078e-05
-9.276666070952518960e-05
-9.471762226916681244e-05
-8.999033143512729239e-05
-7.899389981277688162e-05
-6.258325843635504629e-05
-4.200572431363820333e-05
-1.879416605740991862e-05
5.336147076547157577e-06
2.863008415951754935e-05
4.941022384261304083e-05
6.621572673595495890e-05
7.789426806114642388e-05
8.369997510187358078e-05
8.332801240752352114e-05
7.694750644874481923e-05
6.516400952688878733e-05
4.898317223687796679e-05
2.970779177277439118e-05
8.849541923282271472e-06
-1.201267838941738104e-05
-3.133861088792212020e-05
-4.776728643473697770e-05
-6.019852818915023590e-05
-6.789249929957436220e-05
-7.049292601064460382e-05
-6.806161283685835210e-05
-6.103172942657711516e-05
-5.017839738525095962e-05
-3.651496114937279508e-05
-2.122258274400410131e-05
-5.519823342709324280e-06
9.413987164320660855e-06
2.255962397386789749e-05
3.310597730861888861e-05
4.053093487045336912e-05
4.459745082990229989e-05
4.538027658105871074e-05
4.320604722811689731e-05
3.863201677743154105e-05
3.234557776153038669e-05
2.511800127549339539e-05
1.769160515983651526e-05
1.073922347589212914e-05
4.769398554607438740e-06
1.189887417158063359e-07
-3.101782045166970184e-06
-4.969391159341642296e-06
-5.756791745033227096e-06
-5.850039220493701063e-06
-5.725915057882297026e-06
-5.846277022002309132e-06
-6.630716135270549604e-06
-8.358662009085706871e-06
-1.116656688810930633e-05
-1.498344244588014188e-05
-1.957179225436023255e-05
-2.450723725503905828e-05
-2.926404036572707052e-05
-3.322946232080410000e-05
-3.581537389313169437e-05
-3.648198493576982330e-05
-3.484661436953877495e-05
-3.068765012219022606e-05
-2.402444998290270096e-05
-1.508124309148086934e-05
-4.325357595709157727e-06
7.613719193150441632e-06
1.994447311954147662e-05
3.182796969326367299e-05
4.239783651050665669e-05
5.088456064609214914e-05
5.662868917193494080e-05
5.918857380270823887e-05
5.832332445090657495e-05
5.406557244882546871e-05
4.666243003927457087e-05
3.660916888530461400e-05
2.455159138747295769e-05
1.129089499161942748e-05
-2.336820591186738217e-06
-1.546503157602684283e-05
-2.731911610466072367e-05
-3.720958699596418759e-05
-4.463796199768916325e-05
-4.926376217488761454e-05
-5.098292812467198698e-05
-4.986187341163377765e-05
-4.618649494275569266e-05
-4.036604149739725372e-05
-3.295993997134537555e-05
-2.456233564498394353e-05
-1.582044975075789757e-05
-7.315218405356459865e-06
4.126862667999684937e-07
6.970692316279368932e-06
1.206713847199085189e-05
1.559735261075730398e-05
1.756898593311943287e-05
1.816432546860984122e-05
1.764006619419397973e-05
1.637143071267588580e-05
1.473497889255723803e-05
1.314574911624936741e-05
1.193603108694978911e-05
1.139943531418917936e-05
1.167945057353592612e-05
1.283341551427386775e-05
1.474162447620566879e-05
1.719870683595032575e-05
1.984655602198717316e-05
2.229223389880015193e-05
2.405967845580675790e-05
2.472524364265691021e-05
2.387555846294480092e-05
2.124534401923046858e-05
1.666412242491041416e-05
1.017853599262840543e-05
1.971183907867758610e-06
-7.545986880122509015e-06
-1.784934370006138030e-05
-2.824153908341893248e-05
-3.800175650887480832e-05
-4.634466562781145696e-05
-5.258728582859453359e-05
-5.610837309728796053e-05
-5.650908323314620931e-05
-5.354989549526778758e-05
-4.728480181347718926e-05
-3.795975391870085904e-05
-2.611024057771477852e-05
-1.241739614675924232e-05
2.228092417656779839e-06
1.690323105582691750e-05
3.060797128002454179e-05
4.245710423409543218e-05
5.163257713396504503e-05
5.756657314464566649e-05
5.986761683151900991e-05
5.847400403094930367e-05
5.353654158463003144e-05
4.553089711650682711e-05
3.509222130511615505e-05
2.308961007565108478e-05
1.042341999235409165e-05
-1.919815180074127486e-06
-1.308346659030720985e-05
-2.227772313179697617e-05
-2.898070940372530468e-05
-3.284033540064515465e-05
-3.383819375135457027e-05
-3.214045257316367876e-05
-2.821729752597388401e-05
-2.264455125319871318e-05
-1.618988664557325616e-05
-9.584245717082614721e-06
-3.600456483310265087e-06
1.176763650662475654e-06
4.250152079074332119e-06
5.414571430424117573e-06
4.612220352497788342e-06
2.097326608698217072e-06
-1.759612863361873678e-06
-6.344830969576357440e-06
-1.103783263725321386e-05
-1.510398280889699353e-05
-1.794843655448397028e-05
-1.900081049739406398e-05
-1.795868978935072989e-05
-1.463809747880495663e-05
-9.185652297957094776e-06
-1.879839779609048846e-06
6.695118352935251578e-06
1.589710798308067530e-05
2.488199455527422756e-05
3.288537231035703115e-05
3.908584870727596926e-05
4.289476522406954792e-05
4.379827908639414831e-05
4.162838659119994509e-05
3.635997739794028796e-05
2.834631248975978926e-05
1.806072113192135525e-05
6.295707248758617698e-06
-6.144194266294984868e-06
-1.826421316990051397e-05
-2.921479049341666433e-05
-3.810795661439473302e-05
-4.435390822711482645e-05
-4.744344030610171843e-05
-4.726151306230894669e-05
-4.381540725371141256e-05
-3.751432037497332949e-05
-2.883901915918744678e-05
-1.859383603271493648e-05
-7.529909439396698288e-06
3.409481354964584229e-06
1.348887908066636427e-05
2.191387178161410013e-05
2.822935945286147503e-05
3.200648618396785252e-05
3.322264224224306532e-05
3.188859828711866948e-05
2.840792950802924238e-05
2.314591889338575532e-05
1.678175676142661593e-05
9.833957696450016807e-06
3.029309779026221974e-06
-3.194916200207980474e-06
-8.279263971273067687e-06
-1.204631543435607746e-05
-1.422678166761440507e-05
-1.496506438978666277e-05
-1.427622569459845591e-05
-1.256291948539472909e-05
-1.000853539030757611e-05
-7.127903064267181375e-06
-4.107905028530452807e-06
-1.419203477833751381e-06
8.879803762336376027e-07
2.486907787392449679e-06
3.527189441175933407e-06
3.835290280869858623e-06
3.735457669241871668e-06
3.135735723829343924e-06
2.452098868002549480e-06
1.565916087417953719e-06
9.001158251890779621e-07
2.186597003514139827e-07
-8.289127504877533600e-08
-3.993816002716852891e-07
-3.228733461201836982e-07
-4.113116312208838345e-07
-1.342538938491012574e-07
-2.437835377260492684e-07
1.105156857093753139e-07
-2.547778690020693624e-07
4.729819271071804717e-07
1.168774639659791175e-07
3.061121214915841974e-07
3.521983497154167166e-07
4.325001903712818999e-07
4.719578720868983365e-07
5.173696997249848168e-07
5.291402210406917206e-07
5.368769696929902555e-07
5.143470347099387961e-07
4.843824917980647916e-07
4.283762457773135720e-07
3.657525514145488220e-07
2.828349957905889079e-07
1.968710774420417239e-07
9.739161332440647384e-08
-1.551900868335080213e-10
-1.042762668397419248e-07
-2.012612214681660145e-07
-2.985388268859127668e-07
-3.841203693494750900e-07
-4.649174079392513043e-07
-5.305714266722838599e-07
-5.877648418714376091e-07
-6.275844746852648370e-07
-6.565811802971949688e-07
-6.670548322321449295e-07
-6.654325881589010132e-07
-6.450188207246882983e-07
-6.121284917960104831e-07
-5.609463252688773876e-07
-4.977495128624811840e-07
-4.175859094634200952e-07
-3.268407540416259148e-07
-2.214890265878655028e-07
-1.082010610919528910e-07
1.603990671589386360e-08
1.441400894826169775e-07
2.780885763630228033e-07
4.103406697166881278e-07
5.419664819073493380e-07
6.651029133578455580e-07
7.801714585903512317e-07
8.792949250556574819e-07
9.626728246724768249e-07
1.022865596303037590e-06
1.060395446830585305e-06
1.068806179300405009e-06
1.049539590507243677e-06
9.976818742878127884e-07
9.161496774739883091e-07
8.020363877988192730e-07
6.601305975068123875e-07
4.897819755989053391e-07
2.977722069921845967e-07
8.563456531706245393e-08
-1.380943979054092170e-07
-3.701442691371622475e-07
-6.008328946930703395e-07
-8.259395831896520721e-07
-1.035536093416970850e-06
-1.225453463385264909e-06
-1.386542909023342631e-06
-1.515710918573202819e-06
-1.605528927808453273e-06
-1.654811531717843933e-06
-1.658507969727000845e-06
-1.617815633212975057e-06
-1.530315181422391505e-06
-1.399640555241349286e-06
-1.225854439623830439e-06
-1.014725394612110691e-06
-7.683682326431045603e-07
-4.941949692052249981e-07
-1.958532627212401349e-07
1.180884922357977363e-07
4.428867649060109297e-07
7.691713842774184732e-07
1.091390124200194339e-06
1.399597361218855706e-06
1.687648266407745896e-06
1.945266438185125665e-06
2.166058527276260549e-06
2.339908096094972267e-06
2.460871803549591731e-06
2.519921583392436135e-06
2.512740562239539290e-06
2.432781053951065969e-06
2.278913487488614992e-06
2.048701153882684374e-06
1.745791148301773434e-06
1.373254854149511662e-06
9.405750995616431208e-07
4.568927014979800543e-07
-6.253595104771527757e-08
-6.032927993899068811e-07
-1.145912506078660939e-06
-1.673031864061442372e-06
-2.163988528294300589e-06
-2.602021165902052230e-06
-2.969130137952825701e-06
-3.253066639011480297e-06
-3.442149523579427511e-06
-3.531742611082039893e-06
-3.518737653269057876e-06
-3.407292704715768014e-06
-3.202823173479674074e-06
-2.916955788724023338e-06
-2.561088991814786309e-06
-2.150754294504451555e-06
-1.699041274752057646e-06
-1.220763257952222200e-06
-7.261952749964087296e-07
-2.255197786444554218e-07
2.766840017443477467e-07
7.763455813243568124e-07
1.274425064932510958e-06
1.771084939014568514e-06
2.269329190118769933e-06
2.768729803437019943e-06
3.268655230912222882e-06
3.762160324214742993e-06
4.239512070284262326e-06
4.682970976376511709e-06
5.071300249972849949e-06
5.375993119752892849e-06
5.567128903910391806e-06
5.611148505322663257e-06
5.477872637412196989e-06
5.139331272472162434e-06
4.577170178664649827e-06
3.781519383802941317e-06
2.757620282910045591e-06
1.523502967527275435e-06
1.146670966178479815e-07
-1.420424690740273526e-06
-3.018307498543321935e-06
-4.607516652610519523e-06
-6.109043619576858469e-06
-7.445211045876430530e-06
-8.541531688409130516e-06
-9.335966620243726631e-06
-9.780399642675350130e-06
-9.848346180531578845e-06
-9.534129779973497972e-06
-8.857339476660969812e-06
-7.858389616937709978e-06
-6.598955282328703036e-06
-5.153804151200992470e-06
-3.607828589300015520e-06
-2.045489708087275821e-06
-5.464427091295571781e-07
8.249015783995117071e-07
2.022340109288894365e-06
3.025323383150593859e-06
3.837844610892074514e-06
4.490725726474340554e-06
5.035008446256435420e-06
5.538607719410294660e-06
6.074804533648997578e-06
6.714978708133316559e-06
7.514951177323756610e-06
8.507407352841760644e-06
9.690281935994916011e-06
1.102329563756954256e-05
1.242261978784021366e-05
1.376515443483843517e-05
1.489207926171350937e-05
1.562211683109917789e-05
1.576360009214730078e-05
1.513462729438384063e-05
1.357986309746849018e-05
1.099231801981894874e-05
7.328485762379029488e-06
2.624717945686035936e-06
-2.996372167818587631e-06
-9.321397307878817747e-06
-1.605372930026695356e-05
-2.282421107090659934e-05
-2.921369045787501037e-05
-3.477743307377604155e-05
-3.907847844881494402e-05
-4.171908322132614335e-05
-4.237614555349404410e-05
-4.082946170163512652e-05
-3.698834234536029072e-05
-3.090605818437781264e-05
-2.278823103834957042e-05
-1.298615974272351536e-05
-1.982558502146583186e-06
9.637230910854286439e-06
2.121943691243821984e-05
3.208638305290494448e-05
4.158096067647769752e-05
4.911463906560276175e-05
5.420832899341171000e-05
5.652952573494037783e-05
5.591600198416061613e-05
5.239054296173084499e-05
4.615901126253623549e-05
3.759808990146505810e-05
2.722742904923888468e-05
1.567443268228919058e-05
3.628495096310175913e-06
-8.205862729979427876e-06
-1.915899816621394801e-05
-2.863975802034944977e-05
-3.617484532783591083e-05
-4.143560209988552578e-05
-4.425564595893762091e-05
-4.463315554613183999e-05
-4.272313980153438035e-05
-3.881583786569099920e-05
-3.330831661639275837e-05
-2.666725407784267221e-05
-1.939090163350837607e-05
-1.196901125867925611e-05
-4.848484887947861376e-06
1.596843489488827162e-06
7.085855850707269054e-06
1.144211009254029847e-05
1.459367954584184100e-05
1.656545247504240048e-05
1.746153348486801770e-05
1.744372614719628934e-05
1.670515228977725839e-05
1.544545793855720057e-05
1.384698634345755688e-05
1.205769378185538043e-05
1.017940043567336270e-05
8.265506124083783077e-06
6.325234264280419373e-06
4.336439762711995277e-06
2.262439079829950962e-06
7.313447066266908859e-08
-2.235040331823433833e-06
-4.620867713690843639e-06
-6.986981890518885959e-06
-9.175376811924213863e-06
-1.097342358852619323e-05
-1.212871880170904147e-05
-1.237399005147821028e-05
-1.145826582174057832e-05
-9.183096696159985135e-06
-5.438367466640836149e-06
-2.350451434774062059e-07
6.270861001480149787e-06
1.376559124191056281e-05
2.178036333628337049e-05
2.970999538943301790e-05
3.684856092735442750e-05
4.243953749906042878e-05
4.573806431873459144e-05
4.607984066489565752e-05
4.295146634091057206e-05
3.605516331678866761e-05
2.536171638479227050e-05
1.114519049512455320e-05
-6.005267761384655625e-06
-2.519988323095315459e-05
-4.528994635049227315e-05
-6.493530716553772984e-05
-8.269399341182445662e-05
-9.712758086667392710e-05
-1.069147127015522612e-04
-1.109631142115427311e-04
-1.085110163467263052e-04
-9.920804715776609830e-05
-8.316832893253114293e-05
-6.098891118267478278e-05
-3.373118358967391926e-05
-2.863970377675379636e-06
2.982744770718042185e-05
6.236140005939906866e-05
9.269857081362557316e-05
1.188898243496760109e-04
1.392193724637980274e-04
1.523328616552455854e-04
1.573376669154172205e-04
1.538685824735922653e-04
1.421112949025432441e-04
1.227837952087948155e-04
9.707551248727553229e-05
6.655223685702434599e-05
3.303344859997657664e-05
-1.544007833626921583e-06
-3.526590084530196149e-05
-6.636914006975528821e-05
-9.335088294901364571e-05
-1.150472042407475222e-04
-1.306797324155413019e-04
-1.398661769261981308e-04
-1.426005572365374272e-04
-1.392053732703902029e-04
-1.302669843662310266e-04
-1.165596694746174326e-04
-9.897113298659060995e-05
-7.843371510128936729e-05
-5.587125670971864166e-05
-3.216112431344971082e-05
-8.116158676281412217e-06
1.551971446330183626e-05
3.806226394158868044e-05
5.887433265263194082e-05
7.735158968892763716e-05
9.291714302185242287e-05
1.050246169596326363e-04
1.131766739335414483e-04
1.169536610747280025e-04
1.160546540283924355e-04
1.103407539631408665e-04
9.987946861806722653e-05
8.497768981886522012e-05
6.620206810917567586e-05
4.437573542079528043e-05
2.055389664021804104e-05
-4.028067909745036603e-06
-2.802558799454472020e-05
-5.007587724701832428e-05
-6.889519891300711549e-05
-8.337973194834305687e-05
-9.269399494536302423e-05
-9.634428782809695269e-05
-9.422294780239709325e-05
-8.662507294396992036e-05
-7.422853738388682807e-05
-5.804520934219505193e-05
-3.934020701601032439e-05
-1.953321053216221370e-05
-8.332924634283748231e-08
1.762475840068450351e-05
3.239061395079049555e-05
4.328652210640408896e-05
4.972492303698482474e-05
5.149172457809699069e-05
4.875145675713678017e-05
4.201681588019679604e-05
3.209458372032600304e-05
2.000530837249852887e-05
6.892994642858260953e-06
-6.075378850221384377e-06
-1.780281231104260186e-05
-2.734867256682004669e-05
-3.399276197317675042e-05
-3.728181330860497699e-05
-3.704663004710941862e-05
-3.339930600188649175e-05
-2.670280237179740760e-05
-1.752676698632562143e-05
-6.585273973703071021e-06
5.326916256037068149e-06
1.740320958438343373e-05
2.888254530989103541e-05
3.910070240891305845e-05
4.752137292536794892e-05
5.375628783016865348e-05
5.756370378698721598e-05
5.883834263235779017e-05
5.758501997870593030e-05
5.389216310729166197e-05
4.789899142065475455e-05
3.977313829141568616e-05
2.969095843092699134e-05
1.783529578656102709e-05
4.399344352802076160e-06
-1.039231911183396237e-05
-2.626100465867069463e-05
-4.284103230549258953e-05
-5.965480040598499580e-05
-7.608866851778407943e-05
-9.138853540877064983e-05
-1.046666622009893052e-04
-1.149364616470621833e-04
-1.211624934941864907e-04
-1.223377244541635198e-04
-1.175696916332151217e-04
-1.061830677821833861e-04
-8.781562061916718090e-05
-6.251223240124226688e-05
-3.079192411169058238e-05
6.307232578405002616e-06
4.722895568981176178e-05
8.993593457662336444e-05
1.320010308794057207e-04
1.707348378054915361e-04
2.033590391492737909e-04
2.271991348072231417e-04
2.398989744998026024e-04
2.396243669632363768e-04
2.252547911186338276e-04
1.965288100814205493e-04
1.541444304130200240e-04
9.978463564854359925e-05
3.607767384787424205e-05
-3.352780732346275340e-05
-1.049506503693791907e-04
-1.737356009242224675e-04
-2.353474727304437201e-04
-2.854985447525831268e-04
-3.204660505553368175e-04
-3.373932951969361364e-04
-3.345304615631974768e-04
-3.114126614482890507e-04
-2.689379270235957081e-04
-2.093542019948398016e-04
-1.361323260234378375e-04
-5.375180953705320410e-05
3.260644348569493055e-05
1.174169941140090501e-04
1.952098095303438086e-04
2.609606675856477004e-04
3.104622699636783753e-04
3.406244791555387971e-04
3.497015890354905816e-04
3.374061359417156766e-04
3.049225951983260152e-04
2.547970465898214310e-04
1.907355841480718557e-04
1.173056939170690312e-04
3.959003591888226746e-05
-3.720243286162891970e-05
-1.081119628610363673e-04
-1.687855555781420764e-04
-2.157646441749859663e-04
-2.467075516650350862e-04
-2.605057072848659429e-04
-2.573136516163337072e-04
-2.384675248887683737e-04
-2.063291298405368641e-04
-1.640445432626522475e-04
-1.152678796358605088e-04
-6.384727959462704633e-05
-1.352830282660415685e-05
3.233024011766392201e-05
7.097723644129030180e-05
1.004414604190674511e-04
1.196148214097731772e-04
1.282751876022052693e-04
1.270210018029111214e-04
1.171596142613140761e-04
1.005312493166382338e-04
7.931915826245091871e-05
5.583075110012272329e-05
3.230212226643913021e-05
1.070818162629998802e-05
-7.372232240716274319e-06
-2.086227483999679094e-05
-2.922271533477936909e-05
-3.245424003028136127e-05
-3.103344321962042815e-05
-2.582958659136167900e-05
-1.797496843399658424e-05
-8.741709513278145057e-06
6.020593461123012586e-07
8.903291384285048646e-06
1.523392049975327560e-05
1.894958990421258623e-05
1.973648735608460179e-05
1.760181275852520838e-05
1.285595891578950370e-05
6.046495831824714751e-06
-2.101505718353903819e-06
-1.077796054195411050e-05
-1.915633152605079412e-05
-2.648079555359086654e-05
-3.211565172859113165e-05
-3.560463352521822699e-05
-3.668491338220460389e-05
-3.530925542271408385e-05
-3.162232611239968128e-05
-2.595030351026612143e-05
-1.874954920528931204e-05
-1.057749140796503375e-05
-2.029099852574707696e-06
6.295193110460163444e-06
1.385032117010811667e-05
2.016784349562502325e-05
2.490233753253707287e-05
2.783247050772835661e-05
2.888675355911895129e-05
2.812135353776174280e-05
2.572592889909944966e-05
2.198198106291518342e-05
1.725537808535403692e-05
1.194344205261810826e-05
6.464005855227127679e-06
1.201278597169754522e-06
-3.498574434635842286e-06
-7.374176783493928427e-06
-1.023896673106921217e-05
-1.201478259749866694e-05
-1.270333942619310198e-05
-1.240570728374698727e-05
-1.127648974476856002e-05
-9.534365350570735481e-06
-7.405833269681275140e-06
-5.136139305376359190e-06
-2.931055909853128010e-06
-9.777619618759359960e-07
6.084901011638233324e-07
1.746610902595375313e-06
2.435872942936738122e-06
2.698950832923275929e-06
2.625008927865550938e-06
2.295902590604210819e-06
1.835746587849690054e-06
1.323905904480091464e-06
8.638624931823716975e-07
4.824562068248163271e-07
2.342108521967738777e-07
7.444436409007784946e-08
2.813241163291025639e-08
-1.837311955939742957e-08
