-9.937634299999999589e-12
8.996625999999999327e-09
2.672856200000000000e-08
4.326791100000000213e-08
5.374980899999999690e-08
5.719096800000000210e-08
5.483970799999999961e-08
4.873983199999999775e-08
4.079164000000000329e-08
3.232342600000000112e-08
2.404191800000000147e-08
1.618895699999999977e-08
8.757201399999999943e-09
1.671691900000000031e-09
-5.101469699999999660e-09
-1.151830699999999957e-08
-1.747013199999999933e-08
-2.281983699999999952e-08
-2.743956000000000156e-08
-3.123709199999999994e-08
-3.416712599999999797e-08
-3.622956699999999846e-08
-3.745991100000000068e-08
-3.791696799999999773e-08
-3.767180899999999679e-08
-3.679993099999999982e-08
-3.537699900000000273e-08
-3.347739200000000181e-08
-3.117436900000000026e-08
-2.854072900000000024e-08
-2.564917000000000150e-08
-2.257200099999999889e-08
-1.938018699999999889e-08
-1.614194900000000017e-08
-1.292121900000000069e-08
-9.776218099999999369e-09
-6.758353000000000061e-09
-3.911507299999999832e-09
-1.271732599999999910e-09
1.132723300000000011e-09
3.281134199999999913e-09
5.159844100000000314e-09
6.761715299999999839e-09
8.085524599999999411e-09
9.135336500000000138e-09
9.919865400000000592e-09
1.045183399999999991e-08
1.074733499999999947e-08
1.082518699999999938e-08
1.070631499999999954e-08
1.041313500000000035e-08
9.968975800000000357e-09
9.397535900000000137e-09
8.722392199999999570e-09
7.966558899999999486e-09
7.152106200000000057e-09
6.299840799999999875e-09
5.429046400000000076e-09
4.557283099999999958e-09
3.700254700000000172e-09
2.871689000000000132e-09
2.079489900000000198e-09
1.221317599999999935e-09
1.363295600000000083e-09
1.087215999999999940e-08
4.131455600000000045e-08
2.846267700000000110e-08
-3.307299799999999779e-07
-1.410887200000000063e-06
-2.897193400000000175e-06
-3.162665200000000200e-06
-1.172187000000000039e-06
1.921652800000000051e-06
4.862012899999999990e-06
7.427453699999999797e-06
8.711999599999999163e-06
7.784255299999999372e-06
4.745175199999999725e-06
1.074953499999999965e-07
-5.031943200000000059e-06
-8.802297000000000539e-06
-9.735850500000000680e-06
-8.268007400000000029e-06
-5.051000500000000125e-06
-1.366612400000000057e-06
1.757909799999999906e-06
2.980565999999999798e-06
2.919592000000000168e-06
2.010944099999999976e-06
7.356431699999999996e-07
-5.889887200000000506e-07
-1.490885799999999936e-06
-2.145240399999999821e-06
-2.163006600000000098e-06
-1.145886100000000093e-06
5.264357899999999957e-08
-2.194789599999999900e-07
-4.031217999999999695e-06
-1.236894099999999993e-05
-2.084834700000000017e-05
-2.254457999999999956e-05
-1.495586999999999984e-05
-1.436573199999999914e-06
1.542546899999999846e-05
3.223985300000000088e-05
4.453335199999999822e-05
4.838107300000000284e-05
4.463963199999999951e-05
3.397829300000000045e-05
1.835176599999999969e-05
2.556806400000000159e-06
-1.007258100000000045e-05
-2.025630000000000120e-05
-3.007993200000000066e-05
-4.092359200000000044e-05
-5.495827900000000121e-05
-7.102181099999999492e-05
-8.687295799999999828e-05
-1.013875899999999974e-04
-1.052772100000000030e-04
-8.172392799999999517e-05
-1.995064100000000054e-05
7.576533399999999744e-05
1.766418400000000096e-04
2.434998199999999972e-04
2.536050999999999887e-04
2.094512899999999907e-04
1.270134300000000014e-04
7.277348599999999399e-11
-1.065244899999999989e-07
-2.925696799999999827e-07
-3.739638099999999984e-07
-2.286607000000000088e-07
1.477426399999999926e-07
6.312825300000000443e-07
1.030998199999999989e-06
1.192820999999999984e-06
1.046128999999999984e-06
6.406785600000000078e-07
1.268243999999999931e-07
-3.775275099999999868e-07
-8.445932699999999715e-07
-1.291695500000000040e-06
-1.714450900000000038e-06
-2.084426000000000192e-06
-2.380118099999999891e-06
-2.579115200000000087e-06
-2.664509999999999922e-06
-2.611045599999999892e-06
-2.363266399999999976e-06
-1.853038800000000016e-06
-1.063343600000000027e-06
-9.441278099999999945e-08
8.564232500000000254e-07
1.597143700000000048e-06
2.048555199999999868e-06
2.252544799999999914e-06
2.284106099999999971e-06
2.194267299999999861e-06
2.034023300000000164e-06
1.816337799999999984e-06
1.483619299999999995e-06
9.317607700000000140e-07
1.208975099999999977e-07
-9.016098500000000232e-07
-1.999705600000000084e-06
-2.980634600000000039e-06
-3.648359999999999828e-06
-3.857978700000000400e-06
-3.568000299999999792e-06
-2.831361299999999915e-06
-1.733986299999999897e-06
-3.376239599999999935e-07
1.332728500000000008e-06
3.208191000000000011e-06
5.116905700000000010e-06
6.825323299999999928e-06
8.114331199999999219e-06
8.845325899999999337e-06
8.978073400000000559e-06
8.603105900000000494e-06
7.891539700000000184e-06
6.499624000000000232e-06
2.296227400000000007e-06
-6.971581199999999868e-06
-1.758058799999999953e-05
-2.130213599999999902e-05
-1.713258799999999976e-05
-5.788844800000000260e-06
1.151618599999999999e-05
2.782790000000000169e-05
3.602682699999999922e-05
3.569215600000000325e-05
2.818536000000000012e-05
1.562803100000000162e-05
2.773341400000000027e-06
-5.880483599999999658e-06
-1.102583699999999992e-05
-1.433457400000000049e-05
-1.618259300000000073e-05
-1.916558099999999962e-05
-2.304968800000000109e-05
-2.409310299999999964e-05
-2.144047299999999858e-05
-1.622147600000000149e-05
-9.790295899999999202e-06
-4.190922000000000157e-06
-3.554833899999999982e-06
-7.477606299999999761e-06
-1.386119299999999955e-05
-2.055853200000000064e-05
-2.808665799999999837e-05
-4.137140300000000326e-05
-6.045978600000000180e-05
-6.869869400000000372e-05
-5.241432999999999932e-05
-1.146083100000000025e-05
4.427856799999999900e-05
1.040356100000000046e-04
1.494689800000000002e-04
1.591784600000000047e-04
1.262082200000000105e-04
4.726226300000000195e-05
-6.289911000000000297e-05
-1.682199299999999939e-04
-2.156887699999999986e-04
-1.751319700000000010e-04
-5.813087099999999667e-05
8.285487800000000506e-05
1.889121500000000070e-04
2.359304400000000030e-04
2.342103900000000092e-04
1.923731600000000072e-04
1.236923899999999943e-04
4.070421200000000188e-05
-4.343253799999999856e-05
-1.174418399999999936e-04
-1.758536899999999924e-04
-2.113999099999999958e-04
-2.156842799999999962e-04
-1.841644400000000111e-04
-1.234317100000000000e-04
-5.402029899999999905e-05
3.773902600000000099e-06
4.069551799999999948e-05
6.616604100000000193e-05
7.537069399999999676e-05
6.613118700000000588e-05
4.318948099999999843e-05
2.366728800000000006e-05
1.083347000000000014e-05
-2.566625499999999877e-06
-1.835055799999999853e-05
-3.193052799999999855e-05
-3.801452700000000054e-05
-4.669033100000000066e-05
3.839455000000000159e-10
-2.496215000000000227e-07
-8.894280999999999809e-07
-2.053569900000000204e-06
-3.910241600000000404e-06
-6.217015599999999776e-06
-8.220666900000000546e-06
-8.865367699999999156e-06
-7.203868700000000141e-06
-2.795632299999999820e-06
4.060106599999999688e-06
1.238128299999999968e-05
2.073292000000000071e-05
2.757711000000000133e-05
3.165564400000000269e-05
3.224743800000000294e-05
2.925595599999999871e-05
2.318213100000000100e-05
1.497998199999999965e-05
5.829599400000000420e-06
-3.117392900000000082e-06
-1.102287500000000074e-05
-1.749195100000000054e-05
-2.247636100000000047e-05
-2.611774399999999935e-05
-2.860279099999999867e-05
-3.010199699999999923e-05
-3.074812800000000120e-05
-3.063271400000000061e-05
-2.980176500000000079e-05
-2.821438699999999987e-05
-2.575945499999999984e-05
-2.234861399999999975e-05
-1.803048999999999887e-05
-1.298194400000000054e-05
-7.508429000000000139e-06
-1.995292500000000091e-06
3.181485200000000047e-06
7.718291800000000186e-06
1.137706399999999973e-05
1.400040000000000067e-05
1.554268200000000021e-05
1.604648299999999976e-05
1.561216599999999970e-05
1.446021700000000074e-05
1.290010000000000038e-05
1.126285399999999935e-05
9.848790100000000557e-06
8.933610099999999266e-06
8.676990099999999341e-06
9.032445999999999273e-06
9.803531399999999797e-06
1.072468900000000075e-05
1.150994199999999958e-05
1.190926500000000057e-05
1.179327999999999968e-05
1.119488999999999947e-05
1.023885600000000082e-05
9.062703799999999877e-06
7.770802300000000503e-06
6.423999200000000306e-06
5.329183199999999775e-06
5.204284800000000219e-06
5.655564200000000267e-06
5.701737400000000119e-06
4.582282499999999779e-06
2.021864699999999924e-06
-1.699064499999999934e-06
-5.666643899999999673e-06
-8.391829600000000499e-06
-8.949076099999999704e-06
-8.010763999999999456e-06
-6.005890800000000045e-06
-3.190383499999999843e-06
-9.728053700000000267e-07
6.203011600000000413e-08
-5.338271000000000249e-07
-2.312587400000000135e-06
-3.764363500000000063e-06
-4.802514499999999841e-06
-5.326620600000000146e-06
-4.475321299999999926e-06
-3.707008500000000170e-06
-3.722510900000000087e-06
-4.594071600000000089e-06
-5.975645600000000255e-06
-6.441812799999999731e-06
-6.586999400000000148e-06
-7.118658599999999877e-06
-6.970826099999999629e-06
-7.175626700000000251e-06
-5.339335299999999579e-06
6.385058299999999790e-07
4.425773799999999873e-06
-2.077473799999999829e-09
-1.178871200000000064e-05
-2.450869100000000004e-05
-3.467003599999999685e-05
-3.509522900000000171e-05
-2.365601400000000014e-05
-1.147050299999999957e-05
-1.114140599999999949e-05
-2.473732499999999952e-05
-4.753250800000000125e-05
-6.582826399999999604e-05
-5.489330499999999874e-05
4.733400400000000148e-07
9.306278699999999719e-05
1.899279200000000096e-04
2.504088899999999999e-04
2.476952600000000243e-04
1.795264699999999942e-04
7.300337000000000438e-05
-3.078214300000000226e-05
-1.094080099999999940e-04
-1.535514999999999883e-04
-1.608555200000000133e-04
-1.394304999999999926e-04
-1.070673200000000054e-04
-7.400785799999999841e-05
-3.759396299999999831e-05
-7.830880399999999903e-06
4.190003799999999926e-06
-4.211578300000000104e-06
-2.420958000000000140e-05
-4.404592999999999996e-05
-6.203141799999999963e-05
-6.020341399999999855e-05
7.940078499999999931e-11
-6.734894500000000208e-08
-2.165985699999999948e-07
-4.224017999999999886e-07
-6.923425300000000365e-07
-1.012158400000000104e-06
-1.308936099999999955e-06
-1.455397699999999991e-06
-1.323885299999999976e-06
-8.435769499999999879e-07
-5.098346700000000062e-08
9.070373599999999537e-07
1.824412200000000056e-06
2.505292299999999988e-06
2.834486800000000110e-06
2.788609400000000081e-06
2.424307699999999791e-06
1.837044199999999980e-06
1.098629299999999934e-06
2.696288999999999931e-07
-5.720358999999999825e-07
-1.329922599999999995e-06
-1.914796299999999992e-06
-2.282578300000000023e-06
-2.422188199999999836e-06
-2.316366099999999811e-06
-1.963392900000000204e-06
-1.403944299999999991e-06
-7.341433099999999713e-07
-1.059279099999999984e-07
2.928486500000000049e-07
-1.643015199999999904e-07
-6.666876099999999769e-06
-3.080942900000000287e-05
-7.693066000000000249e-05
-1.257184800000000113e-04
-1.434612799999999933e-04
-1.055143800000000060e-04
-1.559898499999999986e-05
1.005798799999999942e-04
2.072036400000000056e-04
2.728992199999999923e-04
2.811631999999999782e-04
2.345373900000000079e-04
1.514554599999999975e-04
5.648780600000000125e-05
-2.899798100000000055e-05
-9.508838800000000307e-05
-1.397288100000000036e-04
-1.671506599999999891e-04
-1.814196499999999970e-04
-1.840934200000000031e-04
-1.789608000000000095e-04
-1.777366800000000006e-04
-2.042697400000000030e-04
-2.852421900000000040e-04
-3.810767199999999912e-04
-3.338385399999999948e-04
-4.306321400000000298e-05
4.543218900000000108e-04
9.556424799999999617e-04
1.236796600000000064e-03
1.173163000000000070e-03
7.871231999999999925e-04
2.028608199999999955e-04
-3.959836700000000129e-04
-8.533320699999999859e-04
-1.072441400000000069e-03
-1.030211700000000083e-03
-8.079309100000000481e-04
-5.150447899999999711e-04
-2.429392400000000027e-04
-4.937603999999999897e-05
5.008296199999999742e-05
7.240933000000000016e-05
7.136951699999999474e-05
9.397811800000000328e-05
1.450867100000000087e-04
2.013232599999999878e-04
2.428481699999999880e-04
2.592162400000000097e-04
2.568702200000000141e-04
2.355527000000000055e-04
2.010073299999999910e-04
1.555267200000000111e-04
1.136932900000000039e-04
7.209365899999999841e-05
4.771354899999999714e-05
4.914093299999999933e-05
7.177297199999999543e-05
9.653465500000000621e-05
1.130225600000000016e-04
1.027380599999999953e-04
5.555579500000000059e-05
-1.032420999999999919e-05
-6.807969400000000169e-05
-1.080476199999999933e-04
-1.229270800000000028e-04
-1.100663099999999941e-04
-8.216983200000000146e-05
-6.655853499999999886e-05
-6.723048399999999563e-05
-8.477433500000000155e-05
-1.067615800000000032e-04
-1.225242099999999956e-04
-1.293419800000000081e-04
-1.397683399999999907e-04
-1.394121400000000093e-04
-1.149751499999999998e-04
-6.139133400000000259e-05
-1.008293399999999930e-05
3.182964199999999919e-05
6.386839400000000357e-05
8.765094699999999989e-05
1.007000099999999954e-04
1.099823900000000053e-04
1.132162700000000001e-04
1.000206499999999992e-04
6.030892700000000176e-05
-5.877774000000000418e-06
-7.803988900000000128e-05
-1.226016899999999947e-04
-1.112538899999999947e-04
-4.415459100000000112e-05
5.068745500000000241e-05
1.278325399999999889e-04
1.601122600000000058e-04
1.505127700000000114e-04
-2.876969299999999847e-11
8.006871400000000529e-09
4.417424499999999773e-08
1.571060300000000070e-07
3.948724199999999788e-07
7.576668600000000258e-07
1.175191399999999920e-06
1.508180700000000100e-06
1.589360800000000082e-06
1.297341999999999945e-06
6.249117699999999641e-07
-3.184255499999999777e-07
-1.349957100000000015e-06
-2.260715500000000124e-06
-2.852709200000000148e-06
-2.958375799999999798e-06
-2.506436500000000105e-06
-1.584500499999999942e-06
-4.134107099999999756e-07
7.486693999999999872e-07
1.689915299999999925e-06
2.271967200000000042e-06
2.420128200000000147e-06
2.109187099999999859e-06
1.382915400000000093e-06
3.733236099999999766e-07
-1.305725199999999985e-06
-7.924900600000000619e-06
-2.285810600000000032e-05
-4.214272199999999905e-05
-4.938807300000000184e-05
-2.969678200000000078e-05
1.751969400000000126e-05
7.747102599999999514e-05
1.285292900000000089e-04
1.545552499999999904e-04
1.508110900000000096e-04
1.213055500000000028e-04
7.397875200000000602e-05
1.597944500000000130e-05
-4.863010500000000084e-05
-1.156417499999999978e-04
-1.790460499999999965e-04
-2.301865100000000032e-04
-2.806532899999999910e-04
-3.946605200000000016e-04
-6.349190600000000420e-04
-9.359196500000000135e-04
-1.006893200000000092e-03
-5.622609499999999720e-04
3.460091000000000208e-04
1.377965600000000080e-03
2.126840000000000067e-03
2.308300399999999811e-03
1.877777900000000052e-03
1.011389599999999896e-03
-6.001632199999999763e-07
-8.723349799999999873e-04
-1.405446799999999921e-03
-1.542288300000000051e-03
-1.358462499999999904e-03
-1.009873899999999981e-03
-5.929116799999999956e-04
-2.115921499999999999e-04
4.857810399999999923e-05
1.607154600000000003e-04
1.675653599999999972e-04
1.131503599999999972e-04
5.498209700000000180e-05
3.144820099999999757e-05
6.150350400000000257e-05
1.258309300000000038e-04
1.941760899999999985e-04
2.381108000000000107e-04
2.317742900000000004e-04
1.890781400000000043e-04
1.329532799999999916e-04
8.063241099999999401e-05
5.243329699999999666e-05
4.444847400000000198e-05
5.052543999999999850e-05
6.108056700000000238e-05
6.515698699999999748e-05
4.474111100000000105e-05
1.077890799999999963e-05
-1.164755399999999924e-05
-3.726904600000000011e-06
3.223613700000000249e-05
6.890769300000000521e-05
7.918602699999999759e-05
4.817794399999999864e-05
-7.933620900000000584e-06
-7.555192000000000559e-05
-1.422646000000000067e-04
-1.820562299999999955e-04
-1.779987499999999973e-04
-1.441133100000000021e-04
-1.001555200000000016e-04
-5.834087300000000191e-05
-2.222880800000000159e-05
4.871202500000000225e-06
1.401829399999999952e-05
1.975617099999999967e-06
-1.551222999999999903e-05
-1.390925600000000044e-05
-2.276115799999999828e-06
1.371191900000000027e-05
3.446369399999999692e-05
6.493967300000000385e-05
1.062106200000000040e-04
1.437598299999999941e-04
1.549759199999999960e-04
1.184777599999999964e-04
3.303823500000000065e-05
-7.924625100000000659e-05
-1.838269499999999968e-04
-2.521765000000000139e-04
-2.557829800000000126e-04
-1.876079799999999954e-04
-6.482821299999999933e-05
7.461700199999999944e-05
1.945659999999999935e-04
2.687988400000000016e-04
2.796537299999999975e-04
2.239580999999999929e-04
1.257678599999999963e-04
2.515391400000000150e-05
-5.862110699999999934e-05
-6.307026200000000428e-11
6.060718999999999572e-08
1.871955599999999962e-07
3.316615299999999847e-07
4.635803200000000219e-07
5.493641499999999569e-07
5.562969099999999862e-07
4.559965000000000162e-07
2.392315200000000135e-07
-8.441952800000000594e-08
-4.881564899999999714e-07
-9.356340400000000117e-07
-1.383963799999999980e-06
-1.785630400000000057e-06
-2.101560299999999903e-06
-2.310820399999999852e-06
-2.405905099999999988e-06
-2.365522800000000173e-06
-2.144578799999999939e-06
-1.687192599999999964e-06
-9.597158500000000010e-07
1.433044599999999984e-08
1.140973199999999940e-06
2.276522300000000144e-06
3.269365899999999956e-06
4.005460299999999581e-06
4.436589900000000218e-06
4.569801499999999788e-06
4.428391499999999900e-06
4.025280600000000168e-06
3.395473400000000002e-06
2.606727000000000072e-06
1.740551600000000091e-06
8.807543399999999627e-07
1.203294500000000095e-07
-4.683272100000000028e-07
-8.582734599999999732e-07
-1.058962200000000041e-06
-1.122334699999999915e-06
-1.132873199999999967e-06
-1.189785899999999912e-06
-1.380822200000000039e-06
-1.721335799999999992e-06
-2.137081600000000003e-06
-2.487240599999999982e-06
-2.596961499999999971e-06
-2.378531899999999855e-06
-1.894877499999999969e-06
-1.300162800000000009e-06
-7.504589800000000169e-07
-3.523212199999999994e-07
-1.558235599999999983e-07
-1.641478099999999942e-07
-3.552497400000000178e-07
-6.904992999999999976e-07
-1.195990300000000034e-06
-1.995218099999999985e-06
-3.045692499999999808e-06
-4.120913200000000246e-06
-4.821850699999999834e-06
-4.722967299999999893e-06
-3.685399800000000022e-06
-1.825027499999999909e-06
4.422618099999999923e-07
2.566849999999999827e-06
4.340192200000000048e-06
5.597603100000000224e-06
6.293148500000000112e-06
6.539958499999999871e-06
6.331224499999999982e-06
5.180105699999999676e-06
3.153358300000000095e-06
9.387955400000000364e-07
-6.280454300000000080e-07
-1.467064399999999929e-06
-1.677131700000000009e-06
-1.370318800000000045e-06
-8.344688099999999520e-07
-8.822983099999999900e-08
9.761605900000000498e-07
2.098202000000000143e-06
3.129064399999999856e-06
4.133277000000000305e-06
4.713869000000000082e-06
4.060017800000000286e-06
1.070659699999999898e-06
-4.697067199999999913e-06
-1.274108199999999979e-05
-2.024768999999999858e-05
-2.377081599999999992e-05
-2.272872200000000163e-05
-1.616885500000000056e-05
2.319513000000000132e-06
3.705079699999999952e-05
8.381254300000000193e-05
1.187928200000000001e-04
9.427645899999999887e-05
5.041674599999999707e-06
-8.578317600000000330e-05
-1.317004699999999950e-04
-1.267994800000000100e-04
-9.190397000000000431e-05
-5.781712899999999841e-05
-3.908900199999999672e-05
-2.186611899999999921e-05
5.761447800000000190e-06
3.390980900000000316e-05
5.300537999999999767e-05
6.041308900000000261e-05
6.363570400000000224e-05
6.663977200000000196e-05
6.547005500000000551e-05
5.552812700000000172e-05
3.081813299999999918e-05
-1.025492600000000015e-05
-5.437770399999999703e-05
-7.920677499999999348e-05
-7.494639200000000273e-05
-5.014518500000000124e-05
-2.011914899999999923e-05
2.146310100000000062e-05
8.148048899999999677e-05
1.378836600000000133e-04
1.616411600000000040e-04
1.457875000000000132e-04
1.007112199999999936e-04
3.294308299999999990e-05
-4.889185899999999975e-05
2.241277200000000078e-10
-3.480853200000000058e-08
-2.872798500000000007e-07
-1.224630999999999897e-06
-3.223378299999999977e-06
-6.076659899999999577e-06
-8.882579299999999328e-06
-1.035104600000000051e-05
-9.292379100000000168e-06
-5.051738800000000409e-06
2.242995600000000087e-06
1.166615500000000045e-05
2.172177600000000031e-05
3.073799500000000249e-05
3.725412599999999738e-05
4.030158499999999947e-05
3.955895599999999815e-05
3.532743800000000056e-05
2.835841099999999949e-05
1.963512200000000130e-05
1.016926599999999968e-05
8.194877700000000515e-07
-7.803776600000000388e-06
-1.532467600000000018e-05
-2.221673499999999931e-05
-4.298966400000000095e-05
-1.028638299999999980e-04
-1.771128199999999974e-04
-2.157726500000000118e-04
-1.980578999999999998e-04
-9.607406299999999427e-05
7.928648700000000510e-05
2.737023199999999846e-04
3.976546799999999913e-04
4.045456400000000145e-04
2.986347899999999746e-04
1.288748799999999935e-04
-5.416787800000000003e-05
-2.231578699999999980e-04
-3.472720399999999806e-04
-4.137691999999999889e-04
-4.617754800000000229e-04
-6.471168399999999935e-04
-8.543710300000000252e-04
-7.449109599999999536e-04
-1.739129000000000065e-04
5.461267299999999787e-04
1.182993700000000044e-03
1.642288999999999902e-03
1.772971300000000024e-03
1.499547900000000036e-03
8.876821800000000290e-04
9.599414799999999421e-05
-6.683771700000000265e-04
-1.227118799999999971e-03
-1.501746499999999937e-03
-1.473040799999999952e-03
-1.226752299999999893e-03
-8.867113599999999589e-04
-5.433709099999999926e-04
-2.189858300000000087e-04
4.667844100000000237e-05
2.015364700000000088e-04
2.756511000000000009e-04
3.177861900000000231e-04
3.605207299999999807e-04
3.792829700000000187e-04
3.966205799999999938e-04
4.210757299999999862e-04
4.350776499999999729e-04
4.171345199999999765e-04
3.677553099999999998e-04
3.023375099999999838e-04
2.257492799999999888e-04
1.103921899999999958e-04
-2.275060399999999960e-05
-1.073519300000000068e-04
-1.071663300000000064e-04
-6.202442799999999853e-05
1.273706400000000027e-05
1.148725200000000031e-04
1.890042700000000003e-04
1.806489600000000086e-04
1.068410300000000046e-04
-1.990469399999999960e-05
-1.715692099999999978e-04
-2.912392299999999969e-04
-3.427026400000000037e-04
-3.342144300000000120e-04
-2.614759200000000097e-04
-1.458485899999999906e-04
-3.286505099999999740e-05
4.632591600000000019e-05
7.086865300000000617e-05
3.838658599999999772e-05
-2.516135499999999959e-05
-8.310082000000000373e-05
-1.181127499999999950e-04
-1.216330299999999944e-04
-1.034903099999999948e-04
-5.982399300000000272e-05
4.366693100000000010e-06
6.631931599999999752e-05
1.061632799999999991e-04
1.157760700000000023e-04
9.387055299999999341e-05
2.830349199999999908e-05
-7.207253700000000617e-05
-1.747301499999999994e-04
-2.415309799999999871e-04
-2.323889599999999977e-04
-1.355704200000000070e-04
2.340758799999999982e-05
2.052860100000000135e-04
3.577632999999999768e-04
4.258870199999999846e-04
3.872072299999999834e-04
2.628210399999999993e-04
8.957161099999999814e-05
-8.599956200000000519e-05
-2.116535800000000011e-04
-2.646409800000000014e-04
-2.481049999999999835e-04
-1.829965299999999906e-04
-9.954353300000000359e-05
-2.616150000000000016e-05
2.543351900000000168e-05
5.610039300000000333e-05
-2.420101999999999859e-11
1.803472199999999975e-08
5.754883800000000264e-08
1.113388199999999975e-07
1.847839499999999994e-07
2.829742699999999768e-07
4.013760600000000128e-07
5.240041099999999606e-07
6.278720900000000343e-07
6.902197200000000390e-07
6.950527500000000429e-07
6.368383100000000406e-07
5.207981599999999477e-07
3.604826300000000204e-07
1.739243200000000122e-07
-2.030364199999999940e-08
-2.061616400000000077e-07
-3.718971399999999899e-07
-5.104887100000000459e-07
-6.190996299999999598e-07
-6.979852799999999962e-07
-7.492721499999999494e-07
-7.759087500000000359e-07
-7.809414000000000528e-07
-7.671375600000000154e-07
-7.368912600000000472e-07
-6.923058400000000338e-07
-6.353481400000000108e-07
-5.679938599999999657e-07
-4.923173600000000094e-07
-4.105121400000000217e-07
-3.248512199999999791e-07
-2.376092099999999879e-07
-1.509703099999999942e-07
-6.694261900000000027e-08
1.270850800000000018e-08
8.650235400000000294e-08
1.532619799999999931e-07
2.121741600000000026e-07
2.629355700000000212e-07
3.068122700000000080e-07
3.462166599999999934e-07
3.913919599999999757e-07
4.766663199999999844e-07
5.883241400000000524e-07
6.112232500000000267e-07
3.905305099999999875e-07
-1.078115099999999955e-07
-7.699884499999999640e-07
-1.440751099999999894e-06
-2.001924999999999895e-06
-2.408832299999999983e-06
-2.641246300000000042e-06
-2.616195600000000173e-06
-2.200796299999999880e-06
-1.283868400000000040e-06
1.871660799999999956e-07
2.007275100000000131e-06
3.534015499999999859e-06
4.808242500000000407e-06
6.246577599999999680e-06
7.766035300000000418e-06
8.979417200000000510e-06
9.745636100000000426e-06
1.007126200000000068e-05
9.649755500000000279e-06
8.214876300000000751e-06
5.882535199999999792e-06
3.230891800000000172e-06
9.397231099999999524e-07
-9.827799400000000104e-07
-2.729993700000000137e-06
-4.110434299999999976e-06
-5.368843400000000050e-06
-6.792810799999999788e-06
-8.188473200000000651e-06
-9.333030600000000298e-06
-1.000732400000000055e-05
-1.029531399999999946e-05
-1.068176600000000028e-05
-1.153330300000000005e-05
-1.281333599999999993e-05
-1.433533899999999980e-05
-1.681881699999999879e-05
-2.185921500000000006e-05
-2.669913499999999895e-05
-2.664627299999999878e-05
-1.797182399999999858e-05
-1.175484900000000081e-06
1.794551099999999963e-05
3.544691099999999778e-05
4.846283899999999958e-05
5.462829300000000094e-05
5.192095900000000096e-05
3.694225900000000154e-05
8.693128899999999208e-06
-2.270283100000000036e-05
-4.821963200000000250e-05
-6.708439100000000645e-05
-6.768818800000000070e-05
-3.962237300000000147e-05
1.329712400000000037e-06
2.326347699999999885e-05
3.040487499999999915e-05
3.456490499999999869e-05
2.615060099999999937e-05
1.676425500000000167e-05
1.864743300000000067e-05
3.474769300000000023e-05
4.983432699999999874e-05
4.968717999999999952e-05
3.523038499999999964e-05
1.021917299999999981e-05
-2.400255699999999856e-05
-5.975168799999999969e-05
-8.007093500000000183e-05
-6.576358799999999544e-05
-2.265669700000000125e-05
3.285445400000000282e-05
7.323077600000000469e-05
7.499202000000000439e-05
3.983519899999999827e-05
-7.844927900000000042e-06
-3.273852899999999766e-05
-2.578130699999999910e-05
-1.551472199999999921e-05
-2.898827099999999891e-05
-5.074824999999999985e-05
