-1.208043799999999942e-11
1.131043899999999935e-08
3.321959399999999864e-08
5.202568599999999797e-08
6.015992499999999665e-08
5.570865200000000099e-08
4.091717599999999825e-08
2.028334500000000116e-08
-1.230729100000000074e-09
-1.951354499999999912e-08
-3.200386400000000288e-08
-3.781848200000000299e-08
-3.746788399999999783e-08
-3.236035699999999792e-08
-2.427534699999999877e-08
-1.493176900000000012e-08
-5.711954000000000353e-09
2.454149999999999844e-09
9.077119499999999200e-09
1.401744399999999997e-08
1.736441800000000008e-08
1.932145999999999916e-08
2.011937900000000140e-08
1.996467100000000144e-08
1.901937199999999924e-08
1.740333400000000098e-08
1.520832999999999891e-08
1.251496199999999937e-08
9.406368800000000089e-09
5.975887899999999877e-09
2.328498000000000162e-09
-1.422557400000000099e-09
-5.161866599999999828e-09
-8.778649499999999506e-09
-1.217275299999999989e-08
-1.525899299999999895e-08
-1.796958500000000149e-08
-2.025486599999999870e-08
-2.208269100000000071e-08
-2.343700699999999895e-08
-2.431599699999999986e-08
-2.473010600000000112e-08
-2.470013399999999919e-08
-2.425545099999999931e-08
-2.343236599999999853e-08
-2.227260600000000046e-08
-2.082188699999999982e-08
-1.912854299999999868e-08
-1.724223499999999862e-08
-1.521272900000000160e-08
-1.308876500000000014e-08
-1.091705100000000079e-08
-8.741395400000000628e-09
-6.601987300000000244e-09
-4.534841499999999679e-09
-2.571400300000000129e-09
-7.382853800000000382e-10
9.428098999999999415e-10
2.455104700000000186e-09
3.786587800000000385e-09
4.929365399999999679e-09
5.881259899999999985e-09
6.960375899999999839e-09
1.126750499999999975e-08
2.997586800000000082e-08
8.112014899999999898e-08
-3.653720200000000140e-09
-9.858546100000000502e-07
-3.770710600000000079e-06
-7.720257200000000186e-06
-9.113061100000000812e-06
-5.347783699999999598e-06
2.000752500000000035e-06
1.173106199999999959e-05
2.112722000000000132e-05
2.634707800000000036e-05
2.574965499999999868e-05
1.934374300000000010e-05
8.574368700000000826e-06
-3.651637400000000045e-06
-1.404120099999999974e-05
-1.938110799999999835e-05
-2.029670299999999987e-05
-1.847691300000000149e-05
-1.509750900000000033e-05
-1.118397799999999980e-05
-8.054833999999999188e-06
-5.774079799999999902e-06
-4.233521799999999667e-06
-2.472239200000000130e-06
6.792889400000000094e-07
5.008958800000000287e-06
9.095403099999999159e-06
1.189083000000000013e-05
1.192554100000000007e-05
7.971174699999999296e-06
-7.213984900000000161e-07
-1.711417799999999937e-05
-4.309380299999999883e-05
-6.735013499999999988e-05
-7.428408600000000427e-05
-5.730026700000000065e-05
-2.024645500000000028e-05
3.054795500000000321e-05
8.059167500000000118e-05
1.132433199999999951e-04
1.253986399999999985e-04
1.193875599999999991e-04
9.493808800000000554e-05
5.535953399999999708e-05
1.413841499999999938e-05
-2.315773399999999989e-05
-5.733880599999999699e-05
-8.824832999999999538e-05
-1.095046700000000067e-04
-1.198162299999999951e-04
-1.175036399999999936e-04
-9.693958300000000289e-05
-5.904982199999999850e-05
-1.340779899999999953e-05
2.765550400000000070e-05
5.367201900000000245e-05
5.914723600000000028e-05
4.960778099999999761e-05
3.280696599999999980e-05
1.696176799999999992e-05
7.022848699999999966e-06
4.861072099999999940e-06
-4.988378900000000289e-11
1.371529000000000052e-08
7.601272500000000212e-08
2.741711399999999789e-07
6.927486599999999626e-07
1.300925799999999895e-06
1.937655400000000096e-06
2.380709300000000202e-06
2.439535400000000194e-06
2.001540000000000068e-06
1.066410599999999984e-06
-2.014484299999999898e-07
-1.568870699999999937e-06
-2.879029500000000164e-06
-4.073187300000000330e-06
-5.153563300000000369e-06
-6.170770700000000296e-06
-7.197480500000000113e-06
-8.218639199999999440e-06
-9.083577199999999188e-06
-9.573710899999999648e-06
-9.413149999999999821e-06
-8.312391700000000200e-06
-6.115002600000000012e-06
-2.902898000000000137e-06
9.856465199999999114e-07
5.086864100000000166e-06
8.940439999999999396e-06
1.215437899999999925e-05
1.444809799999999931e-05
1.571229600000000106e-05
1.606675900000000126e-05
1.576817500000000086e-05
1.509544900000000022e-05
1.421592200000000074e-05
1.316406800000000069e-05
1.183437400000000027e-05
1.000656000000000063e-05
7.456746900000000413e-06
4.115087000000000061e-06
1.656306899999999964e-07
-3.985589599999999975e-06
-7.864668100000000176e-06
-1.107536200000000009e-05
-1.337922999999999929e-05
-1.466762500000000003e-05
-1.495072600000000015e-05
-1.435425699999999981e-05
-1.307367299999999933e-05
-1.134611699999999950e-05
-9.411638500000000132e-06
-7.478076800000000149e-06
-5.670935000000000110e-06
-4.041206900000000415e-06
-3.594045400000000174e-06
-8.472430600000000441e-06
-2.301716999999999836e-05
-4.102698999999999799e-05
-4.605532599999999707e-05
-3.337044799999999950e-05
-6.428978100000000374e-06
2.987184500000000063e-05
6.430458600000000266e-05
8.271080200000000655e-05
8.218483600000000481e-05
6.756557500000000065e-05
4.541003999999999662e-05
2.227170100000000166e-05
5.372539199999999703e-06
-4.565031499999999832e-06
-1.091436100000000004e-05
-1.533639899999999831e-05
-1.836176700000000068e-05
-2.082305199999999926e-05
-2.157057999999999838e-05
-1.999000799999999856e-05
-1.782701100000000068e-05
-1.737765500000000159e-05
-1.970313400000000081e-05
-2.481657099999999954e-05
-3.121854399999999971e-05
-3.763675300000000337e-05
-4.271247699999999848e-05
-4.871213800000000134e-05
-6.780586099999999397e-05
-1.057721500000000000e-04
-1.279096100000000000e-04
-1.030827900000000011e-04
-3.045007800000000157e-05
7.090753499999999398e-05
1.837813900000000080e-04
2.782744299999999750e-04
3.150051899999999831e-04
2.915678000000000106e-04
2.139546700000000113e-04
9.453707999999999849e-05
-3.149233300000000028e-05
-1.325522300000000033e-04
-2.127568999999999890e-04
-2.722008299999999930e-04
-2.888750899999999807e-04
-2.470926000000000134e-04
-1.642043499999999994e-04
-7.310415899999999831e-05
-1.919229799999999871e-06
4.242578500000000193e-05
5.685398300000000165e-05
5.111357000000000265e-05
4.310370800000000056e-05
4.255510000000000190e-05
4.771135500000000222e-05
5.456427399999999752e-05
6.454012999999999764e-05
7.901626800000000354e-05
9.465730100000000196e-05
1.074908000000000043e-04
1.198416299999999966e-04
1.273525300000000063e-04
1.104569900000000024e-04
5.642298400000000128e-05
-2.368248799999999950e-05
-1.059406699999999982e-04
-1.675253100000000008e-04
-1.962267899999999888e-04
-1.811684400000000011e-04
-1.268168800000000075e-04
-6.664882499999999965e-05
-2.060683699999999848e-05
8.687584700000000154e-11
-4.875787599999999910e-08
-1.843557699999999994e-07
-4.711014799999999985e-07
-9.984069799999999552e-07
-1.759018100000000027e-06
-2.614806600000000160e-06
-3.306761599999999873e-06
-3.519663600000000042e-06
-2.981108599999999995e-06
-1.576952000000000051e-06
5.384713700000000234e-07
2.893405700000000038e-06
4.809786499999999829e-06
5.721695599999999917e-06
5.371800800000000327e-06
3.960522299999999606e-06
2.075162300000000093e-06
3.488221100000000003e-07
-8.307868199999999954e-07
-1.450155100000000076e-06
-1.748071899999999966e-06
-2.062575300000000140e-06
-2.637144999999999888e-06
-3.404524199999999878e-06
-4.003704100000000358e-06
-4.135650199999999830e-06
-3.787827299999999898e-06
-3.150870900000000085e-06
-2.439770699999999934e-06
-1.730985499999999946e-06
-9.301864700000000526e-07
3.474436199999999955e-08
1.081466099999999996e-06
2.227088799999999849e-06
3.601963099999999964e-06
5.284155600000000037e-06
7.261381799999999677e-06
9.387159000000000022e-06
1.141622699999999975e-05
1.315186400000000009e-05
1.461894900000000063e-05
1.607129900000000037e-05
1.770059899999999848e-05
1.931186899999999906e-05
2.036721700000000026e-05
2.021307800000000116e-05
1.823344199999999882e-05
1.409664300000000082e-05
7.921722300000000745e-06
1.541579199999999974e-07
-8.604405500000000199e-06
-1.764037699999999843e-05
-2.613377399999999926e-05
-3.324151900000000214e-05
-3.824529499999999751e-05
-4.073790799999999689e-05
-4.077925899999999885e-05
-3.908080199999999907e-05
-3.765756399999999824e-05
-3.943038699999999887e-05
-4.306723599999999838e-05
-4.370337400000000127e-05
-3.859690200000000189e-05
-2.742986099999999972e-05
-9.904910699999999241e-06
1.087891699999999998e-05
3.036366699999999837e-05
4.503711499999999714e-05
5.231626000000000315e-05
5.158420300000000143e-05
4.556690499999999940e-05
3.768395299999999844e-05
3.031671999999999864e-05
2.422707899999999973e-05
1.739981500000000004e-05
1.086285199999999931e-05
7.034118899999999654e-06
3.313176000000000074e-06
-1.031415399999999944e-06
-3.114081100000000016e-06
-3.894374900000000362e-06
-4.112747399999999599e-06
-4.141228899999999642e-06
-2.680679500000000191e-06
9.068846899999999979e-07
4.686460999999999920e-06
4.747894200000000028e-06
-3.538381199999999857e-06
-2.821787199999999972e-05
-7.051772200000000436e-05
-1.111571100000000007e-04
-1.114202600000000051e-04
-5.996426300000000332e-05
2.538578499999999906e-05
1.244883900000000050e-04
2.258603200000000046e-04
2.999130599999999904e-04
3.038525700000000167e-04
2.244703599999999953e-04
8.646815699999999558e-05
-7.769389500000000468e-05
-2.346074300000000016e-04
-3.403549599999999733e-04
-3.645922000000000225e-04
-3.150264800000000223e-04
-2.210666600000000062e-04
-1.054796900000000052e-04
9.518041799999999345e-06
1.019301300000000039e-04
1.574302000000000026e-04
1.730788300000000025e-04
1.458237600000000019e-04
9.154515600000000535e-05
4.002846799999999712e-05
1.571624699999999937e-06
-1.839335999999999968e-05
-9.251955200000000644e-06
1.656352199999999838e-05
3.586082599999999837e-05
4.399521099999999859e-05
4.800288699999999853e-05
4.356846800000000049e-05
2.463602000000000066e-05
-5.105067300000000012e-06
-2.843884200000000110e-05
-3.258802599999999813e-05
-2.501352399999999927e-05
5.191051399999999777e-12
-1.803158699999999964e-08
-4.254474199999999862e-08
-2.535579199999999875e-08
5.906862000000000235e-08
1.952065600000000009e-07
3.394023099999999969e-07
4.201233100000000221e-07
3.423864600000000072e-07
3.988280500000000122e-08
-4.660474799999999851e-07
-1.070585500000000094e-06
-1.631137999999999925e-06
-1.996343799999999909e-06
-2.048042799999999954e-06
-1.764809700000000062e-06
-1.233624399999999925e-06
-5.809236100000000091e-07
8.207376999999999709e-08
6.863831600000000106e-07
1.223372199999999962e-06
1.704132699999999948e-06
2.094499000000000205e-06
2.322909400000000034e-06
2.329852400000000045e-06
2.100712099999999910e-06
1.691814600000000070e-06
1.221479100000000073e-06
8.179340300000000266e-07
5.428918999999999698e-07
3.919226899999999954e-07
5.494513099999999742e-07
3.280718699999999849e-06
1.414609100000000035e-05
3.741537400000000319e-05
6.741140299999999789e-05
8.936033400000000535e-05
8.753598299999999690e-05
5.730229300000000279e-05
4.993865399999999589e-06
-5.618992599999999996e-05
-1.122396800000000007e-04
-1.504406799999999963e-04
-1.611042499999999983e-04
-1.412451499999999905e-04
-9.934454699999999919e-05
-5.100209799999999864e-05
-9.413876000000000803e-06
2.017111399999999900e-05
3.937702899999999856e-05
5.310730899999999681e-05
6.409853100000000112e-05
7.076117299999999547e-05
4.526396400000000050e-05
-5.785478899999999696e-05
-2.698911599999999789e-04
-5.178057000000000016e-04
-6.267512000000000040e-04
-4.452580899999999909e-04
3.258945899999999893e-06
5.465681200000000513e-04
9.763656700000000136e-04
1.160784300000000093e-03
1.071282800000000063e-03
7.709695299999999802e-04
3.809964299999999988e-04
2.670417499999999916e-05
-2.254035499999999944e-04
-3.936594299999999959e-04
-5.063508799999999824e-04
-5.667845300000000234e-04
-5.728490100000000178e-04
-5.311266899999999907e-04
-4.543805100000000187e-04
-3.528510500000000172e-04
-2.347548800000000030e-04
-9.218306500000000609e-05
7.668914299999999489e-05
2.185484399999999990e-04
2.679871599999999782e-04
2.087296399999999906e-04
6.045097300000000056e-05
-1.222050100000000004e-04
-2.496779900000000167e-04
-2.789816999999999991e-04
-2.105777999999999882e-04
-8.152955800000000468e-05
5.559330200000000064e-05
1.501518900000000007e-04
1.981099000000000054e-04
2.098372499999999940e-04
1.928162500000000091e-04
1.572834800000000115e-04
1.092878600000000050e-04
7.990278599999999843e-05
6.035672499999999936e-05
4.180655999999999771e-05
1.993083899999999900e-05
9.808284899999999615e-06
8.811194399999999611e-06
1.384163899999999977e-05
2.933235500000000082e-05
5.880862399999999695e-05
9.827764799999999361e-05
1.371874100000000012e-04
1.502681900000000050e-04
1.250523000000000021e-04
6.719464800000000677e-05
-3.348494200000000243e-07
-7.518698400000000661e-05
-1.536378299999999967e-04
-2.037960500000000018e-04
-2.074073599999999996e-04
-1.745675500000000088e-04
-1.252340200000000021e-04
-7.787048899999999575e-05
-4.504727799999999795e-05
-2.747701200000000085e-05
-2.576732399999999873e-05
-2.513412499999999883e-05
-6.088288999999999706e-06
2.777106199999999849e-05
5.472368499999999815e-05
5.992656300000000197e-05
4.184009100000000151e-05
1.708817499999999839e-05
6.569816299999999598e-06
9.447410500000000779e-06
2.283156099999999988e-11
2.445094999999999899e-08
2.930781099999999943e-08
-1.314220499999999933e-07
-5.663754499999999790e-07
-1.241605199999999911e-06
-1.963528699999999844e-06
-2.440924400000000207e-06
-2.384045100000000082e-06
-1.612240899999999919e-06
-1.293340000000000118e-07
1.871545299999999997e-06
4.078184099999999686e-06
6.157035799999999934e-06
7.799641199999999357e-06
8.751085200000000475e-06
8.863912500000000830e-06
8.131651599999999345e-06
6.682729099999999666e-06
4.732263399999999785e-06
2.510253800000000042e-06
2.044331300000000099e-07
-2.037675699999999932e-06
-4.063033499999999865e-06
-5.729543900000000375e-06
-6.957848699999999742e-06
-7.214381500000000139e-06
-2.181344000000000134e-06
1.401232700000000019e-05
4.334808400000000217e-05
7.483640699999999975e-05
9.169995600000000596e-05
8.014809200000000411e-05
3.772216199999999881e-05
-2.537033399999999968e-05
-9.123922799999999536e-05
-1.429064999999999979e-04
-1.685870700000000088e-04
-1.646273000000000018e-04
-1.331359499999999903e-04
-7.944051999999999407e-05
-1.336410599999999940e-05
4.815131099999999764e-05
8.262353699999999376e-05
3.067363600000000239e-05
-1.645866800000000062e-04
-5.198842199999999594e-04
-8.822670199999999756e-04
-9.191776999999999934e-04
-4.536673299999999741e-04
3.825916799999999900e-04
1.251360100000000006e-03
1.800534099999999936e-03
1.860658000000000060e-03
1.468349299999999972e-03
7.979109799999999694e-04
7.166937899999999779e-05
-5.201362299999999841e-04
-8.907543200000000256e-04
-1.036392799999999968e-03
-9.990916499999999163e-04
-8.425007100000000233e-04
-6.190119699999999591e-04
-3.734312099999999974e-04
-1.547119900000000047e-04
1.444545600000000049e-05
1.146995600000000061e-04
1.347359999999999921e-04
1.024563300000000057e-04
5.285268200000000044e-05
-1.051506699999999964e-06
-4.746825100000000015e-05
-7.345773299999999663e-05
-9.119896899999999388e-05
-1.113286599999999940e-04
-1.119769299999999972e-04
-7.712327700000000451e-05
-7.498041099999999840e-07
1.134476899999999939e-04
2.317086699999999907e-04
3.228997200000000229e-04
3.603981799999999864e-04
3.111874000000000150e-04
1.860949100000000068e-04
4.140590099999999881e-05
-6.322250100000000267e-05
-8.862463399999999814e-05
-4.239180200000000176e-05
3.804682600000000082e-05
1.114449900000000004e-04
1.450928500000000045e-04
1.298347899999999916e-04
8.160434900000000137e-05
2.104069499999999964e-05
-4.077025799999999667e-05
-9.887762799999999324e-05
-1.517914899999999909e-04
-1.881846899999999934e-04
-1.968479299999999915e-04
-1.758378400000000085e-04
-1.263826099999999992e-04
-6.307519099999999747e-05
-6.276985199999999887e-06
3.437987900000000186e-05
5.742051999999999822e-05
7.120257699999999867e-05
7.990943300000000128e-05
7.681785999999999909e-05
5.598923299999999947e-05
2.458936200000000149e-05
1.222653499999999891e-07
-1.041584300000000001e-08
2.556735200000000057e-05
5.094347700000000149e-05
4.386502599999999875e-05
-1.678993599999999842e-05
-1.180915700000000041e-04
-2.244911299999999982e-04
-2.819610800000000119e-04
-2.574834500000000191e-04
-1.519003699999999912e-04
1.230514400000000051e-06
1.557220599999999881e-04
2.655614000000000152e-04
2.984806799999999952e-04
2.506218099999999870e-04
1.553335900000000125e-04
5.034600399999999970e-05
-1.176435300000000025e-10
6.726940599999999546e-08
2.533197100000000014e-07
6.306500000000000521e-07
1.266470400000000059e-06
2.067052199999999904e-06
2.738889000000000061e-06
2.882277099999999855e-06
2.168542199999999842e-06
4.983194000000000252e-07
-1.945052399999999934e-06
-4.783321000000000378e-06
-7.569212199999999669e-06
-9.857994099999999664e-06
-1.125641399999999946e-05
-1.148852500000000026e-05
-1.046601000000000011e-05
-8.306930000000000442e-06
-5.302609400000000067e-06
-1.864788399999999977e-06
1.567145500000000088e-06
4.631015300000000235e-06
7.105855000000000256e-06
8.906229200000000424e-06
1.003724500000000083e-05
1.057068300000000045e-05
1.062153399999999953e-05
1.031453500000000000e-05
9.771639299999999588e-06
9.078578299999999414e-06
8.275001800000000146e-06
7.370394399999999785e-06
6.341818699999999645e-06
5.166609300000000074e-06
3.872750699999999892e-06
2.545966900000000057e-06
1.300226900000000021e-06
2.235289900000000061e-07
-6.562020399999999485e-07
-1.345994299999999979e-06
-1.847351799999999947e-06
-2.152242800000000159e-06
-2.249082399999999885e-06
-2.175550699999999862e-06
-2.031949499999999967e-06
-1.923290099999999951e-06
-1.927079599999999841e-06
-2.106616099999999829e-06
-2.496774600000000152e-06
-3.071966400000000069e-06
-3.761554100000000059e-06
-4.464722700000000397e-06
-5.068212899999999811e-06
-5.500485900000000204e-06
-5.659162899999999634e-06
-5.234856199999999992e-06
-3.979329599999999970e-06
-2.182406200000000105e-06
-1.430965000000000029e-06
-2.931872500000000024e-06
-6.482108799999999896e-06
-1.091046000000000057e-05
-1.483541600000000074e-05
-1.752741800000000018e-05
-1.819839000000000111e-05
-1.609126099999999955e-05
-1.139476600000000006e-05
-5.675310400000000143e-06
-2.889903000000000252e-07
4.889111500000000124e-06
9.820715799999999557e-06
1.308517400000000022e-05
1.434769900000000047e-05
1.646939500000000158e-05
2.104187600000000026e-05
2.619572700000000114e-05
2.844730899999999913e-05
2.541898099999999975e-05
1.760775700000000008e-05
7.558817699999999781e-06
-1.577764000000000019e-06
-5.168903899999999929e-06
1.807421600000000054e-06
2.332625400000000145e-05
5.627269800000000202e-05
8.563977600000000057e-05
8.450692300000000527e-05
3.811253500000000050e-05
-4.908452099999999815e-05
-1.571150999999999960e-04
-2.538066899999999828e-04
-3.051354300000000148e-04
-2.849811100000000088e-04
-1.882143900000000111e-04
-3.544493199999999757e-05
1.399088299999999931e-04
3.004509600000000247e-04
3.968724199999999931e-04
3.929791299999999747e-04
2.975388600000000022e-04
1.590820600000000102e-04
2.708717499999999871e-05
-7.511688900000000233e-05
-1.468192000000000054e-04
-1.909683199999999870e-04
-2.073878799999999921e-04
-1.969681700000000004e-04
-1.626772699999999930e-04
-1.107153599999999977e-04
-4.595037900000000229e-05
1.652659500000000164e-05
5.788374600000000198e-05
7.002546699999999868e-05
6.212843799999999688e-05
5.238122399999999815e-05
4.599541700000000334e-05
3.892514800000000240e-05
3.061834099999999667e-05
2.259666000000000059e-05
1.003638200000000009e-05
-5.423176499999999897e-06
-6.233230300000000107e-06
7.257485499999999888e-06
2.072645900000000003e-05
1.893345699999999995e-05
-1.934984000000000090e-06
-3.113163800000000255e-05
-6.141199600000000331e-05
4.072513299999999947e-10
1.279053699999999983e-07
-1.237453999999999958e-07
-2.261051699999999960e-06
-7.370507199999999850e-06
-1.478631800000000028e-05
-2.186345100000000095e-05
-2.488250299999999923e-05
-2.048436099999999989e-05
-6.983032399999999682e-06
1.493866199999999917e-05
4.233823400000000031e-05
7.078862499999999684e-05
9.549262899999999370e-05
1.123908999999999949e-04
1.189606899999999935e-04
1.145226300000000023e-04
1.000801099999999982e-04
7.785916399999999633e-05
5.073390400000000322e-05
2.164661700000000024e-05
-6.857580899999999956e-06
-3.289513100000000101e-05
-5.529049099999999728e-05
-7.393669099999999504e-05
-9.841226500000000398e-05
-1.496356600000000052e-04
-2.183888299999999871e-04
-2.755309900000000147e-04
-2.991310299999999948e-04
-2.607391799999999975e-04
-1.540944900000000128e-04
-1.295113999999999981e-05
1.104526399999999962e-04
1.755284399999999941e-04
1.766108600000000108e-04
1.262248099999999920e-04
4.684814800000000092e-05
-3.998262699999999953e-05
-1.069771900000000023e-04
-1.464191399999999915e-04
-1.398823300000000096e-04
-1.033134499999999959e-04
2.655378999999999907e-05
2.418715900000000028e-04
4.656036499999999852e-04
5.553672600000000154e-04
4.804808300000000250e-04
2.772974199999999733e-04
-1.558055299999999929e-05
-3.049121200000000191e-04
-5.117976500000000380e-04
-6.128576199999999797e-04
-5.928969199999999931e-04
-4.552121899999999775e-04
-2.656733599999999869e-04
-1.063659199999999989e-04
-1.590055599999999867e-08
3.530894699999999857e-05
3.455558499999999723e-05
6.979237500000000447e-05
1.620949000000000055e-04
2.779670500000000206e-04
3.603005900000000035e-04
4.005953500000000202e-04
3.768308600000000149e-04
3.207159799999999956e-04
2.350649499999999965e-04
1.240500800000000122e-04
2.700742199999999846e-05
-2.590324399999999997e-05
-3.699949599999999945e-05
-1.766470699999999960e-06
7.196234900000000119e-05
1.400275599999999912e-04
1.823542900000000026e-04
2.055678000000000073e-04
2.003869100000000116e-04
1.416537999999999955e-04
4.358881100000000194e-05
-6.233556099999999994e-05
-1.703431100000000131e-04
-2.454253000000000099e-04
-2.853968600000000226e-04
-3.004814100000000000e-04
-2.954940299999999753e-04
-2.613853900000000056e-04
-2.099187900000000061e-04
-1.535952200000000110e-04
-1.055998999999999984e-04
-6.762536499999999555e-05
-3.372010400000000020e-05
4.476041400000000258e-06
4.772738199999999718e-05
9.453694099999999825e-05
1.154395099999999989e-04
9.848154400000000267e-05
6.743493400000000009e-05
2.907519100000000112e-05
-1.437613400000000082e-05
-5.329022899999999945e-05
-7.381190399999999470e-05
-6.610908599999999529e-05
-4.548659100000000124e-05
-2.857253900000000132e-05
-1.201674900000000037e-05
5.803415300000000225e-06
1.799791799999999847e-05
3.276466199999999757e-05
4.568876699999999840e-05
4.907830899999999862e-05
3.235084799999999997e-05
3.448224399999999863e-06
-1.995034299999999867e-05
-2.086588100000000094e-05
1.485413399999999904e-06
3.470552700000000224e-05
6.165253800000000369e-05
6.761863800000000066e-05
4.442395599999999985e-05
-7.470199299999999647e-06
-7.221766299999999683e-05
-1.148931599999999969e-04
-9.541855399999999560e-05
-1.171044700000000081e-05
1.056069100000000009e-04
1.994396000000000005e-04
2.216584200000000135e-04
8.953028300000000402e-14
6.777441099999999593e-11
4.911999300000000315e-11
-6.223423600000000115e-10
-2.571055499999999818e-09
-6.080423599999999885e-09
-1.087065400000000075e-08
-1.614952099999999854e-08
-2.086446199999999912e-08
-2.401920500000000071e-08
-2.493176599999999937e-08
-2.336479699999999926e-08
-1.951903599999999918e-08
-1.392418199999999959e-08
-7.280767600000000346e-09
-3.043013399999999967e-10
6.392826299999999791e-09
1.236636000000000030e-08
1.735434599999999888e-08
2.125385700000000034e-08
2.407779800000000073e-08
2.590780099999999889e-08
2.685440999999999847e-08
2.703006599999999904e-08
2.653543599999999907e-08
2.545640499999999984e-08
2.386762799999999959e-08
2.183863300000000002e-08
1.943943200000000162e-08
1.674395499999999980e-08
1.383081299999999985e-08
1.078179599999999969e-08
7.678934599999999474e-09
4.601056599999999983e-09
1.620588899999999944e-09
-1.198907700000000041e-09
-3.804380700000000273e-09
-6.153963399999999962e-09
-8.170138599999999218e-09
-9.577219300000000749e-09
-1.528688599999999990e-08
-4.146129199999999695e-08
-1.001925199999999951e-07
-1.850439000000000070e-07
-3.131189599999999736e-07
-5.022192499999999858e-07
-7.226139199999999625e-07
-8.447090500000000461e-07
-6.951509700000000521e-07
-1.811910499999999938e-07
6.497369399999999576e-07
1.623006599999999974e-06
2.510429400000000061e-06
3.131476499999999884e-06
3.381161599999999957e-06
3.238584399999999953e-06
2.755301500000000050e-06
2.202895000000000192e-06
2.605506799999999975e-06
3.532584200000000139e-06
3.454136200000000124e-06
1.911082100000000084e-06
-6.540451499999999927e-07
-4.203791600000000329e-06
-8.330613299999999876e-06
-1.222114599999999976e-05
-1.517733099999999931e-05
-1.675501499999999903e-05
-1.693975900000000120e-05
-1.580581899999999897e-05
-1.299398099999999928e-05
-8.229431700000000574e-06
-2.414094999999999966e-06
3.893451200000000085e-06
1.038762299999999987e-05
1.635310199999999981e-05
2.036330899999999996e-05
2.165183299999999853e-05
2.000800200000000102e-05
1.646097999999999905e-05
1.280947299999999939e-05
1.030448700000000047e-05
9.697978800000000329e-06
1.325654999999999931e-05
2.797099599999999941e-05
4.876412999999999825e-05
6.189974299999999720e-05
4.887797699999999899e-05
4.479661300000000295e-06
-5.617948600000000146e-05
-1.166548200000000013e-04
-1.659134700000000010e-04
-1.934998400000000030e-04
-1.857323300000000127e-04
-1.262619499999999880e-04
-1.701880000000000043e-05
1.126833800000000046e-04
2.231728600000000031e-04
2.705990400000000051e-04
2.403031500000000033e-04
1.657797499999999979e-04
8.312904600000000234e-05
5.770335999999999770e-06
-5.204005500000000026e-05
-7.954383299999999923e-05
-8.965978099999999970e-05
-9.001636699999999731e-05
-7.923059099999999529e-05
-5.698287700000000334e-05
-3.454669400000000273e-05
-2.295421100000000133e-05
-2.163560400000000096e-05
-2.639206499999999852e-05
-4.360523599999999899e-05
-8.095868900000000457e-05
-1.158596399999999938e-04
-1.113927400000000044e-04
-6.411004100000000671e-05
2.867734800000000118e-06
7.002397099999999974e-05
1.152098899999999955e-04
1.287738199999999983e-04
1.275198200000000133e-04
1.224965800000000007e-04
1.139967199999999937e-04
9.733835000000000631e-05
6.491181400000000247e-05
1.688949399999999839e-05
