5.38945528e-06
5.76390347e-06
4.01023637e-06
1.51120615e-06
-4.06202631e-07
-1.23164683e-06
-1.34553241e-06
-1.36420455e-06
-1.45585120e-06
-1.34513659e-06
-7.99795275e-07
1.24612880e-07
1.13330341e-06
1.82541491e-06
1.80658638e-06
9.78638779e-07
-2.99213126e-07
-1.38008316e-06
-1.62952672e-06
-1.27435034e-06
-1.22744438e-05
-8.73557054e-05
-1.71578205e-04
-7.17492171e-06
3.94963585e-04
7.20733829e-04
5.61532060e-04
-2.24002480e-04
-1.15869013e-03
-1.56315858e-03
-1.07549133e-03
6.51928886e-05
1.22000075e-03
1.76115224e-03
1.53885667e-03
8.87539779e-04
1.55199125e-04
-6.13117758e-04
-1.44346819e-03
-2.03379204e-03
-1.91544734e-03
-8.93090855e-04
6.78064864e-04
1.96558085e-03
2.31392447e-03
1.63752855e-03
3.84949719e-04
-7.49676477e-04
-1.29649895e-03
-1.18953721e-03
-7.60423695e-04
-4.07454319e-04
-2.55401748e-04
-1.36412930e-04
1.68322314e-04
6.86722690e-04
1.09686525e-03
1.02787034e-03
4.67345997e-04
-2.49082106e-04
-6.95617524e-04
-6.68186205e-04
-3.16227553e-04
-5.84667904e-06
7.11941222e-05
-7.51286481e-05
-2.44773592e-04
-2.28421857e-04
-3.75428136e-05
2.34781521e-04
5.25015812e-04
6.31639517e-04
3.72369184e-04
-1.54996750e-04
-6.65591125e-04
-8.14295125e-04
-5.07843245e-04
4.39715309e-05
5.04448205e-04
6.44889281e-04
4.89807875e-04
2.16526621e-04
-2.26580396e-05
-1.61068299e-04
-1.70599167e-04
-2.10071170e-04
-3.72044388e-04
-5.19079068e-04
-4.97588237e-04
-2.00096151e-04
2.97089187e-04
7.05126359e-04
8.06493500e-04
5.86180477e-04
1.71209951e-04
-2.66520175e-04
-5.41869118e-04
-5.14591672e-04
-2.13086895e-04
1.48669391e-04
2.62313472e-04
4.97715922e-05
-2.47910619e-04
-3.81428712e-04
-2.81003118e-04
1.37929390e-06
3.02684027e-04
4.32792497e-04
3.44724953e-04
1.67205924e-04
5.15674389e-06
-6.81368043e-05
-4.99206615e-05
1.18986738e-08
-3.06892858e-05
-1.43765951e-04
-2.29727921e-04
-2.47053400e-04
-2.68510650e-04
-2.12335190e-04
8.23136564e-06
2.74229454e-04
4.11464828e-04
3.78000183e-04
2.20378226e-04
2.14314051e-05
-1.08150950e-04
-1.50777075e-04
3.16787903e-07
5.61980181e-07
7.88786436e-07
1.18693518e-06
1.69286531e-06
2.06859087e-06
2.04474254e-06
1.46536683e-06
3.95610314e-07
-9.10362919e-07
-2.08002183e-06
-2.69197467e-06
-2.41873050e-06
-1.25722393e-06
3.80581053e-07
1.87220240e-06
2.64907798e-06
2.41472072e-06
1.26358163e-06
-1.51444573e-06
-2.82553310e-05
-1.19255715e-04
-1.20720501e-04
1.33431245e-04
4.33247341e-04
5.26497257e-04
2.15456999e-04
-3.86059787e-04
-9.32013644e-04
-1.06354563e-03
-6.26390454e-04
1.84662924e-04
8.94490471e-04
1.14405473e-03
1.04134883e-03
8.11201487e-04
3.79518197e-04
-3.06135147e-04
-1.12992010e-03
-1.74242475e-03
-1.69134317e-03
-8.71322681e-04
3.82100589e-04
1.47132545e-03
1.90422703e-03
1.54462662e-03
6.35116458e-04
-3.55180372e-04
-1.05518835e-03
-1.26902392e-03
-1.02160680e-03
-4.79443093e-04
9.91623578e-05
4.63216880e-04
5.23902631e-04
3.26817900e-04
4.80180700e-05
-7.27035996e-05
5.78194846e-05
3.23158544e-04
5.32977533e-04
4.26521281e-04
2.88523468e-06
-5.33522871e-04
-8.76081500e-04
-7.72291967e-04
-2.95337823e-04
2.79397046e-04
6.47564626e-04
6.84894627e-04
4.16774107e-04
2.09934683e-06
-3.82949790e-04
-5.18163204e-04
-3.74934523e-04
-8.69257046e-05
1.70589710e-04
2.69328875e-04
1.76195941e-04
1.47956698e-05
-6.12244434e-05
-1.15685941e-05
8.08025360e-05
1.08062537e-04
4.91358050e-05
-4.82216295e-05
-1.11842496e-04
-7.49778628e-05
4.36184645e-05
1.22650345e-04
6.99890368e-05
-8.29443744e-05
-2.28915114e-04
-2.60759528e-04
-1.60598807e-04
9.76231725e-06
1.59878657e-04
2.27140649e-04
2.08960338e-04
1.66209853e-04
1.20808948e-04
5.22648165e-05
-2.90055653e-05
-9.42186021e-05
-1.24213320e-04
-1.27910865e-04
-1.13521578e-04
-9.81596579e-05
-8.59008263e-05
-8.36118039e-05
-9.25067907e-05
-5.80658170e-05
4.87212901e-05
1.90036835e-04
2.81910602e-04
2.77074232e-04
1.94469965e-04
7.72469635e-05
-5.99512918e-05
-2.02322376e-04
-3.05875158e-04
-3.01347078e-04
-1.70302559e-04
1.02090894e-05
1.43305783e-04
1.94030204e-04
1.68894711e-04
8.86597550e-05
-2.42515645e-06
-2.44063606e-06
-1.61551643e-06
-3.28796021e-07
8.85471291e-07
1.58658152e-06
1.67327548e-06
1.39034248e-06
1.02392626e-06
6.48638250e-07
2.39871711e-07
-2.20690566e-07
-7.26810746e-07
-1.16767627e-06
-1.27721509e-06
-8.55114302e-07
-7.54632413e-08
6.14734546e-07
8.10783303e-07
4.61536968e-07
-1.25399525e-07
-5.78325758e-07
-7.23336793e-07
5.44572646e-07
1.06662003e-05
1.73868898e-05
7.14946815e-06
-3.22399536e-05
-7.87916172e-05
-8.36780479e-05
-1.95531691e-05
9.89564072e-05
1.97317440e-04
2.00451591e-04
9.40281386e-05
-6.90053082e-05
-2.11667309e-04
-2.82782244e-04
-2.65069307e-04
-1.89925599e-04
-8.61690953e-05
1.11398895e-04
4.43257742e-04
7.51867126e-04
7.65802436e-04
2.95240682e-04
-5.27411248e-04
-1.27063766e-03
-1.45416286e-03
-8.95072488e-04
1.64057096e-04
1.18820586e-03
1.64913109e-03
1.36754200e-03
5.56869570e-04
-3.56743276e-04
-9.62220319e-04
-1.08309823e-03
-7.96210475e-04
-3.43986127e-04
1.47133962e-05
1.53723354e-04
1.04239360e-04
3.27904528e-05
8.97015814e-05
2.91736446e-04
5.23090819e-04
6.38387874e-04
5.34442250e-04
2.03306084e-04
-2.42864843e-04
-6.05648253e-04
-7.36183364e-04
-6.19206233e-04
-3.45316799e-04
-2.62281875e-05
2.40013893e-04
3.84323129e-04
3.99602408e-04
3.26669428e-04
2.08257940e-04
7.37673234e-05
-4.76278760e-05
-1.32090751e-04
-1.81109936e-04
-1.95017303e-04
-1.67747413e-04
-1.02838560e-04
-1.34321705e-05
7.13395834e-05
1.07054576e-04
8.28523299e-05
4.32676702e-05
2.90061090e-05
2.75784840e-05
8.89770472e-06
-2.50984144e-05
-5.35747513e-05
-5.83891101e-05
-3.54429371e-05
4.40905261e-06
5.52260540e-05
1.04433895e-04
1.09880151e-04
4.50044158e-05
-5.01843120e-05
-1.15143972e-04
-1.23200020e-04
-8.36687575e-05
-3.45062956e-05
-1.52229342e-05
-1.16314930e-05
1.38696772e-05
6.24839104e-05
1.17753300e-04
1.49706321e-04
1.21607017e-04
1.08017984e-05
-1.17889629e-04
-1.67592094e-04
-9.07556451e-05
5.25973673e-05
1.46218829e-04
1.11210196e-04
-3.63870963e-05
-1.97020767e-04
-2.38402799e-04
-9.91171053e-05
4.43427738e-06
3.50588884e-06
1.73687238e-06
-2.38879723e-07
-1.90559780e-06
-2.92073359e-06
-3.19334829e-06
-2.90930497e-06
-2.31407640e-06
-1.53507337e-06
-5.73552126e-07
5.73782731e-07
1.78562619e-06
2.77907382e-06
3.22896176e-06
2.95796617e-06
2.03414540e-06
7.36889690e-07
-5.13366606e-07
-1.37717398e-06
-1.86162385e-06
-2.21794576e-06
-2.61519289e-06
-2.89036951e-06
-3.81771815e-06
-1.08270310e-05
-3.38666087e-05
-3.05014921e-05
5.37977482e-05
1.81533575e-04
1.88778031e-04
-1.50512768e-05
-2.93718087e-04
-4.20733150e-04
-2.63233236e-04
8.73223423e-05
3.93538413e-04
4.68967021e-04
2.90867034e-04
-1.72901670e-05
-2.74061884e-04
-3.57576518e-04
-2.58864069e-04
-1.84025008e-05
3.30486924e-04
5.80127625e-04
4.09966922e-04
-2.49942384e-04
-1.04736789e-03
-1.31939163e-03
-7.38769433e-04
3.77336704e-04
1.38751920e-03
1.72155643e-03
1.22284628e-03
2.31996902e-04
-6.59316066e-04
-1.07140968e-03
-9.99451101e-04
-6.92361057e-04
-3.74510188e-04
-1.34662798e-04
4.85958755e-05
2.27590441e-04
4.04562862e-04
5.22895883e-04
5.15598147e-04
3.66282853e-04
1.48605281e-04
-1.57445840e-05
-8.63972454e-05
-1.24697246e-04
-1.99869460e-04
-3.12613517e-04
-3.97760560e-04
-3.65776470e-04
-1.91884643e-04
5.06703416e-05
2.43697234e-04
3.15851005e-04
2.76939298e-04
1.84117786e-04
9.66473774e-05
4.28260317e-05
6.47645307e-06
-2.80011300e-05
-7.21153144e-05
-1.55060070e-04
-2.59701282e-04
-2.94378502e-04
-1.69632618e-04
9.66052869e-05
3.43345497e-04
3.90572551e-04
2.18969716e-04
-3.56449120e-05
-2.13582878e-04
-2.43703838e-04
-1.70285114e-04
-6.90091101e-05
3.16021503e-05
9.01748136e-05
8.42725563e-05
3.52532359e-05
-5.64874024e-06
-7.78727658e-06
1.88251052e-05
7.98541111e-05
1.80336257e-04
2.42932705e-04
1.64849495e-04
-4.96625068e-05
-2.96039857e-04
-4.73780973e-04
-5.12981504e-04
-3.64422784e-04
-4.77965085e-05
3.15677315e-04
5.56357483e-04
5.71264900e-04
3.79910450e-04
1.06132207e-04
-1.12380214e-04
-2.00658775e-04
-1.82285435e-04
-1.43905728e-04
-1.55883450e-04
-2.13380053e-04
-1.67780190e-06
-7.10822132e-07
-2.97724846e-08
4.81182795e-07
9.52662992e-07
1.40269864e-06
1.70288583e-06
1.75159185e-06
1.58240638e-06
1.24039774e-06
7.02390764e-07
-4.89370843e-08
-9.08175088e-07
-1.62387677e-06
-1.93062650e-06
-1.64611797e-06
-8.14610706e-07
2.54902594e-07
1.14971279e-06
1.53093570e-06
1.27876175e-06
5.46195529e-07
-3.20641601e-07
-9.60022808e-07
-2.06390229e-06
-8.91445562e-06
-3.43357104e-05
-4.98391029e-05
2.42820533e-05
1.93267644e-04
2.67325946e-04
7.70453775e-05
-2.86075097e-04
-5.32236039e-04
-4.43352611e-04
-5.87801546e-05
3.71179804e-04
6.00071753e-04
5.21448558e-04
2.06785077e-04
-1.61456589e-04
-4.02402288e-04
-4.29746858e-04
-2.50225485e-04
1.38194203e-04
5.14747989e-04
5.22902896e-04
6.06971901e-05
-8.10747947e-04
-1.53415747e-03
-1.26480460e-03
5.29164267e-05
1.58879660e-03
2.35436089e-03
1.83534644e-03
4.58679878e-04
-9.41137945e-04
-1.63761433e-03
-1.51397146e-03
-9.09540049e-04
-2.82580695e-04
1.55689286e-04
3.43967857e-04
3.76341299e-04
3.36313041e-04
3.54897297e-04
4.82413402e-04
5.76378286e-04
4.59556077e-04
5.57914697e-05
-4.61522485e-04
-7.61485856e-04
-6.64758588e-04
-2.61681705e-04
1.97944377e-04
4.39260049e-04
3.97396774e-04
1.19538283e-04
-2.13963378e-04
-4.31019306e-04
-4.09831406e-04
-1.34315105e-04
2.83159333e-04
5.93124830e-04
6.03991445e-04
3.01316812e-04
-1.13096510e-04
-4.55949276e-04
-5.75289610e-04
-4.44094912e-04
-1.61434266e-04
1.67889153e-04
4.33864753e-04
5.36509446e-04
3.86297205e-04
-1.61882974e-05
-4.56453548e-04
-6.63457196e-04
-5.06795885e-04
-5.75725535e-05
4.20791565e-04
6.64757245e-04
5.70913333e-04
2.17884860e-04
-1.74181500e-04
-3.85494231e-04
-3.55695505e-04
-2.01802111e-04
-8.41611925e-05
-7.55853571e-05
-1.38514376e-04
-1.68187554e-04
-3.47937229e-05
2.50277725e-04
5.18077067e-04
6.03792471e-04
4.15453691e-04
7.77518935e-06
-3.93289177e-04
-5.65710894e-04
-4.81197787e-04
-2.61974722e-04
-4.60400166e-05
7.34477412e-05
8.88322865e-05
8.63630533e-05
1.65703193e-04
2.88190476e-04
7.86966952e-09
1.14979788e-08
-3.47217550e-09
-4.47753873e-08
-8.48430686e-08
-7.97297559e-08
-1.41641728e-08
7.49750161e-08
1.39998149e-07
1.60171913e-07
1.36297704e-07
9.66805401e-08
7.26563378e-08
6.41662373e-08
1.69988817e-08
-1.56025367e-07
-4.48121272e-07
-6.81753238e-07
-6.38759137e-07
-2.46781003e-07
3.56313001e-07
8.49725577e-07
9.01394547e-07
4.52656340e-07
1.64029627e-06
3.30031279e-05
7.87397259e-05
1.31341428e-05
-1.59480177e-04
-2.65045906e-04
-2.36623915e-04
3.88087723e-06
3.74914753e-04
6.31874223e-04
5.74037706e-04
1.76835436e-04
-3.74632386e-04
-7.86046151e-04
-8.50688853e-04
-5.59035472e-04
-7.66476745e-05
3.39581810e-04
5.18009232e-04
5.83577312e-04
7.28714525e-04
7.91358688e-04
4.36409073e-04
-3.08054399e-04
-1.07983782e-03
-1.41683472e-03
-1.14558214e-03
-3.60369011e-04
5.57300885e-04
1.19766306e-03
1.26710797e-03
8.10198619e-04
1.26706383e-04
-4.17822894e-04
-5.58119563e-04
-3.88355192e-04
-1.79665615e-04
-1.72408988e-04
-2.83641760e-04
-3.85498847e-04
-3.64613015e-04
-1.84158527e-04
1.82777763e-04
5.79439918e-04
7.86374853e-04
6.64364915e-04
2.89472914e-04
-1.28846206e-04
-3.83695548e-04
-4.27697580e-04
-2.97351486e-04
-8.52290289e-05
6.00946540e-05
5.78388100e-06
-1.75605397e-04
-2.70487695e-04
-1.79870832e-04
3.64253552e-05
2.66363523e-04
3.84038490e-04
3.43006837e-04
1.79630828e-04
-8.18121600e-06
-1.29458833e-04
-1.52463076e-04
-1.02273518e-04
-5.71292104e-05
-7.19352860e-05
-1.21937597e-04
-1.38770669e-04
-7.33286382e-05
3.23780933e-05
1.16955469e-04
1.50795740e-04
1.24741242e-04
5.84323553e-05
-2.30853194e-05
-8.44903189e-05
-5.92290494e-05
2.41562099e-05
5.52155433e-05
1.09567669e-05
-3.03084505e-05
-3.44006237e-05
-1.47468800e-05
1.60759349e-05
2.43530140e-05
-2.15382239e-05
-8.02123515e-05
-9.75663679e-05
-6.51606855e-05
-5.86735512e-06
7.46130716e-05
1.75393709e-04
2.53773780e-04
2.40525335e-04
9.50762291e-05
-1.35131062e-04
-3.51712436e-04
-4.47233484e-04
-3.60423005e-04
-1.03453288e-04
2.16175675e-04
4.32111669e-04
-1.02629758e-07
-1.10003848e-07
-4.53553926e-08
1.28795346e-07
3.94155008e-07
6.23657732e-07
6.16747060e-07
2.77003166e-07
-2.69858837e-07
-7.72578041e-07
-1.00532815e-06
-8.87909655e-07
-5.39994439e-07
-1.62396961e-07
1.36817127e-07
3.89494442e-07
6.52883203e-07
8.88652953e-07
9.23225794e-07
5.96660334e-07
-2.71077683e-08
-6.37857503e-07
-8.83244865e-07
-6.00182738e-07
5.48674567e-08
7.34180068e-07
2.57174240e-06
1.21301467e-05
1.87408080e-05
4.45867715e-06
-4.42379964e-05
-9.35591828e-05
-8.26006642e-05
1.01902093e-05
1.39381795e-04
2.15861581e-04
1.74948795e-04
3.20796012e-05
-1.38564916e-04
-2.53827165e-04
-2.65531768e-04
-1.73727909e-04
-2.87444564e-05
1.04896448e-04
1.92048116e-04
2.10107162e-04
1.60363235e-04
1.03753118e-04
9.68417245e-05
1.32866567e-04
9.38982893e-05
-1.29962785e-04
-4.34738298e-04
-6.18480332e-04
-5.20401245e-04
-1.57330511e-04
3.03041569e-04
6.45514071e-04
7.33652067e-04
5.43794815e-04
1.84917615e-04
-1.67064737e-04
-3.94637708e-04
-4.77473118e-04
-4.34728126e-04
-2.99810654e-04
-1.32178837e-04
4.27943158e-05
1.82205989e-04
2.49679317e-04
2.22735628e-04
1.40949513e-04
6.18704910e-05
5.00460388e-07
-3.48686052e-07
5.21067777e-05
1.09123835e-04
1.24701935e-04
5.12477018e-05
-1.16271159e-04
-3.10016983e-04
-4.03648157e-04
-3.10689149e-04
-9.67519273e-05
1.19091977e-04
2.49761786e-04
2.71382372e-04
2.16426468e-04
1.48861524e-04
1.09796859e-04
7.99049325e-05
6.94267295e-06
-1.11337898e-04
-2.29041828e-04
-2.74500300e-04
-2.06279711e-04
-5.67979014e-05
9.74826543e-05
1.91823558e-04
1.91850476e-04
1.00508834e-04
-1.97477968e-05
-8.42660380e-05
-8.94100333e-05
-6.72953895e-05
-3.61110773e-05
1.30391697e-07
3.97454541e-05
6.63445279e-05
5.66851795e-05
1.11767130e-05
-2.48450602e-05
6.27318036e-06
9.88633058e-05
1.68979366e-04
1.22557029e-04
-5.11362670e-05
-2.66795630e-04
-4.12009621e-04
-4.03651161e-04
-2.09342815e-04
1.03091832e-04
3.96199356e-04
5.40125361e-04
5.07599655e-04
3.35420320e-04
7.65498314e-05
-2.14174495e-04
-8.28675658e-07
-1.14675840e-06
-1.11765109e-06
-7.27022392e-07
-2.19180724e-08
8.29705753e-07
1.53884204e-06
1.81458567e-06
1.50471625e-06
7.10657378e-07
-2.02826268e-07
-7.74596458e-07
-7.63915592e-07
-3.83621100e-07
-1.21638051e-07
-3.43569333e-07
-1.01980670e-06
-1.70018427e-06
-1.80497193e-06
-9.59561914e-07
6.51665562e-07
2.23304686e-06
2.85895901e-06
2.14559788e-06
4.93905090e-07
-1.21742294e-06
-2.30484610e-06
-4.39818318e-06
-1.59682889e-05
-1.90027989e-05
1.91575823e-05
7.80090749e-05
9.05303318e-05
1.38681945e-05
-1.07847614e-04
-1.86133737e-04
-1.60388086e-04
-4.28250053e-05
1.13811040e-04
2.47870993e-04
2.71821151e-04
1.41404391e-04
-7.07109157e-05
-2.36872075e-04
-2.67242297e-04
-1.64581677e-04
1.37910998e-05
1.37531096e-04
1.43993220e-04
1.58118278e-04
2.31390881e-04
1.36123844e-04
-2.38174791e-04
-5.83643977e-04
-6.30473303e-04
-3.55521421e-04
1.77136896e-04
7.57550880e-04
1.06795429e-03
9.15434933e-04
3.36030969e-04
-4.05138413e-04
-9.92244239e-04
-1.18695196e-03
-8.74345185e-04
-2.47254740e-04
3.37127110e-04
6.73005149e-04
7.40628060e-04
6.36223514e-04
4.43486800e-04
1.45441654e-04
-2.21946102e-04
-5.36276707e-04
-6.72985606e-04
-5.77938449e-04
-3.16550616e-04
4.01163579e-06
3.03904642e-04
4.88684007e-04
5.27087644e-04
4.28062644e-04
2.35409587e-04
2.67962004e-06
-1.99218374e-04
-3.43825115e-04
-3.99732410e-04
-3.45798435e-04
-1.97795293e-04
-3.05877040e-05
1.19992735e-04
2.34368622e-04
2.44279383e-04
1.73230957e-04
8.42153532e-05
7.37278607e-06
-3.23730635e-05
-3.04550357e-05
-1.56291534e-05
-4.93051427e-05
-1.12237462e-04
-1.63029138e-04
-1.59512655e-04
-9.41724770e-05
5.28236373e-05
1.96063008e-04
2.50272162e-04
1.86671737e-04
4.55617129e-05
-9.82908446e-05
-1.64468693e-04
-1.32007020e-04
-1.10531854e-05
1.42532511e-04
1.98884758e-04
8.39763773e-05
-1.20322312e-04
-2.69839853e-04
-2.84760049e-04
-1.71526410e-04
4.37749926e-06
1.64283170e-04
2.53884511e-04
2.29561387e-04
1.03876148e-04
-2.68402538e-05
-6.27908716e-05
-6.57968970e-06
-1.13169289e-06
-1.90395093e-06
-2.35064649e-06
-2.60831496e-06
-2.66234374e-06
-2.31705601e-06
-1.37871978e-06
5.28082263e-08
1.47436312e-06
2.31309903e-06
2.30686006e-06
1.62536704e-06
7.13833487e-07
1.35394307e-09
-2.95984685e-07
-2.41668773e-07
-1.70324645e-07
-4.60509048e-07
-1.14303583e-06
-1.79778623e-06
-1.89297749e-06
-1.23562304e-06
-9.10600928e-08
1.08305165e-06
1.91882578e-06
2.21894629e-06
1.93321594e-06
1.13494653e-06
7.43407933e-08
-3.33884370e-07
2.94766967e-06
5.97853047e-06
1.41496990e-06
-2.00476299e-05
-4.07982334e-05
-3.26872389e-05
7.30549642e-06
5.96227555e-05
9.11741955e-05
7.38994861e-05
1.39659025e-05
-5.48788387e-05
-9.98617644e-05
-1.09589505e-04
-8.22505186e-05
-2.72787399e-05
2.95726755e-05
7.03246896e-05
9.63156597e-05
1.10312083e-04
1.01179514e-04
4.81635771e-05
-7.44220143e-05
-2.28942981e-04
-2.12105486e-04
7.72430342e-05
3.97582884e-04
4.11778409e-04
4.00768105e-05
-4.88079661e-04
-7.85211531e-04
-6.09570315e-04
-3.98251215e-05
5.74679956e-04
8.84326783e-04
7.57686069e-04
3.30295560e-04
-1.49583850e-04
-4.93493370e-04
-6.08680081e-04
-4.94824126e-04
-2.35114708e-04
4.01894875e-05
2.00567957e-04
2.10465496e-04
1.25330504e-04
6.36302002e-05
7.26787312e-05
1.03557653e-04
1.06137425e-04
5.96312375e-05
-6.29647718e-06
-5.51440772e-05
-7.36509332e-05
-6.33720431e-05
-3.53584341e-05
-1.98037813e-05
-5.86931463e-05
-1.29915468e-04
-1.44175043e-04
-6.71866061e-05
5.18939678e-05
1.23591459e-04
1.39185289e-04
1.30841782e-04
1.23169757e-04
9.91238451e-05
3.77753637e-05
-5.22484862e-05
-1.28556829e-04
-1.52377612e-04
-1.13415074e-04
-5.52394947e-05
-1.00981799e-05
2.45091235e-05
6.56668355e-05
1.03253659e-04
9.77647852e-05
1.62686005e-05
-1.14356733e-04
-2.00623533e-04
-1.49339567e-04
2.93595005e-05
2.33262237e-04
3.36718857e-04
2.56637717e-04
7.59166145e-06
-2.67096351e-04
-3.90768542e-04
-2.95178919e-04
-7.18161490e-05
1.49720167e-04
2.74112670e-04
2.60811985e-04
1.34413061e-04
-2.97155596e-05
-1.67593844e-04
-2.23610095e-04
