2.22822198e-06
3.27160400e-07
-7.70768323e-07
-8.00334950e-07
-2.43795341e-07
1.65341221e-07
5.52577429e-08
-2.68260024e-07
-1.53594405e-07
6.37951193e-07
1.51255402e-06
1.52337800e-06
2.82769870e-07
-1.64346447e-06
-3.12561069e-06
-3.30209954e-06
-2.11820479e-06
-2.68185432e-07
1.33108034e-06
2.06355885e-06
6.03749181e-07
-1.11019708e-05
-3.69046402e-05
-4.89138860e-05
1.00403128e-05
1.57079013e-04
2.72479006e-04
2.13365412e-04
-8.67066402e-05
-4.72575970e-04
-6.47904994e-04
-4.47023233e-04
3.26286320e-05
5.38059878e-04
9.27969447e-04
1.01368934e-03
2.22400420e-04
-1.00985341e-03
-1.56736248e-03
-9.28087603e-04
5.57226664e-04
1.71194838e-03
1.60280915e-03
4.75355787e-04
-8.26125665e-04
-1.51249858e-03
-1.42964281e-03
-9.18469553e-04
-2.96066504e-04
3.39163872e-04
9.42111343e-04
1.29644009e-03
1.18113560e-03
6.74564885e-04
-1.93509217e-05
-4.69770974e-04
-5.75257729e-04
-4.66170039e-04
-3.51732462e-04
-3.84214698e-04
-4.11238397e-04
-2.82888231e-04
4.48970819e-05
3.76016668e-04
4.16782927e-04
1.39058700e-04
-1.59334559e-04
-2.08007234e-04
4.48653764e-05
4.08734269e-04
6.23428034e-04
4.80907183e-04
4.91954090e-05
-3.01397267e-04
-3.73363387e-04
-2.79768455e-04
-1.67296972e-04
-2.62119458e-04
-5.15195718e-04
-6.38149050e-04
-4.82456846e-04
-2.58880102e-05
7.10270499e-04
1.34667333e-03
1.42716482e-03
8.87670218e-04
-8.14313389e-05
-1.03205913e-03
-1.47814897e-03
-1.20932684e-03
-3.77518475e-04
5.49426832e-04
9.25688646e-04
6.07538311e-04
-2.13268745e-05
-4.46765051e-04
-4.14782544e-04
-4.97322395e-05
3.07131829e-04
4.20943999e-04
2.63143706e-04
-1.20409746e-05
-1.48563396e-04
-1.14874804e-04
-2.08759556e-05
-1.74025037e-05
-8.99915559e-05
-1.60355721e-04
-1.72003806e-04
-9.03732600e-05
5.56603643e-05
1.82411901e-04
1.90096660e-04
6.05356175e-05
-8.10786310e-05
-1.30537876e-04
-2.11239907e-05
1.40282413e-04
1.15661504e-04
-1.02333445e-04
-2.82663158e-04
-1.64910572e-04
2.19247919e-04
4.98099841e-04
4.11318415e-04
5.34121902e-05
-2.91761928e-04
-4.86029861e-04
4.47812696e-05
4.75901324e-05
4.44769927e-05
1.73810858e-05
-4.33570356e-05
-1.13952619e-04
-1.44305931e-04
-9.68590882e-05
1.90016932e-05
1.46494259e-04
2.16243923e-04
1.89486181e-04
7.91968028e-05
-6.02774857e-05
-1.67468353e-04
-2.08461881e-04
-1.85134895e-04
-1.19527709e-04
-3.56202833e-05
4.75352754e-05
1.06874623e-04
9.23987157e-05
4.19051855e-05
1.09978777e-04
2.80374956e-04
3.72252131e-04
2.20327568e-04
-1.98063634e-04
-6.78276119e-04
-9.07269831e-04
-6.53950043e-04
-7.91340340e-06
6.96112929e-04
1.29414784e-03
1.37010261e-03
3.36441461e-04
-1.23618971e-03
-1.96076130e-03
-1.33887509e-03
2.50467537e-04
1.79021615e-03
2.28010748e-03
1.48386079e-03
-1.19111031e-04
-1.64366813e-03
-2.28373675e-03
-1.81489715e-03
-7.46505465e-04
2.79473600e-04
8.75861367e-04
1.05096339e-03
1.02458883e-03
9.08299241e-04
6.06674417e-04
1.62285811e-04
-2.81035674e-04
-5.70931900e-04
-5.33427822e-04
-2.64667990e-04
4.78481462e-06
1.44911711e-04
1.07881782e-04
-8.87753527e-05
-3.21801582e-04
-4.32513721e-04
-3.93636022e-04
-2.57874888e-04
-1.07221312e-04
1.06278938e-04
4.08515120e-04
7.13175315e-04
8.28369919e-04
6.61874504e-04
2.98218983e-04
-1.49082522e-04
-6.04032630e-04
-9.08597735e-04
-8.99273955e-04
-5.98658144e-04
-1.83408573e-04
2.74717403e-04
7.06252868e-04
9.06444846e-04
7.08297321e-04
2.40435243e-04
-2.75104658e-04
-6.18258669e-04
-6.40827310e-04
-3.24392756e-04
1.19079417e-04
3.83523970e-04
3.58573666e-04
1.38143626e-04
-1.31571401e-04
-2.83201235e-04
-2.84239877e-04
-1.65368006e-04
4.42833319e-05
2.41062843e-04
3.47022107e-04
3.16439604e-04
1.48886934e-04
-1.22429087e-04
-3.67461698e-04
-4.18496703e-04
-2.33248028e-04
5.06628744e-05
2.72982481e-04
3.48616920e-04
2.37557677e-04
7.58443248e-07
-2.06085044e-04
-2.57893616e-04
-1.55698639e-04
-1.27984414e-05
7.37434416e-05
9.59185852e-05
9.44520598e-05
9.04493188e-05
7.16239833e-05
1.62098719e-05
-5.82141871e-05
-8.54422254e-05
-4.50816599e-05
-9.07941719e-06
-3.29145583e-05
-1.01082686e-04
-1.42026351e-04
-3.90161141e-07
-1.29914285e-06
-1.75645509e-06
-1.51459509e-06
-7.03152685e-07
3.24883492e-07
1.27614328e-06
1.96811455e-06
2.21108357e-06
1.81370664e-06
7.16873977e-07
-8.14845268e-07
-2.21106242e-06
-2.89078157e-06
-2.61970473e-06
-1.51853399e-06
1.12296016e-07
1.72624302e-06
2.60595705e-06
2.31805630e-06
1.04672236e-06
-4.90386260e-07
-1.44919298e-06
-1.97066099e-06
-6.13754413e-06
-4.22394729e-06
1.05757088e-05
3.57825124e-05
4.33492221e-05
7.49028666e-06
-6.03946011e-05
-1.21496294e-04
-1.23915227e-04
-4.77788202e-05
7.63373757e-05
1.83702817e-04
2.12428095e-04
1.39097428e-04
2.52523067e-06
-1.80916235e-04
-3.17490394e-04
-2.33842889e-04
1.94532056e-04
8.15516448e-04
1.03092551e-03
2.31146834e-04
-1.32377100e-03
-2.56505983e-03
-2.42594133e-03
-6.79224880e-04
1.78478332e-03
3.58707481e-03
3.73443089e-03
2.19774545e-03
-1.57265391e-04
-2.16164195e-03
-3.01561501e-03
-2.64870412e-03
-1.58252215e-03
-4.36688327e-04
3.91736393e-04
8.01535991e-04
9.32585050e-04
9.42057871e-04
9.08206337e-04
8.47485966e-04
7.05691198e-04
4.40339195e-04
8.44078814e-05
-2.87958916e-04
-6.11924680e-04
-7.99899461e-04
-7.79712100e-04
-5.81776592e-04
-3.39500317e-04
-1.31741234e-04
3.27329269e-05
1.51943866e-04
2.12817536e-04
2.45655311e-04
3.02383168e-04
4.09516149e-04
5.06288874e-04
4.87945078e-04
3.10801562e-04
-2.34547749e-06
-3.67714420e-04
-6.23535205e-04
-6.39318472e-04
-4.24312921e-04
-1.17561700e-04
9.61468294e-05
1.36932483e-04
8.81458205e-05
7.60024995e-05
1.51129838e-04
2.56845895e-04
2.97491152e-04
2.29329372e-04
6.59613087e-05
-1.34135908e-04
-2.78853972e-04
-2.89334363e-04
-1.46083920e-04
6.40423075e-05
1.88809701e-04
1.47630083e-04
-3.34309503e-06
-1.45081570e-04
-1.86889734e-04
-1.12170396e-04
3.20525509e-05
1.65510836e-04
2.05062489e-04
1.00548276e-04
-7.88964109e-05
-1.65661114e-04
-8.01415286e-05
7.62992074e-05
1.52005796e-04
9.70188163e-05
-1.67781101e-05
-9.07485709e-05
-9.90315166e-05
-6.70409333e-05
-3.57196147e-05
-3.42902230e-05
-5.56157344e-05
-4.17961589e-06
-3.51429288e-06
-1.92267558e-06
-2.08074741e-07
1.19489693e-06
2.16522592e-06
2.59327349e-06
2.31535804e-06
1.31583280e-06
-2.51419560e-08
-1.02162841e-06
-1.11759284e-06
-2.98430919e-07
7.99266202e-07
1.26788192e-06
6.22463009e-07
-8.59755855e-07
-2.44966383e-06
-3.47160513e-06
-3.49268330e-06
-2.35888865e-06
-2.60251429e-07
2.27481786e-06
4.43342965e-06
5.75886618e-06
8.72245489e-06
2.08072839e-05
3.11393282e-05
4.77715813e-07
-7.92557137e-05
-1.38471832e-04
-8.92720110e-05
5.43695368e-05
1.93720071e-04
2.21017059e-04
1.15817192e-04
-3.80590380e-05
-1.57026102e-04
-1.85659719e-04
-1.25377012e-04
-5.00437289e-05
-8.11144768e-05
-1.72904137e-04
-1.50769795e-04
4.93872987e-04
1.40732331e-03
1.33795311e-03
-2.04621473e-04
-2.29778998e-03
-3.27718982e-03
-2.17753695e-03
4.52463009e-04
3.02078339e-03
3.99995388e-03
2.95558900e-03
6.99101716e-04
-1.42711966e-03
-2.50541495e-03
-2.41635539e-03
-1.61140607e-03
-6.80286237e-04
-3.85006645e-05
2.72526452e-04
4.44383371e-04
6.67748892e-04
9.48640893e-04
1.13318045e-03
1.05729274e-03
6.45515646e-04
7.50341518e-05
-4.25778050e-04
-7.31949287e-04
-8.26443870e-04
-7.57067895e-04
-5.57249934e-04
-2.95980599e-04
-3.92717394e-05
1.66320266e-04
3.01896340e-04
3.87322668e-04
4.13667812e-04
3.51444386e-04
2.04143906e-04
3.23770135e-05
-8.25579096e-05
-1.11622441e-04
-7.86018549e-05
-3.76169869e-06
4.46686618e-05
-3.82436999e-05
-2.45587658e-04
-4.20796570e-04
-4.06780654e-04
-1.50204696e-04
2.19823259e-04
4.54154506e-04
4.31560590e-04
2.26708352e-04
3.74675712e-06
-1.09136849e-04
-1.20804192e-04
-7.52250820e-05
-9.61012431e-07
5.76816981e-05
1.11624227e-05
-1.46788397e-04
-2.89045631e-04
-2.89869605e-04
-1.18679496e-04
1.53668362e-04
3.97490918e-04
4.67801695e-04
3.33455418e-04
1.07554838e-04
-1.12045597e-04
-2.97230128e-04
-4.19889317e-04
-4.23031347e-04
-2.77501103e-04
-3.84612425e-05
1.86108954e-04
3.02823035e-04
2.71921131e-04
1.49719470e-04
5.88983172e-05
4.93035822e-05
7.06995405e-05
6.77641015e-05
-2.11049745e-06
-1.23432571e-06
-3.64526848e-07
4.20480033e-07
1.11664769e-06
1.68350457e-06
2.00074594e-06
1.98089946e-06
1.55924399e-06
7.48851979e-07
-2.64729123e-07
-1.20385160e-06
-1.80261198e-06
-1.90783176e-06
-1.54082400e-06
-8.55122377e-07
-6.10482695e-08
6.26453433e-07
1.09045139e-06
1.34862366e-06
1.46835323e-06
1.42889557e-06
1.09149580e-06
3.44415055e-07
-6.46022890e-07
-1.29530129e-06
-4.05703674e-07
3.50404791e-06
6.10536610e-06
-2.77140991e-06
-2.32264999e-05
-2.68972207e-05
3.67238135e-07
3.00054610e-05
2.11013063e-05
-9.67416612e-06
-1.03816954e-05
1.70281862e-05
4.16695538e-05
3.45542358e-05
4.69957793e-06
-4.33660353e-05
-9.70311406e-05
-1.22557755e-04
-1.56676043e-04
1.60523219e-04
6.26230571e-04
6.43705415e-04
-3.67921167e-05
-9.90592288e-04
-1.39752545e-03
-9.18722499e-04
2.11919526e-04
1.32592296e-03
1.70914451e-03
1.11119405e-03
1.20932291e-04
-6.19469580e-04
-8.55888348e-04
-8.12001942e-04
-5.85110753e-04
-3.04559754e-04
-1.98706834e-04
-8.11410589e-05
9.43740669e-05
3.03272447e-04
5.35152781e-04
6.06904145e-04
4.82432719e-04
3.05200005e-04
9.93583326e-06
-2.81258679e-04
-5.18625347e-04
-5.01936875e-04
-1.52522732e-04
1.25779839e-04
6.64125400e-05
-6.87804538e-05
-1.10513488e-04
-1.07131432e-04
-1.21916959e-05
1.95565366e-04
2.59483330e-04
2.60728611e-04
2.24385290e-04
8.28664780e-05
-5.66286944e-05
-9.63532416e-05
-2.25402954e-04
-4.06097318e-04
-4.68437820e-04
-3.32234368e-04
3.31206236e-05
3.63906511e-04
5.85952796e-04
7.75283938e-04
7.64477036e-04
2.68558046e-04
-5.19734009e-04
-1.17113247e-03
-1.29227202e-03
-7.63906489e-04
1.36993852e-04
9.09686464e-04
1.12706326e-03
8.01327356e-04
2.42998705e-04
-2.60108802e-04
-4.84136566e-04
-3.63015479e-04
-1.15435714e-04
-3.91239222e-05
-2.19294221e-04
-4.40704288e-04
-3.26342532e-04
5.60618445e-05
4.35002842e-04
6.70771455e-04
5.55609044e-04
2.16815288e-04
-8.52261460e-05
-2.40842756e-04
-3.23627403e-04
-3.56836083e-04
-2.75156017e-04
-1.24986838e-04
1.98334396e-05
4.22156509e-05
3.12199184e-07
2.17316354e-07
-2.47651748e-07
-1.00638701e-06
-1.68978914e-06
-1.82240755e-06
-1.09415165e-06
4.14703908e-07
2.23315357e-06
3.69311599e-06
4.18891739e-06
3.41279805e-06
1.52213281e-06
-8.85231520e-07
-3.05506924e-06
-4.39950506e-06
-4.65077647e-06
-3.89564356e-06
-2.49342613e-06
-8.80265485e-07
6.02021653e-07
1.73922035e-06
2.44532438e-06
2.75640843e-06
1.92244377e-06
-1.54385531e-05
-4.50842962e-05
-1.17322889e-05
9.81975624e-05
1.70860526e-04
1.43502198e-04
-1.13972890e-05
-2.42583014e-04
-4.32046932e-04
-4.04164046e-04
-1.02880154e-04
3.31936612e-04
6.32327299e-04
5.99987964e-04
2.87061899e-04
-1.09914716e-04
-4.31372486e-04
-6.57905104e-04
-4.08162476e-04
3.85295558e-04
9.38440812e-04
3.33448612e-04
-9.18802611e-04
-1.65006555e-03
-1.32140550e-03
-1.32811772e-04
1.26060393e-03
2.13067637e-03
2.10623302e-03
1.26603655e-03
9.24556017e-06
-1.10852115e-03
-1.75225682e-03
-1.80907918e-03
-1.35364008e-03
-5.83343040e-04
1.34855337e-04
5.56670901e-04
7.47084326e-04
8.29689904e-04
8.27317952e-04
6.75875341e-04
4.48354505e-04
1.90609321e-04
-7.78825579e-05
-3.16988838e-04
-4.54147799e-04
-4.60024563e-04
-3.93702257e-04
-3.41407734e-04
-2.57893274e-04
-7.66061779e-05
1.09631440e-04
1.43757813e-04
7.39780693e-05
2.51319325e-05
1.36522253e-05
5.22592667e-05
1.91348772e-04
3.43635970e-04
4.07831405e-04
3.50310501e-04
1.56342654e-04
-1.42739787e-04
-4.00342060e-04
-5.26108620e-04
-5.06638893e-04
-3.56525139e-04
-1.30149525e-04
1.05818189e-04
3.04859012e-04
4.15414796e-04
3.89896581e-04
2.44468085e-04
4.54749629e-05
-9.78797876e-05
-1.50039877e-04
-1.48858655e-04
-1.32639324e-04
-1.04867262e-04
-6.60528036e-05
-3.18494721e-05
1.44543196e-05
8.82076531e-05
1.59112702e-04
1.79046288e-04
9.53438658e-05
-8.75534925e-05
-2.73430672e-04
-3.55944236e-04
-2.84580490e-04
-6.34935652e-05
2.33151969e-04
4.61637903e-04
5.11892375e-04
3.72941828e-04
9.65666280e-05
-2.06870019e-04
-4.19952353e-04
-4.74247034e-04
-3.73531902e-04
-1.71966224e-04
4.08095057e-05
1.55402908e-08
2.56643362e-08
1.56712670e-08
-2.92036157e-08
-8.86699581e-08
-1.10116184e-07
-7.21667937e-08
-3.07107044e-08
-4.56942848e-08
-7.32384188e-08
1.71231368e-08
2.74674661e-07
5.72211601e-07
6.98491044e-07
5.30798600e-07
1.27464375e-07
-3.83223173e-07
-9.01092355e-07
-1.29692351e-06
-1.36804200e-06
-9.60327797e-07
-1.48630408e-07
7.49460681e-07
1.36362292e-06
1.52854212e-06
1.33587712e-06
2.75219822e-07
-5.30276872e-06
-1.02565603e-05
-2.00332543e-06
2.77115262e-05
5.55000418e-05
4.11417799e-05
-2.64771112e-05
-1.08219349e-04
-1.39222126e-04
-8.30133112e-05
3.30803045e-05
1.38751252e-04
1.71059300e-04
1.18646916e-04
2.45421186e-05
-5.06512975e-05
-7.25857941e-05
-7.52845053e-05
-1.31451958e-04
-2.02189560e-04
-6.53315133e-05
4.49872808e-04
9.69668397e-04
6.87197860e-04
-5.95377695e-04
-2.04498640e-03
-2.43994477e-03
-1.18853016e-03
1.12208764e-03
3.11030687e-03
3.56881740e-03
2.26119428e-03
-3.69457367e-05
-2.10945733e-03
-3.03467938e-03
-2.55757717e-03
-1.26111290e-03
1.24587805e-05
7.55899477e-04
9.67354708e-04
8.86213751e-04
7.70691050e-04
7.04252653e-04
6.10859268e-04
3.82187853e-04
3.01939827e-05
-3.18095986e-04
-5.27554849e-04
-5.13529465e-04
-3.46962316e-04
-1.77998866e-04
-1.03860087e-04
-1.38686516e-04
-1.90902376e-04
-1.64199650e-04
-3.09177272e-05
1.48647749e-04
3.17954373e-04
4.17130933e-04
3.94539487e-04
2.38093323e-04
-4.65819156e-07
-2.04852441e-04
-2.71552454e-04
-1.73308366e-04
-1.44252617e-05
7.93812122e-05
6.95328763e-05
-2.05752315e-05
-1.46288442e-04
-2.26558309e-04
-1.97843882e-04
-6.39416832e-05
9.71096707e-05
1.93942734e-04
1.99889607e-04
1.62333033e-04
1.26490621e-04
6.47219444e-05
-1.36421084e-05
-7.77742617e-05
-1.00486922e-04
-9.22581868e-05
-8.89984218e-05
-1.04312859e-04
-1.11861198e-04
-6.33883882e-05
5.65106493e-05
1.92134778e-04
2.52793127e-04
1.96805424e-04
3.83114508e-05
-1.56400279e-04
-3.00560109e-04
-3.17941900e-04
-1.95973202e-04
2.72101659e-07
1.82041003e-04
2.97946538e-04
3.26432322e-04
2.42844018e-04
-7.06156398e-07
-9.17208109e-07
-7.73917091e-07
-3.00128439e-07
2.94106793e-07
7.65154950e-07
9.88762976e-07
9.81416367e-07
8.13099109e-07
5.38838171e-07
1.78693117e-07
-2.39247644e-07
-6.59399770e-07
-9.63815064e-07
-9.71303205e-07
-6.27343340e-07
-9.56154879e-08
3.50713217e-07
4.83213450e-07
3.31204677e-07
1.70770741e-07
2.26511026e-07
4.30591110e-07
4.64719432e-07
1.12585452e-07
-4.62249751e-07
-8.52650045e-07
-1.45353526e-06
-7.26909588e-06
-1.40800346e-05
-9.29556376e-06
1.33452592e-05
5.24765036e-05
6.75725668e-05
3.01394788e-05
-3.66507306e-05
-8.70729696e-05
-1.02257200e-04
-8.03456313e-05
-1.10160575e-05
5.94126180e-05
7.80541408e-05
4.14365371e-05
3.40637373e-07
-1.01528437e-05
3.08211215e-06
1.17922172e-04
4.00396192e-04
4.70795706e-04
-1.06692609e-04
-9.69021621e-04
-1.34842463e-03
-9.13639235e-04
1.82429400e-04
1.46303556e-03
2.17862686e-03
1.88613357e-03
6.80875607e-04
-9.57691813e-04
-2.32728658e-03
-2.73511877e-03
-2.00400784e-03
-5.67657009e-04
8.91422118e-04
1.85715659e-03
2.10830513e-03
1.69496119e-03
9.18315650e-04
1.30730975e-04
-4.43760458e-04
-7.19838315e-04
-7.97722565e-04
-8.22325574e-04
-8.56278779e-04
-8.73994865e-04
-7.21325626e-04
-2.98611256e-04
2.76641290e-04
7.59469842e-04
1.03804519e-03
1.06860301e-03
7.92846392e-04
3.36437800e-04
-1.14507303e-04
-4.66567005e-04
-6.38797863e-04
-5.56424370e-04
-3.10294385e-04
-9.40191725e-05
-9.98549685e-06
-4.19086820e-05
-6.34650681e-05
-2.04963965e-05
8.57304355e-05
1.84122610e-04
2.01697801e-04
1.28715524e-04
6.49499390e-05
1.69179547e-05
3.34635101e-06
4.44477470e-05
1.10707517e-04
1.22450524e-04
7.13054213e-05
-3.36908571e-05
-1.88835771e-04
-3.25295456e-04
-3.49070109e-04
-2.32447355e-04
-4.39931929e-05
1.07585672e-04
1.93406963e-04
2.43028584e-04
2.70505342e-04
2.47662568e-04
1.70387958e-04
3.35135185e-05
-1.33457213e-04
-2.56441184e-04
-2.33912265e-04
-1.13579406e-04
-8.77184407e-06
2.77508507e-05
-2.21422455e-05
-1.09654284e-04
-1.29452304e-04
-3.88963185e-05
1.17012100e-04
-2.14599326e-06
-1.71514335e-06
-1.05149854e-06
-6.40876416e-07
-7.48132929e-07
-1.30940719e-06
-1.94584867e-06
-2.20671986e-06
-1.84066890e-06
-8.72853765e-07
4.28703509e-07
1.73869873e-06
2.79671713e-06
3.41444744e-06
3.41106505e-06
2.65433022e-06
1.19340719e-06
-6.99899948e-07
-2.60724238e-06
-4.01322475e-06
-4.40036084e-06
-3.48062203e-06
-1.44428870e-06
9.87726576e-07
2.87403108e-06
3.54924630e-06
3.02299602e-06
1.83794667e-06
5.26752800e-07
-9.02105092e-07
-3.54690547e-06
-5.60938881e-06
-1.92840598e-06
1.17974876e-05
2.38043973e-05
1.36729061e-05
-1.75023011e-05
-4.81462697e-05
-5.24354186e-05
-2.00995837e-05
3.02137248e-05
6.20964711e-05
5.45217309e-05
2.46385646e-05
3.56279724e-06
-7.36515510e-06
-1.40261568e-05
-2.21222710e-05
-3.09599195e-05
-4.38701397e-05
-7.07826587e-05
-1.17756369e-04
-1.31022030e-04
1.47680418e-04
7.36304878e-04
9.79074375e-04
1.90850839e-04
-1.25857524e-03
-2.22943117e-03
-1.79481017e-03
-2.43010033e-05
1.98416606e-03
2.97721810e-03
2.40080908e-03
6.88190960e-04
-1.13907292e-03
-2.14563399e-03
-2.03817814e-03
-1.19185228e-03
-2.37480326e-04
3.87079668e-04
5.71029717e-04
4.69631464e-04
3.13094278e-04
2.91927394e-04
4.07391239e-04
5.14471810e-04
4.92745301e-04
2.77031039e-04
-4.59074996e-05
-3.43208456e-04
-5.13618237e-04
-5.48411140e-04
-5.02844236e-04
-4.06628498e-04
-1.82542668e-04
1.63572600e-04
5.02336391e-04
6.29920359e-04
4.44450697e-04
4.84004298e-05
-3.17265993e-04
-4.45568402e-04
-3.04793810e-04
-2.37430242e-05
2.31228849e-04
3.41098682e-04
2.78992372e-04
9.99597274e-05
-1.14284742e-04
-2.67117108e-04
-2.67619545e-04
-1.28208234e-04
2.47458062e-05
5.24234840e-05
-1.83468728e-05
-4.17681544e-05
3.89031194e-05
1.52771578e-04
2.19209738e-04
1.63621458e-04
6.56808888e-07
-1.57365032e-04
-2.02709289e-04
-1.31285477e-04
1.08883286e-05
1.34667950e-04
1.40055964e-04
2.45426816e-05
-1.01213500e-04
-1.42525442e-04
-9.87441058e-05
-1.09244098e-05
8.39989687e-05
1.38993436e-04
1.19040744e-04
2.02454760e-05
-8.40613341e-05
