-2.64855244e-06
-3.98762865e-06
-3.82000860e-06
-2.36352627e-06
-4.07966797e-07
9.93741213e-07
1.13342539e-06
2.34763480e-07
-6.31553063e-07
-4.94516577e-07
7.05714360e-07
2.13764843e-06
2.75007537e-06
2.09917598e-06
6.26077983e-07
-7.56379834e-07
-1.26442511e-06
-7.43831705e-07
1.88792479e-07
5.43121141e-07
-1.79875094e-06
-2.23866454e-05
-8.23590185e-05
-9.72159810e-05
6.21313521e-05
3.13088950e-04
4.50229685e-04
2.58935841e-04
-2.29888626e-04
-7.30571641e-04
-9.33615041e-04
-6.49663424e-04
3.30002901e-05
8.18419078e-04
1.49805533e-03
1.41454479e-03
2.66916480e-05
-1.88443461e-03
-2.34702809e-03
-7.65293262e-04
1.55633723e-03
2.92374544e-03
2.46040005e-03
6.14401715e-04
-1.56031171e-03
-2.87977939e-03
-2.78856976e-03
-1.71649227e-03
-3.64729850e-04
7.00404552e-04
1.36308474e-03
1.73498583e-03
1.77568999e-03
1.45547360e-03
7.60805513e-04
5.88547526e-05
-4.68722025e-04
-7.65687997e-04
-9.59963585e-04
-1.10737398e-03
-1.08785790e-03
-6.89154817e-04
-5.04666099e-05
4.60211460e-04
5.77039398e-04
3.56558218e-04
2.75868424e-05
-8.52756079e-05
1.37583402e-04
3.42150398e-04
3.84702620e-04
4.38808929e-04
5.61238621e-04
5.00585758e-04
9.34997295e-05
-5.86351128e-04
-1.11918468e-03
-1.12705392e-03
-6.34893721e-04
3.63097099e-06
4.43006431e-04
5.61978211e-04
3.91907976e-04
6.26094731e-05
-1.43548268e-04
-1.47985156e-05
2.91972182e-04
4.81598758e-04
4.91609705e-04
3.10494141e-04
-2.17277117e-05
-3.55106739e-04
-5.52306128e-04
-6.39230820e-04
-7.24200251e-04
-6.27368343e-04
-1.63232866e-04
4.65880548e-04
8.53043490e-04
8.30147297e-04
6.00407949e-04
3.96633776e-04
1.18492474e-04
-2.39922565e-04
-6.17802842e-04
-7.79934236e-04
-6.86180633e-04
-3.80602015e-04
1.79277004e-05
3.93567222e-04
5.47541565e-04
3.98018480e-04
1.64164829e-04
-1.46493388e-06
-4.30656900e-05
4.52449132e-05
1.81649357e-04
1.60992291e-04
-7.74058095e-05
-4.14827689e-04
-5.47555072e-04
-2.98106608e-04
9.08487087e-05
3.75164857e-04
3.64192919e-04
4.08766394e-05
-3.32807369e-04
-3.80401717e-04
-3.60015618e-06
-4.49019273e-06
-4.39443276e-06
-3.49991131e-06
-2.20914807e-06
-8.87935771e-07
2.47196098e-07
1.01314119e-06
1.26821747e-06
1.06022397e-06
6.59224311e-07
4.86622493e-07
8.70326973e-07
1.68367630e-06
2.30971924e-06
2.08221737e-06
8.16609800e-07
-9.96674828e-07
-2.39760842e-06
-2.63982374e-06
-3.79864475e-06
-1.68810432e-05
-2.72549285e-05
1.27787601e-05
8.35287201e-05
1.07577604e-04
4.90503502e-05
-7.13654931e-05
-1.93340624e-04
-2.45227107e-04
-1.46655345e-04
8.02399685e-05
3.15211437e-04
4.25389734e-04
2.71026053e-04
-1.53631758e-04
-6.35256029e-04
-5.80693008e-04
1.58268233e-04
8.10826484e-04
6.86468738e-04
-4.94788028e-05
-7.53798923e-04
-8.59078498e-04
-3.08364427e-04
4.57953754e-04
7.83982032e-04
4.46852615e-04
-1.98798851e-04
-5.92910653e-04
-4.09766468e-04
1.08250539e-04
4.96828650e-04
4.96759377e-04
1.37248174e-04
-3.06735660e-04
-4.85937756e-04
-2.83252656e-04
1.17168952e-04
3.63654210e-04
2.26523299e-04
-1.52425504e-04
-4.90889039e-04
-4.58686770e-04
-3.98751174e-05
4.51510551e-04
6.99915567e-04
5.99979973e-04
2.52549714e-04
-1.61333417e-04
-5.06419820e-04
-7.15750855e-04
-6.45737112e-04
-2.68487981e-04
1.66054475e-04
4.39958855e-04
5.34246034e-04
4.42680700e-04
1.76125271e-04
-1.24974735e-04
-2.73380491e-04
-2.56993273e-04
-1.60653232e-04
-2.90678474e-05
9.77279593e-05
1.54620669e-04
1.43499340e-04
8.38875352e-05
1.51403525e-06
-6.96407808e-05
-1.59439358e-04
-2.55527423e-04
-2.82741316e-04
-1.81834655e-04
4.03654119e-05
2.87654569e-04
4.33273877e-04
3.99111411e-04
2.25393109e-04
-1.05167275e-05
-1.98796488e-04
-2.85179052e-04
-2.64542247e-04
-1.83157457e-04
-9.62435754e-05
-4.22292120e-05
3.59914861e-06
4.10236339e-05
1.03182550e-04
1.73944245e-04
1.92974160e-04
1.26122479e-04
3.26210125e-05
-3.67879038e-05
-8.64097926e-05
-1.27631389e-04
-1.35090286e-04
-8.83599283e-05
5.12368097e-06
9.67017505e-05
1.07497783e-04
4.03067081e-05
-2.96394566e-05
-6.51759316e-05
-6.26962805e-05
-2.12347081e-05
3.09765174e-05
5.70250086e-05
-5.65074435e-07
-1.68424334e-06
-2.33346073e-06
-2.17343958e-06
-1.18350966e-06
2.64194181e-07
1.50794535e-06
1.97924365e-06
1.58794205e-06
7.79140004e-07
1.66227646e-07
2.57454631e-08
1.63760447e-07
2.61936813e-07
1.57223794e-07
-1.36558634e-07
-5.64618836e-07
-1.11314391e-06
-1.66838661e-06
-1.93743384e-06
-1.59413717e-06
-5.76162307e-07
7.98850340e-07
2.36430250e-06
6.88533484e-06
1.20936523e-05
1.12580394e-05
-5.20974741e-06
-3.38352010e-05
-5.62387939e-05
-4.93026179e-05
1.14822758e-06
7.43623028e-05
1.27818913e-04
1.21801562e-04
4.84291583e-05
-5.92736487e-05
-1.43046171e-04
-1.78125586e-04
-2.46789707e-04
-2.31664795e-04
3.27318564e-05
5.49075405e-04
1.08954323e-03
9.85216090e-04
-1.28187333e-04
-1.66374194e-03
-2.49227929e-03
-1.83632409e-03
9.31691163e-05
2.15081171e-03
3.09407667e-03
2.48674854e-03
8.14007080e-04
-9.34608349e-04
-1.94080843e-03
-1.95855354e-03
-1.30571893e-03
-5.12157904e-04
2.96024498e-05
2.43746808e-04
2.62526882e-04
3.03314910e-04
4.62063122e-04
6.81914546e-04
8.02474358e-04
6.81178875e-04
3.28812906e-04
-8.24377445e-05
-4.16715819e-04
-6.01798089e-04
-5.86571339e-04
-4.08269719e-04
-1.79443626e-04
-9.24937476e-06
6.16817590e-05
4.97953229e-05
1.26690732e-05
-1.00407440e-06
1.08620309e-05
3.72768511e-05
8.60485003e-05
1.62320805e-04
2.55450732e-04
3.44247157e-04
3.69893654e-04
2.56901671e-04
2.86664350e-06
-2.96387096e-04
-5.20654266e-04
-5.80622255e-04
-4.68341877e-04
-2.49440055e-04
-4.82032723e-06
2.18701183e-04
3.77266891e-04
4.34110179e-04
3.75506602e-04
2.33527796e-04
5.39454988e-05
-1.19282685e-04
-2.24189273e-04
-2.19937220e-04
-1.31524278e-04
-2.47061303e-05
3.09315235e-05
-2.22265372e-06
-7.46003638e-05
-9.86207039e-05
-2.86954408e-05
7.73498129e-05
1.34906527e-04
1.00579637e-04
9.84874990e-06
-5.48723778e-05
-3.96195092e-05
3.32971983e-05
8.71534748e-05
6.36688328e-05
-3.02386996e-05
-1.35912964e-04
-1.66572853e-04
-8.45796619e-05
5.04380758e-05
1.46976382e-04
1.43088872e-04
5.20305892e-05
-3.64871262e-05
-6.00046037e-06
-4.10412508e-06
-1.84838116e-06
1.95657372e-07
1.92375166e-06
3.29164417e-06
4.12140187e-06
4.25513098e-06
3.66860761e-06
2.48725123e-06
9.52477649e-07
-6.39330167e-07
-2.04553029e-06
-3.14212575e-06
-3.74551807e-06
-3.55579435e-06
-2.44652855e-06
-7.62137627e-07
7.30264038e-07
1.41501966e-06
1.36401343e-06
1.19972691e-06
1.46369270e-06
2.11336849e-06
2.18765479e-06
-2.62511040e-06
-2.16678467e-05
-3.35994652e-05
1.14487555e-05
1.10940976e-04
1.59153904e-04
5.11900863e-05
-1.57051874e-04
-3.01981078e-04
-2.54551169e-04
-4.07472848e-05
1.98649647e-04
3.25942194e-04
2.75664883e-04
8.46135672e-05
-1.22729708e-04
-1.97074306e-04
-1.08458809e-04
5.15133979e-05
1.39541470e-04
-7.17414957e-05
-3.29594607e-04
-3.37859398e-04
-8.93219850e-05
2.27803810e-04
4.91868053e-04
5.38950396e-04
2.66021486e-04
-1.51026778e-04
-4.20499839e-04
-4.06354886e-04
-2.23743226e-04
-4.43708069e-05
2.99111034e-05
-7.22036723e-06
-6.78472316e-05
-1.34781832e-05
1.42121644e-04
2.93787554e-04
3.58653177e-04
2.57861415e-04
4.55796271e-05
-1.62837286e-04
-2.76932898e-04
-2.45123320e-04
-1.15411940e-04
-1.83452772e-05
-3.05383303e-05
-8.56635859e-05
-8.23532350e-05
1.81351989e-05
1.35746088e-04
1.95764140e-04
2.06126326e-04
1.68665617e-04
7.62055378e-05
-6.45608077e-05
-2.40358212e-04
-3.64740057e-04
-3.33213354e-04
-1.20347980e-04
2.05971189e-04
4.57896403e-04
4.73225056e-04
2.46457722e-04
-7.47339066e-05
-2.95706026e-04
-3.35130293e-04
-2.40283936e-04
-1.31856869e-04
-8.71023056e-05
-4.33188863e-05
9.72929456e-05
3.06657635e-04
4.26133636e-04
3.32652631e-04
4.43695529e-05
-3.08889568e-04
-5.06218312e-04
-3.99060587e-04
-7.13642845e-05
2.18212744e-04
2.91704998e-04
2.20779479e-04
9.76153463e-05
-1.14550547e-05
-7.11145722e-05
-8.17710969e-05
-4.97671347e-05
-1.91107995e-05
-3.40126725e-05
-6.71806231e-05
-6.96910817e-05
-1.72276889e-05
7.22796878e-05
1.32102870e-04
1.03663200e-04
1.24472391e-06
-1.17801855e-04
-1.71694455e-04
-8.16135742e-05
1.32589029e-04
2.92567822e-04
-1.19041071e-06
-3.19179792e-07
-3.84290563e-07
-8.75024260e-07
-8.92083737e-07
9.66566891e-08
1.78749375e-06
3.24836141e-06
3.60971231e-06
2.65989937e-06
8.65372315e-07
-1.03917388e-06
-2.40821825e-06
-2.83266145e-06
-2.21972914e-06
-8.93246553e-07
4.86313394e-07
1.25539683e-06
1.12691223e-06
3.28384186e-07
-5.07462258e-07
-7.70671544e-07
-3.19161706e-07
4.80539594e-07
8.42157982e-07
-2.16194855e-06
-1.86711502e-05
-5.64565191e-05
-5.10321429e-05
8.76287006e-05
2.81376727e-04
2.82001570e-04
-1.61322685e-05
-4.17382253e-04
-6.06780582e-04
-4.14314738e-04
3.74858416e-05
4.60615322e-04
6.34779706e-04
5.02123017e-04
1.58915416e-04
-1.78923989e-04
-2.76024245e-04
-5.04973874e-05
1.24595548e-04
-5.83138325e-04
-1.61347975e-03
-1.25309552e-03
7.18828983e-04
2.70507139e-03
2.85234048e-03
1.05955803e-03
-1.32009220e-03
-2.69081882e-03
-2.53125045e-03
-1.23961655e-03
3.15155013e-04
1.33682225e-03
1.45099841e-03
8.66635470e-04
3.32209881e-04
1.27033678e-04
6.55914710e-05
3.81067988e-05
-6.33790315e-05
-2.94497796e-04
-4.64660437e-04
-4.60256350e-04
-3.39506328e-04
-1.08918357e-04
1.54543935e-05
4.21782395e-05
3.86864197e-05
7.03867172e-05
1.13831906e-04
1.56531540e-04
2.51450715e-04
1.83723311e-04
5.51811984e-05
-4.33275078e-05
-1.26117000e-04
1.12174289e-05
3.40543520e-04
3.44048444e-04
-1.06854023e-04
-6.31051992e-04
-7.77323652e-04
-4.48510723e-04
1.34944142e-04
5.78845999e-04
6.70994124e-04
4.07167573e-04
-1.48712188e-04
-5.32566770e-04
-3.91674997e-04
6.01844138e-05
3.08909448e-04
2.15768595e-04
-6.23763890e-05
-2.24560900e-04
-6.40934253e-05
2.32586530e-04
3.57520961e-04
2.54313028e-04
-6.86123655e-06
-3.85882073e-04
-6.36761209e-04
-5.15394451e-04
-9.36839196e-05
3.10906345e-04
4.90969175e-04
4.53744220e-04
2.55470515e-04
-3.92506365e-05
-3.22031561e-04
-3.44604094e-04
-1.01736365e-04
2.51275192e-04
4.28901774e-04
2.27523876e-04
-1.99161191e-04
-4.92211668e-04
-4.38932323e-04
-1.76825136e-04
6.68485983e-05
2.12722211e-04
2.75908759e-04
2.63724817e-04
3.27467783e-09
3.76893950e-08
1.87580973e-07
5.55011125e-07
1.07251950e-06
1.28211031e-06
4.21973112e-07
-1.93967963e-06
-5.16625681e-06
-7.51439217e-06
-6.99251626e-06
-2.62796997e-06
4.62365235e-06
1.20169866e-05
1.63163570e-05
1.54808228e-05
9.65375398e-06
9.52500029e-07
-7.65678167e-06
-1.36880433e-05
-1.60207947e-05
-1.49580762e-05
-1.16075739e-05
-7.11890063e-06
-2.85471868e-06
-9.55333418e-06
-2.93858550e-05
-1.21256947e-05
6.08593633e-05
1.30518737e-04
1.44969657e-04
6.22943940e-05
-1.11302432e-04
-2.86142621e-04
-3.31997909e-04
-1.76009949e-04
1.03308703e-04
3.40681238e-04
4.02137173e-04
2.81675157e-04
5.59424259e-05
-1.32719281e-04
-2.35954972e-04
-1.62595656e-04
-7.31227693e-05
-1.34374424e-04
-3.55311489e-04
-4.02596312e-04
-9.88961760e-05
3.94318043e-04
7.90455583e-04
8.31067441e-04
4.39617333e-04
-1.42739225e-04
-5.97333109e-04
-7.87757174e-04
-6.99720858e-04
-3.76153554e-04
1.91850259e-05
3.57452044e-04
5.57318698e-04
5.14055550e-04
2.27651518e-04
-1.28837491e-04
-2.94332995e-04
-2.07285370e-04
5.64806144e-05
2.56940282e-04
2.48292878e-04
9.68230072e-05
-8.81181417e-05
-2.32777545e-04
-2.78474150e-04
-2.38243061e-04
-1.87731281e-04
-1.16263328e-04
4.84475829e-06
1.29793544e-04
1.92443120e-04
2.23740009e-04
2.43766515e-04
2.14346577e-04
1.51020667e-04
3.20416786e-05
-1.22612783e-04
-2.40082693e-04
-2.56895482e-04
-2.02300463e-04
-1.25952657e-04
-6.04237353e-05
-1.41603733e-06
6.50438605e-05
1.28048708e-04
1.59374902e-04
1.41686730e-04
6.26587741e-05
-1.15117015e-05
-1.23455869e-06
5.13388018e-05
7.34202949e-05
3.75353092e-05
-3.28717819e-05
-1.02267999e-04
-1.61755497e-04
-1.85190936e-04
-1.34761065e-04
-3.35303196e-05
5.82145449e-05
1.15012096e-04
1.15695385e-04
7.45558663e-05
2.70145612e-05
2.20222691e-05
6.29572868e-05
1.01202832e-04
7.29608831e-05
-3.13839484e-05
-1.52322201e-04
-2.09670128e-04
-1.63976811e-04
-4.09138015e-05
9.77958622e-05
1.97040245e-04
2.14182402e-04
1.08228953e-04
-9.12342247e-05
-2.85822319e-04
-3.42622225e-04
6.88323332e-08
3.12765747e-08
-5.40509671e-08
-1.36990280e-07
-1.74380296e-07
-1.71619791e-07
-1.52831599e-07
-9.58409415e-08
6.07311564e-08
3.16811780e-07
5.53857214e-07
6.11957867e-07
4.31523935e-07
9.38297610e-08
-2.91919237e-07
-6.48156754e-07
-8.75517473e-07
-8.55581930e-07
-5.35188792e-07
-1.06118858e-08
4.88751898e-07
7.40442845e-07
7.04941776e-07
5.50808606e-07
4.27657348e-07
3.09561383e-07
7.18021931e-07
5.39736298e-06
1.22233416e-05
1.05532225e-05
-1.41547411e-05
-5.22200786e-05
-7.03451691e-05
-3.88154585e-05
3.88738597e-05
1.19850215e-04
1.49286511e-04
1.01752182e-04
-1.37204212e-06
-1.05049026e-04
-1.58027595e-04
-1.46580848e-04
-9.66613176e-05
-4.47540536e-05
-4.69055407e-05
-6.52204901e-05
1.30593135e-06
3.22847373e-04
8.77826775e-04
1.06254295e-03
3.03025997e-04
-1.18074414e-03
-2.37202280e-03
-2.22155689e-03
-5.89143821e-04
1.58166630e-03
2.97587150e-03
2.81149149e-03
1.27755972e-03
-6.53842710e-04
-1.93545198e-03
-2.09067658e-03
-1.35849886e-03
-3.98628873e-04
2.12951887e-04
3.42231778e-04
2.09766831e-04
1.32109361e-04
2.97300097e-04
6.04253968e-04
7.81940119e-04
6.68801520e-04
3.11747529e-04
-1.26338139e-04
-4.43674453e-04
-5.08995944e-04
-3.89061566e-04
-2.43548344e-04
-1.88167505e-04
-2.39908758e-04
-2.85030174e-04
-2.10869375e-04
-9.65205930e-06
2.79081952e-04
5.59572378e-04
6.85196130e-04
5.56259851e-04
1.87469545e-04
-2.55991501e-04
-5.50156485e-04
-5.65462710e-04
-3.30209547e-04
-2.02766417e-06
2.26546235e-04
2.48569837e-04
1.08900675e-04
-5.54501720e-05
-1.13112303e-04
-4.57633417e-05
6.01664701e-05
1.11048839e-04
6.34593116e-05
-4.09452440e-05
-1.07542313e-04
-8.16708414e-05
1.88419640e-05
1.10158841e-04
1.18054332e-04
4.76522431e-05
-2.69816095e-05
-4.40045247e-05
-8.45518676e-06
1.37322719e-05
-3.63990959e-05
-1.30610858e-04
-1.75611160e-04
-8.92619348e-05
1.03330291e-04
2.88875068e-04
3.20290219e-04
1.40487912e-04
-1.62114488e-04
-4.03264228e-04
-4.36805271e-04
-2.44953402e-04
7.14473483e-05
3.64644300e-04
4.89442938e-04
-4.85535206e-07
5.80678974e-07
1.53056854e-06
1.90406447e-06
1.55785168e-06
6.86243207e-07
-3.53924754e-07
-1.28414732e-06
-1.88772002e-06
-1.93186025e-06
-1.29970400e-06
-1.69716554e-07
9.63730627e-07
1.54509024e-06
1.35899730e-06
6.38570994e-07
-1.40574339e-07
-5.83657850e-07
-6.10710904e-07
-3.98867598e-07
-1.36655099e-07
8.80070017e-08
3.08438201e-07
5.86305828e-07
8.08292106e-07
7.50796987e-07
2.81181688e-07
-4.93962364e-09
3.06461669e-06
2.45965280e-06
-6.03945896e-06
-4.33600870e-06
3.64321785e-06
-8.00298881e-06
-3.19091078e-05
-2.69899861e-05
1.85132555e-05
6.07508282e-05
5.64126299e-05
1.59778729e-05
-2.61167681e-05
-2.83539348e-05
-7.10142341e-06
1.14646898e-05
2.05690515e-05
7.89364407e-06
-6.95175669e-05
-2.32203222e-04
-3.23561794e-04
-1.30191489e-04
3.50676965e-04
8.97025328e-04
1.00058836e-03
3.18833954e-04
-8.21692680e-04
-1.66056021e-03
-1.62094666e-03
-6.65629596e-04
6.07833904e-04
1.58458803e-03
1.93871387e-03
1.43514082e-03
2.92895909e-04
-7.93690488e-04
-1.32504305e-03
-1.30759500e-03
-8.84882083e-04
-3.58452473e-04
5.66674142e-05
3.18449177e-04
4.79082648e-04
5.43842485e-04
5.25144790e-04
4.15209932e-04
2.25019844e-04
5.65480467e-05
-2.56188625e-05
-1.11876778e-04
-2.36117161e-04
-3.63511339e-04
-3.99613149e-04
-2.82169213e-04
-1.05248488e-04
-1.70582329e-05
3.48644557e-05
1.02780801e-04
1.73272829e-04
2.24642752e-04
2.06116810e-04
1.16887728e-04
3.89672227e-05
2.16678993e-05
4.68817133e-05
9.13966408e-05
6.63100264e-05
-1.02908687e-04
-2.83611526e-04
-3.26927813e-04
-2.50854887e-04
-1.00728315e-04
1.04546163e-04
2.54848408e-04
2.57115092e-04
1.19335160e-04
-5.67277117e-05
-1.36413272e-04
-9.83800505e-05
9.43963778e-06
1.31435581e-04
2.01812479e-04
1.61868016e-04
3.37825612e-05
-1.04981007e-04
-2.19267967e-04
-3.05122544e-04
-2.77878268e-04
-9.19923615e-05
1.52829637e-04
3.04611641e-04
3.07843288e-04
1.70406124e-04
-1.76543737e-05
-1.31109432e-04
-1.12307054e-04
-2.71370402e-05
1.17426511e-05
-1.93057811e-05
-6.68459763e-05
1.64667133e-06
1.04061540e-06
-8.17083537e-08
-1.66565234e-06
-3.30033977e-06
-4.39907775e-06
-4.48776033e-06
-3.44418863e-06
-1.66509353e-06
1.16964167e-07
1.42181551e-06
2.29520745e-06
3.00638986e-06
3.60694530e-06
3.80099345e-06
3.15923363e-06
1.50455082e-06
-7.94597859e-07
-2.93108873e-06
-4.11839391e-06
-4.00893200e-06
-2.83222540e-06
-1.23865083e-06
7.10308378e-08
7.06006078e-07
7.35906219e-07
5.94440448e-07
7.41255237e-07
1.31944960e-06
2.36063496e-06
5.42898732e-06
9.59561029e-06
9.01742691e-06
-6.47993388e-06
-3.17777828e-05
-4.34433283e-05
-2.56407148e-05
1.88424159e-05
6.67640902e-05
8.32194968e-05
5.34647427e-05
-2.67998391e-06
-5.11693228e-05
-7.31364332e-05
-7.38814120e-05
-6.00345293e-05
-3.58692436e-05
-6.16577403e-06
3.04110867e-05
5.87658355e-05
3.14403498e-05
-9.98821142e-06
8.48629633e-06
3.18416767e-04
5.95637828e-04
3.29261643e-04
-4.39951509e-04
-1.17716578e-03
-1.26516086e-03
-5.42216533e-04
5.28522600e-04
1.29624269e-03
1.34444701e-03
8.21769442e-04
1.86852221e-04
-3.08225372e-04
-6.44520332e-04
-8.25405306e-04
-8.25285611e-04
-6.61257085e-04
-3.39836858e-04
1.07058407e-04
5.63738133e-04
8.37973401e-04
7.47194638e-04
3.51852419e-04
-7.49422807e-05
-3.35923277e-04
-3.39864870e-04
-1.81550944e-04
-3.67386149e-05
-1.31551641e-05
-6.08228212e-05
-5.98327802e-05
3.11714052e-05
1.23591241e-04
1.08438357e-04
-8.15116463e-06
-1.17798941e-04
-1.31836621e-04
-9.13672834e-05
-5.22879080e-05
4.73404707e-06
9.32139464e-05
1.87504252e-04
2.23267503e-04
1.59994480e-04
1.53038548e-05
-1.18829235e-04
-1.70745143e-04
-1.63227125e-04
-1.11925960e-04
-3.26230818e-05
3.21740610e-05
6.10054245e-05
6.70613531e-05
5.88922444e-05
2.74074325e-05
-2.52267644e-05
-7.40939361e-05
-8.11036584e-05
-5.76604923e-05
-6.46675355e-06
8.39363260e-05
2.03278305e-04
2.62173713e-04
1.79468980e-04
-4.03288143e-05
-2.51360524e-04
-3.33086693e-04
-2.60923540e-04
-8.02559289e-05
1.04844925e-04
1.81767836e-04
1.27574383e-04
9.93098691e-06
-8.76842362e-05
-8.77989311e-05
