Chile event 2010/ 2/27 Mag:8.80 FFM inverted from hr-GPS/teleseismic/static-GPS/InSAR/Tsunami
GF built reference to local 1-D model
Initial time at 6:34:9
Hypocenter at -36.29 N, -73.24 E, 26 km
Node locate at the center of each subfault
Source: Yue et al. (2014), JGR Solid Earth, doi:10.1002/2014JB011340, supplement jgrb50867-sup-0002-SlipModel.txt

< Subevent sequence >
time   time-dur   lat     lon      depth   strike    dip      rake    Mo(Nm)      slip(m)    x    y       xinc   yinc  segnum subnum parnum
110.654  30.00 -38.533  -74.513    7.856   16.000   15.562   89.000  7.349e+19    1.411 -275.914  81.508  37.85  40.84     1      1      1
107.577  30.00 -38.650  -74.078   16.201   16.000   17.153    0.000  0.000e+00    0.000 -276.560  41.802  39.18  43.81     1      2     31
106.437  30.00 -38.757  -73.607   26.000   16.000   18.752   91.420  1.016e+20    1.319 -276.737   0.000  39.36  42.90     1      3     61
107.776  30.00 -38.860  -73.150   37.753   16.000   20.231  116.661  1.660e+20    1.591 -277.078 -41.827  39.50  48.31     1      4     91
111.677  30.00 -38.966  -72.643   54.054   16.000   22.275    0.000  0.000e+00    0.000 -277.394 -85.802  40.03  44.51     1      5    121
117.940  30.00 -39.063  -72.191   72.180   16.000   25.015  101.175  1.777e+20    1.412 -277.598 -130.268  39.90  44.51     1      6    151
 96.303  30.00 -38.196  -74.454    7.856   16.000   15.225  117.362  3.960e+20    7.557 -236.954  80.913  38.76  40.12     1      7    181
 92.650  30.00 -38.300  -74.025   16.201   16.000   16.761    0.000  0.000e+00    0.000 -237.273  41.581  39.40  45.36     1      8    211
 91.329  30.00 -38.407  -73.537   26.000   16.000   18.408  119.000  1.556e+20    2.177 -237.455   0.000  39.21  39.94     1      9    241
 92.792  30.00 -38.505  -73.118   37.753   16.000   19.767   94.153  1.624e+20    1.660 -237.700 -41.288  39.44  45.36     1     10    271
 97.130  30.00 -38.606  -72.649   54.054   16.000   21.699    0.000  0.000e+00    0.000 -237.833 -84.916  39.83  46.10     1     11    301
104.165  30.00 -38.705  -72.178   72.180   16.000   24.550    0.000  0.000e+00    0.000 -237.930 -129.375  40.08  46.10     1     12    331
 82.069  30.00 -37.849  -74.405    7.856   16.000   14.833  102.796  3.909e+20    7.969 -197.747  80.166  39.29  37.05     1     13    361
 77.791  30.00 -37.945  -74.013   16.201   16.000   16.240  111.996  1.945e+20    2.513 -197.975  41.403  39.30  47.03     1     14    391
 76.234  30.00 -38.055  -73.507   26.000   16.000   17.940  108.438  4.447e+20    6.295 -198.209   0.000  39.28  39.42     1     15    421
 77.923  30.00 -38.151  -73.096   37.753   16.000   19.351  107.057  2.097e+20    2.258 -198.395 -41.060  39.29  43.22     1     16    451
 82.920  30.00 -38.248  -72.655   54.054   16.000   21.298  119.000  5.721e+19    0.452 -198.411 -84.338  39.48  45.22     1     17    481
 90.909  30.00 -38.345  -72.197   72.180   16.000   23.946    0.000  0.000e+00    0.000 -198.365 -128.524  39.90  45.22     1     18    511
 68.125  30.00 -37.499  -74.345    7.856   16.000   14.439    0.000  0.000e+00    0.000 -158.458  79.146  39.23  35.25     1     19    541
 63.035  30.00 -37.593  -73.976   16.201   16.000   15.761   95.314  3.184e+20    4.114 -158.670  41.038  39.35  46.97     1     20    571
 61.124  30.00 -37.703  -73.474   26.000   16.000   17.474  102.692  5.501e+20    7.672 -158.922   0.000  39.29  39.99     1     21    601
 63.190  30.00 -37.799  -73.057   37.753   16.000   18.862  111.141  2.178e+20    2.407 -159.093 -41.008  39.35  42.05     1     22    631
 69.198  30.00 -37.893  -72.632   54.054   16.000   20.843  119.000  4.766e+19    0.396 -159.052 -84.097  39.47  43.05     1     23    661
 78.500  30.00 -37.986  -72.204   72.180   16.000   23.341    0.000  0.000e+00    0.000 -158.911 -128.078  39.57  43.05     1     24    691
 54.702  30.00 -37.152  -74.265    7.856   16.000   14.029   89.000  2.973e+20    6.432 -119.070  77.785  39.36  34.85     1     25    721
 48.424  30.00 -37.244  -73.901   16.201   16.000   15.353  109.756  5.341e+20    6.964 -119.236  40.428  39.49  46.38     1     26    751
 45.950  30.00 -37.354  -73.408   26.000   16.000   17.071  101.648  5.133e+20    7.105 -119.470   0.000  39.61  39.96     1     27    781
 48.641  30.00 -37.449  -72.993   37.753   16.000   18.433  109.547  3.138e+20    3.557 -119.633 -41.006  39.59  40.75     1     28    811
 56.251  30.00 -37.540  -72.587   54.054   16.000   20.373   89.000  5.724e+19    0.483 -119.564 -84.230  39.61  42.23     1     29    841
 67.452  30.00 -37.631  -72.170   72.180   16.000   22.961    0.000  0.000e+00    0.000 -119.411 -128.443  39.51  42.23     1     30    871
 42.241  30.00 -36.806  -74.172    7.856   16.000   13.608  119.000  5.813e+20   12.692 -79.489  75.785  39.48  34.43     1     31    901
 34.171  30.00 -36.896  -73.815   16.201   16.000   14.933   89.000  4.563e+20    6.368 -79.574  39.513  39.61  43.19     1     32    931
 30.652  30.00 -36.999  -73.360   26.000   16.000   16.517  106.093  6.261e+20    8.445 -79.694   0.000  39.94  40.68     1     33    961
 34.564  30.00 -37.095  -72.939   37.753   16.000   17.930   99.991  4.410e+20    4.941 -79.854 -41.223  39.97  40.83     1     34    991
 44.854  30.00 -37.186  -72.533   54.054   16.000   20.098   89.000  8.809e+19    0.724 -79.818 -85.025  39.75  43.21     1     35   1021
 58.617  30.00 -37.279  -72.106   72.180   16.000   22.695   89.000  2.038e+19    0.168 -79.712 -129.897  39.61  43.21     1     36   1051
 32.080  30.00 -36.461  -74.069    7.856   16.000   13.219  119.000  3.048e+19    0.684 -39.791  73.304  39.67  33.35     1     37   1081
 21.249  30.00 -36.547  -73.725   16.201   16.000   14.490   89.000  1.259e+20    1.949 -39.815  38.302  39.72  38.82     1     38   1111
 15.323  30.00 -36.642  -73.321   26.000   16.000   15.904  119.000  5.493e+20    7.418 -39.841   0.000  39.77  40.80     1     39   1141
 22.132  30.00 -36.737  -72.900   37.753   16.000   17.339   89.000  2.673e+20    2.839 -39.907 -41.457  40.11  42.94     1     40   1171
 36.516  30.00 -36.832  -72.471   54.054   16.000   19.703    0.000  0.000e+00    0.000 -39.906 -86.149  39.93  44.56     1     41   1201
 52.980  30.00 -36.928  -72.030   72.180   16.000   22.432   89.000  2.229e+19    0.178 -39.867 -131.853  39.68  44.56     1     42   1231
 27.197  30.00 -36.120  -73.937    7.856   16.000   12.944   89.000  1.188e+20    2.775   0.000  70.713  39.81  31.92     1     43   1261
 14.151  30.00 -36.202  -73.609   16.201   16.000   14.143   89.000  1.429e+19    0.238   0.000  36.792  39.86  35.92     1     44   1291
  0.000  30.00 -36.290  -73.240   26.000   16.000   15.410   89.000  6.701e+20    9.770   0.000   0.000  39.91  37.66     1     45   1321
 15.785  30.00 -36.378  -72.856   37.753   16.000   16.813  115.857  6.946e+20    7.178   0.000 -41.040  39.84  44.42     1     46   1351
 33.335  30.00 -36.476  -72.412   54.054   16.000   19.280   89.000  5.324e+19    0.402   0.000 -86.672  39.88  46.85     1     47   1381
 51.354  30.00 -36.578  -71.946   72.180   16.000   22.211   89.000  2.004e+19    0.152   0.000 -133.521  39.81  46.85     1     48   1411
 30.939  30.00 -35.783  -73.788    7.856   16.000   12.759  119.000  1.462e+20    3.520  40.007  69.787  39.78  30.99     1     49   1441
 20.750  30.00 -35.862  -73.472   16.201   16.000   13.858    0.000  0.000e+00    0.000  40.113  36.078  40.12  36.00     1     50   1471
 15.476  30.00 -35.949  -73.103   26.000   16.000   15.117   89.000  6.901e+20   10.736  40.239   0.000  40.57  34.73     1     51   1501
 21.790  30.00 -36.030  -72.754   37.753   16.000   16.614  119.000  7.857e+20    8.279  40.187 -39.932  40.43  42.92     1     52   1531
 36.216  30.00 -36.124  -72.329   54.054   16.000   18.978   89.033  5.679e+20    4.271  40.112 -85.192  40.04  46.85     1     53   1561
 53.069  30.00 -36.226  -71.865   72.180   16.000   21.846   89.000  1.852e+20    1.402  40.034 -132.043  39.79  46.85     1     54   1591
 41.098  30.00 -35.446  -73.641    7.856   16.000   12.562   89.000  3.205e+20    7.247  80.304  70.490  40.01  32.81     1     55   1621
 33.977  30.00 -35.527  -73.305   16.201   16.000   13.694   89.000  5.138e+20    7.847  80.611  36.133  40.62  38.50     1     56   1651
 31.104  30.00 -35.619  -72.910   26.000   16.000   15.072   96.318  3.545e+20    5.618  80.869   0.000  40.69  33.99     1     57   1681
 34.526  30.00 -35.698  -72.571   37.753   16.000   16.656  119.000  7.432e+20    8.148  80.804 -39.104  40.77  40.91     1     58   1711
 44.526  30.00 -35.787  -72.171   54.054   16.000   19.076    0.000  0.000e+00    0.000  80.604 -83.098  40.45  42.02     1     59   1741
 58.242  30.00 -35.877  -71.766   72.180   16.000   21.564   92.457  3.948e+19    0.332  80.373 -128.338  39.96  42.02     1     60   1771
 53.941  30.00 -35.112  -73.476    7.856   16.000   12.438  119.000  3.807e+20    7.775 120.686  71.442  40.27  36.09     1     61   1801
 48.629  30.00 -35.200  -73.106   16.201   16.000   13.633   89.000  1.134e+21   17.212 121.116  36.292  40.38  38.97     1     62   1831
 46.684  30.00 -35.293  -72.707   26.000   16.000   15.208   99.993  8.012e+20   12.597 121.378   0.000  40.33  34.57     1     63   1861
 49.007  30.00 -35.373  -72.363   37.753   16.000   17.067  119.000  6.317e+20    7.100 121.414 -38.652  40.65  40.02     1     64   1891
 56.208  30.00 -35.461  -71.975   54.054   16.000   19.364  103.954  3.009e+19    0.262 121.231 -81.608  40.87  39.67     1     65   1921
 67.006  30.00 -35.544  -71.599   72.180   16.000   21.638  119.000  9.486e+19    0.836 120.881 -125.456  40.35  39.67     1     66   1951
 67.906  30.00 -34.782  -73.297    7.856   16.000   12.367  111.258  3.515e+20    6.950 161.058  72.335  40.71  36.87     1     67   1981
 63.666  30.00 -34.871  -72.920   16.201   16.000   13.491  119.000  1.046e+21   15.925 161.430  36.617  40.10  39.12     1     68   2011
 62.219  30.00 -34.964  -72.521   26.000   16.000   15.345  109.791  6.658e+20    9.822 161.771   0.000  40.46  36.71     1     69   2041
 64.065  30.00 -35.050  -72.154   37.753   16.000   17.343  119.000  4.895e+20    5.250 161.996 -38.762  40.90  41.69     1     70   2071
 69.632  30.00 -35.143  -71.748   54.054   16.000   19.722    0.000  0.000e+00    0.000 161.849 -81.123  40.51  38.27     1     71   2101
 78.256  30.00 -35.223  -71.391   72.180   16.000   21.907  119.000  1.631e+20    1.493 161.425 -123.855  40.29  38.27     1     72   2131
 82.483  30.00 -34.451  -73.107    7.856   16.000   12.322   89.000  7.676e+20   16.341 201.454  73.534  40.81  34.16     1     73   2161
 78.876  30.00 -34.535  -72.761   16.201   16.000   13.363   89.000  1.137e+21   15.887 201.645  37.366  40.06  42.66     1     74   2191
 77.738  30.00 -34.637  -72.325   26.000   16.000   15.441  105.143  7.651e+20   10.531 202.119   0.000  40.24  39.57     1     75   2221
 79.315  30.00 -34.732  -71.929   37.753   16.000   17.629   90.652  5.453e+20    5.969 202.489 -39.047  40.37  41.37     1     76   2251
 83.800  30.00 -34.826  -71.529   54.054   16.000   19.961    0.000  0.000e+00    0.000 202.276 -80.972  40.08  38.11     1     77   2281
 90.866  30.00 -34.907  -71.176   72.180   16.000   22.095    0.000  0.000e+00    0.000 201.748 -122.933  39.74  38.11     1     78   2311
 97.367  30.00 -34.113  -72.933    7.856   16.000   12.134  106.065  4.127e+20    9.147 241.842  74.829  40.84  32.79     1     79   2341
 94.163  30.00 -34.198  -72.605   16.201   16.000   13.232   89.000  1.595e+20    2.077 241.816  38.255  40.55  45.23     1     80   2371
 93.137  30.00 -34.308  -72.144   26.000   16.000   15.457   92.053  6.739e+20    8.841 242.155   0.000  39.83  41.94     1     81   2401
 94.495  30.00 -34.410  -71.724   37.753   16.000   17.685  117.972  5.453e+20    6.049 242.500 -39.438  39.60  41.63     1     82   2431
 98.231  30.00 -34.508  -71.324   54.054   16.000   20.035    0.000  0.000e+00    0.000 242.205 -81.032  39.45  37.59     1     83   2461
104.151  30.00 -34.589  -70.978   72.180   16.000   22.113   89.000  2.246e+19    0.215 241.567 -122.368  39.23  37.59     1     84   2491
112.374  30.00 -33.772  -72.770    7.856   16.000   11.781    0.000  0.000e+00    0.000 282.248  75.500  40.84  34.17     1     85   2521
109.482  30.00 -33.864  -72.429   16.201   16.000   13.195  119.000  2.191e+20    3.060 282.006  38.726  40.55  42.16     1     86   2551
108.457  30.00 -33.969  -72.004   26.000   16.000   15.124  118.391  2.389e+20    3.139 281.988   0.000  39.83  41.89     1     87   2581
109.610  30.00 -34.073  -71.587   37.753   16.000   17.311  117.862  2.364e+20    2.718 282.216 -39.636  39.60  40.16     1     88   2611
112.777  30.00 -34.167  -71.205   54.054   16.000   19.479    0.000  0.000e+00    0.000 281.832 -80.925  39.45  38.15     1     89   2641
117.836  30.00 -34.251  -70.855   72.180   16.000   21.574   91.067  1.170e+20    1.103 281.095 -121.864  39.23  38.15     1     90   2671
